1774589538111 312.6062183380127 0
1774589557684 238.61003804206848 1
1774589577299 199.322829246521 2
1774589596852 175.94731557369232 3
1774589616449 181.84862732887268 4
1774589635993 160.55384945869446 5
1774589655577 151.97904765605927 6
1774589675179 145.47526252269745 7
1774589694844 139.44501721858978 8
1774589714334 133.82008922100067 9
1774589733957 129.7829509973526 10
1774589753616 127.46767604351044 11
1774589773163 124.31527030467987 12
1774589792727 121.38070207834244 13
1774589812323 119.06104570627213 14
1774589831892 116.89368134737015 15
1774589851546 115.07661557197571 16
1774589871174 112.32173508405685 17
1774589890827 110.32565748691559 18
1774589910420 108.6118301153183 19
1774589930028 105.8106838464737 20
1774589949561 107.38010221719742 21
1774589969193 103.65140974521637 22
1774589988778 101.92933058738708 23
1774590008326 101.2463213801384 24
1774590027890 99.23577100038528 25
1774590047444 98.59029817581177 26
1774590067064 102.19044351577759 27
1774590086596 99.32272458076477 28
1774590106174 96.46267712116241 29
1774590125787 95.68339669704437 30
1774590145374 93.65686869621277 31
1774590164997 93.10254734754562 32
1774590184601 91.19672018289566 33
1774590204175 89.91790372133255 34
1774590223804 89.5039005279541 35
1774590243296 88.58880177140236 36
1774590262851 87.32720404863358 37
1774590282427 86.0804643034935 38
1774590302030 85.20152565836906 39
1774590321561 85.49425268173218 40
1774590341125 82.36322316527367 41
1774590360761 81.89245274662971 42
1774590380376 81.74170157313347 43
1774590399988 81.79043251276016 44
1774590419498 80.71452894806862 45
1774590439126 79.22531080245972 46
1774590458709 79.17319378256798 47
1774590478283 77.49604493379593 48
1774590497860 75.00287100672722 49
1774590517417 75.72227784991264 50
1774590537016 75.31481093168259 51
1774590556566 74.31158190965652 52
1774590576126 73.88026082515717 53
1774590595730 72.8714908361435 54
1774590615372 73.1505808532238 55
1774590634887 72.58959975838661 56
1774590654507 72.2026355266571 57
1774590674140 74.768261551857 58
1774590693737 72.93940898776054 59
1774590713378 70.09026873111725 60
1774590732974 69.20183628797531 61
1774590752587 69.58755251765251 62
1774590772136 69.10182210803032 63
1774590791787 68.0493371784687 64
1774590811379 69.18651932477951 65
1774590831021 67.28594315052032 66
1774590850567 65.93005073070526 67
1774590870158 65.19010201096535 68
1774590889713 66.28712013363838 69
1774590909287 64.88183608651161 70
1774590928891 64.81222608685493 71
1774590948476 65.42848706245422 72
1774590968025 65.8958712220192 73
1774590987558 64.0848616361618 74
1774591007143 63.07219874858856 75
1774591026687 61.72132056951523 76
1774591046274 63.33860048651695 77
1774591065933 61.29589706659317 78
1774591085566 64.79865255951881 79
1774591105102 62.81781089305878 80
1774591124708 60.01794931292534 81
1774591144348 60.57720494270325 82
1774591164022 59.94955778121948 83
1774591183646 59.2730909883976 84
1774591203203 57.89386847615242 85
1774591222867 58.442271411418915 86
1774591242468 57.50966349244118 87
