1774348349778 0.7504088446973188 0
1774348350222 0.673891337347299 1
1774348350817 0.5746402114238346 2
1774348351275 0.5156054061192733 3
1774348351729 0.44595339637088954 4
1774348352359 0.3983037339254347 5
1774348352816 0.32215179365973984 6
1774348353448 0.2429945537118035 7
1774348353920 0.21979710501644892 8
1774348354393 0.19228567398287788 9
1774348355212 0.1628179456095087 10
1774348355689 0.13377978600994955 11
1774348356128 0.11555895676196852 12
1774348356733 0.09758557843334456 13
1774348357184 0.09101688427113235 14
1774348357632 0.0803315489226166 15
1774348358254 0.06633411189908159 16
1774348358718 0.05901399962813725 17
1774348359192 0.055703766532172405 18
1774348359818 0.04649125673505871 19
1774348360287 0.043423722751480556 20
1774348360745 0.043304601904375246 21
