1774388199139 0.751910977873162 0
1774388199464 0.6831082805251896 1
1774388199996 0.6690303649785742 2
1774388200361 0.6740112603761829 3
1774388200687 0.6204920439279531 4
1774388201183 0.6011644017407677 5
1774388201554 0.582805066060493 6
1774388202041 0.5678464041831436 7
1774388202390 0.5365386150765077 8
1774388202757 0.5166377215953875 9
1774388203486 0.49671584488278747 10
1774388203844 0.4838570125406276 11
1774388204218 0.4673847202102128 12
1774388204728 0.44705893023978843 13
1774388205086 0.43341138312851935 14
1774388205433 0.42067097840436957 15
1774388205952 0.40933857508863863 16
1774388206313 0.39557340196685287 17
1774388206673 0.3859490840092508 18
1774388207198 0.3744508936745459 19
1774388207579 0.3716211863301822 20
1774388207952 0.35495373727909235 21
1774388208470 0.34881268848454616 22
1774388209058 0.33817082354805483 23
1774388209445 0.3349610670661747 24
1774388209978 0.34284285817346993 25
1774388210337 0.33786535120111283 26
1774388210702 0.3352840563044558 27
