1774353111375 0.6098901098901099 0
1774353112196 0.7137496649691771 1
1774353112985 0.740954167783436 2
1774353113783 0.757169659608684 3
1774353114551 0.7630662020905923 4
1774353115325 0.7728491021173948 5
1774353116149 0.7792816939158402 6
1774353116909 0.7812918788528544 7
1774353117703 0.7851782363977486 8
1774353118507 0.7913428035379255 9
1774353119307 0.8000536049316537 10
1774353120095 0.8003216295899223 11
1774353120912 0.8021978021978022 12
1774353121745 0.8114446529080676 13
1774353122565 0.8173411953899758 14
1774353123326 0.8271240954167783 15
1774353124109 0.8237737871884213 16
1774353124870 0.8265880461002412 17
1774353125664 0.8352988474939694 18
1774353126483 0.8366389707853122 19
1774353127265 0.8432055749128919 20
1774353128068 0.8442776735459663 21
1774353128837 0.8562047708389172 22
1774353129612 0.85566872152238 23
1774353130396 0.8647815599035111 24
1774353131250 0.8631734119538997 25
1774353132015 0.8690699544358081 26
1774353132798 0.8708121147145538 27
1774353133575 0.8824711873492361 28
1774353134354 0.89104797641383 29
