1774273632136 40.26041892170906 0
1774273633044 31.80549991130829 1
1774273633945 29.19400531053543 2
1774273634861 27.26396843791008 3
1774273635742 25.242710530757904 4
1774273636695 23.178952157497406 5
1774273637560 21.685567647218704 6
1774273638439 19.276160091161728 7
1774273639303 18.07134521007538 8
1774273640167 15.810701981186867 9
1774273641031 14.452294647693634 10
1774273641925 12.208866648375988 11
1774273642800 11.04636249691248 12
1774273643714 8.67989432066679 13
1774273644587 8.04303489997983 14
1774273645459 7.269212514162064 15
1774273646364 6.883782297372818 16
1774273647251 5.1851685382425785 17
1774273648123 4.311669304966927 18
1774273649000 4.135133631527424 19
1774273649885 3.126605561003089 20
1774273650813 2.8696231115609407 21
1774273651683 4.564903110265732 22
1774273652631 4.214768838137388 23
