1774133285547 304.2 0
1774133295574 3913.4 1
1774133305581 3850.9 2
1774133315592 3850.9 3
1774133325598 3850.9 4
1774133335606 3850.9 5
1774133345612 3850.9 6
1774133355620 3850.9 7
1774133365630 3850.9 8
1774133375637 3850.9 9
1774133385644 3850.9 10
1774133395652 3850.9 11
1774133405664 3850.9 12
1774133415673 3850.9 13
1774133425692 3850.9 14
1774133435699 3850.9 15
1774133445706 3850.9 16
1774133455713 3850.9 17
1774133465721 3850.9 18
1774133475736 3850.9 19
1774133485751 3850.9 20
1774133495765 3850.9 21
1774133505774 3850.9 22
1774133515784 3850.9 23
1774133525794 3850.9 24
1774133535801 3850.9 25
1774133545812 3850.9 26
1774133555824 3850.9 27
1774133565838 3850.9 28
1774133575845 3850.9 29
1774133585873 3850.9 30
1774133595890 3850.9 31
1774133605897 3850.9 32
1774133615915 3850.9 33
1774133625923 3850.9 34
1774133635930 3850.9 35
1774133645938 3850.9 36
1774133655946 3850.9 37
1774133665954 3850.9 38
1774133675969 3850.9 39
1774133685977 3850.9 40
1774133695990 3850.9 41
1774133705999 3850.9 42
1774133716008 3850.9 43
1774133726016 3850.9 44
1774133736031 3850.9 45
1774133746048 3850.9 46
1774133756056 3850.9 47
1774133766069 3850.9 48
1774133776087 3850.9 49
1774133786096 3850.9 50
1774133796104 3850.9 51
1774133806112 3850.9 52
1774133816127 3850.9 53
1774133826138 3850.9 54
1774133836149 3850.9 55
