1774133285547 0.0 0
1774133295574 99.0 1
1774133305581 99.0 2
1774133315592 100.0 3
1774133325598 100.0 4
1774133335606 99.0 5
1774133345612 99.0 6
1774133355620 99.0 7
1774133365630 99.0 8
1774133375637 99.0 9
1774133385644 99.0 10
1774133395652 99.0 11
1774133405664 99.0 12
1774133415673 100.0 13
1774133425692 99.0 14
1774133435699 99.0 15
1774133445706 100.0 16
1774133455713 99.0 17
1774133465721 99.0 18
1774133475736 99.0 19
1774133485751 100.0 20
1774133495765 99.0 21
1774133505774 100.0 22
1774133515784 99.0 23
1774133525794 99.0 24
1774133535801 99.0 25
1774133545812 100.0 26
1774133555824 99.0 27
1774133565838 99.0 28
1774133575845 99.0 29
1774133585873 100.0 30
1774133595890 99.0 31
1774133605897 98.0 32
1774133615915 99.0 33
1774133625923 99.0 34
1774133635930 100.0 35
1774133645938 99.0 36
1774133655946 93.0 37
1774133665954 99.0 38
1774133675969 99.0 39
1774133685977 99.0 40
1774133695990 99.0 41
1774133705999 99.0 42
1774133716008 100.0 43
1774133726016 99.0 44
1774133736031 100.0 45
1774133746048 99.0 46
1774133756056 100.0 47
1774133766069 99.0 48
1774133776087 100.0 49
1774133786096 100.0 50
1774133796104 99.0 51
1774133806112 99.0 52
1774133816127 99.0 53
1774133826138 99.0 54
1774133836149 100.0 55
