1774348381223 0.22219181830619783 0
1774348396539 0.44486249828977975 1
1774348411675 0.5305103297304693 2
1774348426913 0.5731290190176495 3
1774348442160 0.6032973046928445 4
1774348457500 0.6223833629771515 5
1774348472712 0.6337392256122588 6
1774348487990 0.6587084416472841 7
1774348503218 0.6667122725407032 8
1774348518477 0.6699958954713368 9
1774348533725 0.6821726638391025 10
1774348549069 0.6887399097003694 11
1774348564435 0.6955123819948009 12
1774348579799 0.702011219045013 13
1774348595251 0.7143932138459433 14
1774348610462 0.7102202763715967 15
1774348625686 0.7137091257353947 16
1774348640947 0.7249965795594473 17
1774348656233 0.7334792721302503 18
1774348671543 0.7355999452729511 19
1774348686971 0.7394308386920235 20
1774348702139 0.7420303735121083 21
1774348717428 0.74374059378848 22
1774348732775 0.744219455465864 23
1774348748018 0.7555069092899166 24
1774348763316 0.7501026132165823 25
1774348778724 0.7569434943220686 26
1774348793977 0.75879053222055 27
1774348809125 0.7639896018607196 28
1774348824452 0.7488028458065399 29
1774348839847 0.7614584758516897 30
1774348855248 0.7677520864687372 31
1774348870484 0.7717197975099193 32
1774348885716 0.7719250239430838 33
1774348901140 0.772882747297852 34
1774348916421 0.7773293200164181 35
1774348931686 0.7844438363661239 36
1774348946999 0.779381584348064 37
1774348962353 0.782870433711862 38
1774348977584 0.7741141058968395 39
1774348993019 0.7826652072786975 40
1774349008367 0.7794499931591189 41
1774349023528 0.7908742646052812 42
1774349038796 0.7989465043097551 43
1774349054270 0.7837597482555754 44
1774349069647 0.7957312901901765 45
1774349085005 0.7945683404022438 46
1774349100239 0.7985360514434259 47
1774349115506 0.7982624161992065 48
1774349130803 0.8046244356273088 49
1774349146040 0.8051717061157477 50
1774349161381 0.8071555616363387 51
1774349176669 0.805034888493638 52
1774349191899 0.8055821589820769 53
1774349207179 0.8066082911478999 54
1774349222416 0.8094814612122041 55
1774349237736 0.8142700779860446 56
1774349253120 0.8145437132302641 57
1774349268376 0.817074839239294 58
1774349283781 0.8159118894513613 59
