1774348381219 291.0201814174652 0
1774348396535 198.51421320438385 1
1774348411670 168.1236219406128 2
1774348426908 152.16218423843384 3
1774348442156 143.02156448364258 4
1774348457495 136.46033143997192 5
1774348472707 133.77949529886246 6
1774348487985 126.6167471408844 7
1774348503213 122.04205536842346 8
1774348518472 120.26582008600235 9
1774348533720 117.58205342292786 10
1774348549063 113.66005337238312 11
1774348564430 111.96976977586746 12
1774348579793 108.81826812028885 13
1774348595245 105.3285619020462 14
1774348610456 105.4619368314743 15
1774348625680 103.72562801837921 16
1774348640941 99.27561143040657 17
1774348656227 98.24245721101761 18
1774348671537 97.25193470716476 19
1774348686965 95.25914812088013 20
1774348702133 94.36510729789734 21
1774348717422 93.47448027133942 22
1774348732768 93.24949949979782 23
1774348748010 89.02392512559891 24
1774348763310 90.4947030544281 25
1774348778717 87.71597790718079 26
1774348793970 88.09253573417664 27
1774348809119 85.51684165000916 28
1774348824445 91.39018529653549 29
1774348839840 86.99494290351868 30
1774348855239 84.93969184160233 31
1774348870475 82.3779114484787 32
1774348885709 82.69102770090103 33
1774348901133 81.00581738352776 34
1774348916414 79.70049905776978 35
1774348931680 77.93240103125572 36
1774348946991 78.71902832388878 37
1774348962346 77.87742632627487 38
1774348977577 81.37046644091606 39
1774348993011 78.26948210597038 40
1774349008360 79.42520985007286 41
1774349023521 76.26699277758598 42
1774349038789 72.71781453490257 43
1774349054262 77.11451402306557 44
1774349069639 72.81353563070297 45
1774349084997 74.36621394753456 46
1774349100231 72.2807742357254 47
1774349115498 71.69836023449898 48
1774349130795 71.26228418946266 49
1774349146032 69.90436619520187 50
1774349161373 68.80606085062027 51
1774349176661 69.28216409683228 52
1774349191891 68.53199633955956 53
1774349207171 69.4312413930893 54
1774349222408 68.20640149712563 55
1774349237727 66.11061054468155 56
1774349253111 66.42939555644989 57
1774349268367 65.1308183670044 58
1774349283773 66.84006327390671 59
