1774806465087 1.6 0
1774806475098 13.6 1
1774806485110 13.6 2
1774806495117 14.9 3
1774806505127 14.9 4
1774806515141 14.9 5
1774806525148 14.9 6
1774806535155 14.9 7
1774806545169 14.9 8
1774806555182 16.3 9
1774806565194 16.3 10
1774806575201 16.3 11
1774806585211 16.3 12
1774806595219 16.3 13
1774806605226 16.3 14
1774806615234 16.3 15
1774806625242 16.3 16
1774806635252 16.3 17
1774806645260 16.3 18
1774806655271 16.3 19
1774806665285 16.3 20
1774806675300 16.3 21
1774806685309 16.3 22
1774806695318 17.7 23
1774806705328 17.7 24
1774806715336 17.7 25
1774806725346 17.7 26
1774806735361 17.7 27
1774806745368 17.7 28
1774806755375 17.7 29
1774806765387 17.7 30
1774806775398 17.7 31
1774806785406 17.7 32
1774806795414 17.7 33
1774806805422 17.7 34
1774806815429 17.7 35
1774806825442 17.7 36
1774806835455 17.7 37
1774806845463 17.7 38
1774806855471 17.7 39
1774806865484 17.7 40
1774806875501 17.7 41
1774806885509 17.7 42
1774806895527 17.7 43
1774806905540 17.7 44
1774806915560 17.7 45
1774806925577 17.7 46
1774806935584 17.7 47
1774806945608 17.7 48
1774806955618 17.7 49
1774806965626 17.7 50
1774806975635 17.7 51
1774806985648 17.7 52
1774806995661 17.7 53
1774807005677 17.7 54
1774807015687 17.7 55
1774807025697 17.7 56
1774807035718 17.7 57
1774807045726 17.7 58
1774807055737 17.7 59
1774807065747 17.7 60
1774807075765 17.7 61
1774807085776 17.7 62
1774807095785 17.7 63
1774807105797 17.7 64
1774807115815 17.7 65
1774807125828 17.7 66
1774807135837 17.7 67
1774807145847 17.7 68
1774807155855 17.7 69
1774807165866 17.7 70
1774807175880 17.7 71
1774807185896 17.7 72
1774807195904 17.7 73
1774807205914 17.7 74
1774807215922 17.7 75
1774807225932 17.7 76
1774807235947 17.7 77
1774807245958 17.7 78
1774807255969 17.7 79
1774807265981 17.7 80
1774807275990 17.7 81
1774807286007 17.7 82
1774807296022 17.7 83
1774807306033 17.7 84
1774807316042 17.7 85
1774807326055 17.7 86
1774807336064 17.7 87
