1774806465087 3225.6 0
1774806475098 3984.9 1
1774806485110 3824.7 2
1774806495117 3835.0 3
1774806505127 3834.1 4
1774806515141 3839.3 5
1774806525148 3833.0 6
1774806535155 3847.0 7
1774806545169 3845.2 8
1774806555182 3843.8 9
1774806565194 3846.2 10
1774806575201 3836.9 11
1774806585211 3837.1 12
1774806595219 3844.5 13
1774806605226 4028.9 14
1774806615234 3840.0 15
1774806625242 3853.1 16
1774806635252 3846.2 17
1774806645260 3841.2 18
1774806655271 3849.7 19
1774806665285 3852.5 20
1774806675300 3844.7 21
1774806685309 3850.8 22
1774806695318 3850.4 23
1774806705328 3863.0 24
1774806715336 3843.1 25
1774806725346 3845.3 26
1774806735361 3986.1 27
1774806745368 3847.2 28
1774806755375 3859.4 29
1774806765387 3856.4 30
1774806775398 3846.1 31
1774806785406 3854.8 32
1774806795414 3852.0 33
1774806805422 3854.7 34
1774806815429 3858.3 35
1774806825442 3851.3 36
1774806835455 4127.6 37
1774806845463 3855.9 38
1774806855471 3847.3 39
1774806865484 3848.9 40
1774806875501 3856.6 41
1774806885509 3842.3 42
1774806895527 3845.9 43
1774806905540 3848.3 44
1774806915560 3859.0 45
1774806925577 3849.7 46
1774806935584 3862.7 47
1774806945608 3850.3 48
1774806955618 3850.0 49
1774806965626 4125.8 50
1774806975635 3865.3 51
1774806985648 3850.1 52
1774806995661 3853.7 53
1774807005677 3851.8 54
1774807015687 3846.1 55
1774807025697 3856.5 56
1774807035718 3851.9 57
1774807045726 3851.8 58
1774807055737 3858.6 59
1774807065747 3852.7 60
1774807075765 3845.1 61
1774807085776 3851.7 62
1774807095785 4110.3 63
1774807105797 3860.9 64
1774807115815 3857.2 65
1774807125828 3868.2 66
1774807135837 3846.4 67
1774807145847 3852.4 68
1774807155855 3852.9 69
1774807165866 3852.9 70
1774807175880 3857.8 71
1774807185896 3855.2 72
1774807195904 3902.5 73
1774807205914 3847.3 74
1774807215922 3853.4 75
1774807225932 4065.5 76
1774807235947 3846.6 77
1774807245958 3851.5 78
1774807255969 3853.9 79
1774807265981 3844.3 80
1774807275990 3852.4 81
1774807286007 3869.6 82
1774807296022 3858.4 83
1774807306033 3859.0 84
1774807316042 3857.5 85
1774807326055 3851.9 86
1774807336064 3859.0 87
