1774806465087 19.3 0
1774806475098 23.9 1
1774806485110 22.9 2
1774806495117 23.0 3
1774806505127 23.0 4
1774806515141 23.0 5
1774806525148 23.0 6
1774806535155 23.1 7
1774806545169 23.1 8
1774806555182 23.0 9
1774806565194 23.1 10
1774806575201 23.0 11
1774806585211 23.0 12
1774806595219 23.0 13
1774806605226 24.2 14
1774806615234 23.0 15
1774806625242 23.1 16
1774806635252 23.1 17
1774806645260 23.0 18
1774806655271 23.1 19
1774806665285 23.1 20
1774806675300 23.0 21
1774806685309 23.1 22
1774806695318 23.1 23
1774806705328 23.2 24
1774806715336 23.0 25
1774806725346 23.1 26
1774806735361 23.9 27
1774806745368 23.1 28
1774806755375 23.1 29
1774806765387 23.1 30
1774806775398 23.1 31
1774806785406 23.1 32
1774806795414 23.1 33
1774806805422 23.1 34
1774806815429 23.1 35
1774806825442 23.1 36
1774806835455 24.7 37
1774806845463 23.1 38
1774806855471 23.1 39
1774806865484 23.1 40
1774806875501 23.1 41
1774806885509 23.0 42
1774806895527 23.1 43
1774806905540 23.1 44
1774806915560 23.1 45
1774806925577 23.1 46
1774806935584 23.2 47
1774806945608 23.1 48
1774806955618 23.1 49
1774806965626 24.7 50
1774806975635 23.2 51
1774806985648 23.1 52
1774806995661 23.1 53
1774807005677 23.1 54
1774807015687 23.1 55
1774807025697 23.1 56
1774807035718 23.1 57
1774807045726 23.1 58
1774807055737 23.1 59
1774807065747 23.1 60
1774807075765 23.1 61
1774807085776 23.1 62
1774807095785 24.6 63
1774807105797 23.1 64
1774807115815 23.1 65
1774807125828 23.2 66
1774807135837 23.1 67
1774807145847 23.1 68
1774807155855 23.1 69
1774807165866 23.1 70
1774807175880 23.1 71
1774807185896 23.1 72
1774807195904 23.4 73
1774807205914 23.1 74
1774807215922 23.1 75
1774807225932 24.4 76
1774807235947 23.1 77
1774807245958 23.1 78
1774807255969 23.1 79
1774807265981 23.0 80
1774807275990 23.1 81
1774807286007 23.2 82
1774807296022 23.1 83
1774807306033 23.1 84
1774807316042 23.1 85
1774807326055 23.1 86
1774807336064 23.1 87
