1774139609990 0.0 0
1774139620002 99.0 1
1774139630014 99.0 2
1774139640022 100.0 3
1774139650028 100.0 4
1774139660042 99.0 5
1774139670061 99.0 6
1774139680069 99.0 7
1774139690077 99.0 8
1774139700090 99.0 9
1774139710096 99.0 10
1774139720109 99.0 11
1774139730124 99.0 12
1774139740138 99.0 13
1774139750145 100.0 14
1774139760158 100.0 15
1774139770165 100.0 16
1774139780172 99.0 17
1774139790209 99.0 18
1774139800217 99.0 19
1774139810228 100.0 20
1774139820238 99.0 21
1774139830245 99.0 22
1774139840259 100.0 23
1774139850278 99.0 24
1774139860288 100.0 25
1774139870295 99.0 26
1774139880314 99.0 27
1774139890321 99.0 28
1774139900329 98.0 29
1774139910337 99.0 30
1774139920345 100.0 31
1774139930352 99.0 32
1774139940362 100.0 33
1774139950386 99.0 34
1774139960410 99.0 35
1774139970418 99.0 36
1774139980433 99.0 37
1774139990459 99.0 38
1774140000478 99.0 39
1774140010496 100.0 40
1774140020526 99.0 41
1774140030534 92.0 42
1774140040541 100.0 43
1774140050553 99.0 44
1774140060562 99.0 45
1774140070570 99.0 46
1774140080579 100.0 47
1774140090587 100.0 48
1774140100598 99.0 49
1774140110606 98.0 50
1774140120628 100.0 51
1774140130646 99.0 52
1774140140656 99.0 53
1774140150663 99.0 54
1774140160671 99.0 55
1774140170680 100.0 56
1774140180704 99.0 57
1774140190714 99.0 58
1774140200730 99.0 59
1774140210747 99.0 60
1774140220759 100.0 61
1774140230770 100.0 62
1774140240778 92.0 63
1774140250798 99.0 64
1774140260807 100.0 65
1774140270816 99.0 66
1774140280824 100.0 67
1774140290841 99.0 68
1774140300849 99.0 69
1774140310859 100.0 70
1774140320867 99.0 71
1774140330876 99.0 72
1774140340884 100.0 73
1774140350893 100.0 74
1774140360902 99.0 75
1774140370910 99.0 76
1774140380921 99.0 77
1774140390930 99.0 78
1774140400939 99.0 79
1774140410966 100.0 80
1774140420975 99.0 81
1774140430987 99.0 82
1774140441008 99.0 83
1774140451017 99.0 84
1774140461034 99.0 85
1774140471043 99.0 86
1774140481052 100.0 87
1774140491068 99.0 88
1774140501081 100.0 89
1774140511092 100.0 90
1774140521101 99.0 91
1774140531123 100.0 92
1774140541132 99.0 93
1774140551143 100.0 94
1774140561152 99.0 95
1774140571162 100.0 96
1774140581173 100.0 97
1774140591201 99.0 98
1774140601228 99.0 99
1774140611237 99.0 100
1774140621250 99.0 101
1774140631263 99.0 102
1774140641279 99.0 103
1774140651287 99.0 104
