1774139609990 27.9 0
1774139620002 89.5 1
1774139630014 63.9 2
1774139640022 61.5 3
1774139650028 57.4 4
1774139660042 62.4 5
1774139670061 131.6 6
1774139680069 91.7 7
1774139690077 83.2 8
1774139700090 54.0 9
1774139710096 59.2 10
1774139720109 67.6 11
1774139730124 74.0 12
1774139740138 115.0 13
1774139750145 57.0 14
1774139760158 75.0 15
1774139770165 61.6 16
1774139780172 85.8 17
1774139790209 72.9 18
1774139800217 64.2 19
1774139810228 56.5 20
1774139820238 67.5 21
1774139830245 74.4 22
1774139840259 72.9 23
1774139850278 92.5 24
1774139860288 58.1 25
1774139870295 66.2 26
1774139880314 77.0 27
1774139890321 67.5 28
1774139900329 78.3 29
1774139910337 93.1 30
1774139920345 66.6 31
1774139930352 67.6 32
1774139940362 101.9 33
1774139950386 121.3 34
1774139960410 70.0 35
1774139970418 67.8 36
1774139980433 87.8 37
1774139990459 67.5 38
1774140000478 51.8 39
1774140010496 64.0 40
1774140020526 101.7 41
1774140030534 77.8 42
1774140040541 64.0 43
1774140050553 68.8 44
1774140060562 56.4 45
1774140070570 52.2 46
1774140080579 52.9 47
1774140090587 59.4 48
1774140100598 71.1 49
1774140110606 59.6 50
1774140120628 69.5 51
1774140130646 68.9 52
1774140140656 63.4 53
1774140150663 64.0 54
1774140160671 61.6 55
1774140170680 54.4 56
1774140180704 117.6 57
1774140190714 51.5 58
1774140200730 56.3 59
1774140210747 68.2 60
1774140220759 57.4 61
1774140230770 69.3 62
1774140240778 86.5 63
1774140250798 52.8 64
1774140260807 71.6 65
1774140270816 72.1 66
1774140280824 70.0 67
1774140290841 76.0 68
1774140300849 73.6 69
1774140310859 72.1 70
1774140320867 53.0 71
1774140330876 61.5 72
1774140340884 66.8 73
1774140350893 54.4 74
1774140360902 70.0 75
1774140370910 48.6 76
1774140380921 57.5 77
1774140390930 81.1 78
1774140400939 60.5 79
1774140410966 112.0 80
1774140420975 61.6 81
1774140430987 50.6 82
1774140441008 62.2 83
1774140451017 78.0 84
1774140461034 104.9 85
1774140471043 79.1 86
1774140481052 64.4 87
1774140491068 55.5 88
1774140501081 84.8 89
1774140511092 65.0 90
1774140521101 104.9 91
1774140531123 73.3 92
1774140541132 68.3 93
1774140551143 65.1 94
1774140561152 52.8 95
1774140571162 59.4 96
1774140581173 64.0 97
1774140591201 85.3 98
1774140601228 97.5 99
1774140611237 62.5 100
1774140621250 72.8 101
1774140631263 53.7 102
1774140641279 72.7 103
1774140651287 66.8 104
