1774139609990 5352.0 0
1774139620002 5839.4 1
1774139630014 5846.6 2
1774139640022 5913.2 3
1774139650028 5940.3 4
1774139660042 5944.2 5
1774139670061 5990.6 6
1774139680069 5929.5 7
1774139690077 5936.1 8
1774139700090 5926.1 9
1774139710096 5948.6 10
1774139720109 5968.8 11
1774139730124 5957.0 12
1774139740138 5958.1 13
1774139750145 5959.0 14
1774139760158 5958.1 15
1774139770165 6226.3 16
1774139780172 5972.8 17
1774139790209 5973.5 18
1774139800217 5963.4 19
1774139810228 5972.9 20
1774139820238 6009.9 21
1774139830245 5985.0 22
1774139840259 5991.0 23
1774139850278 5983.7 24
1774139860288 5987.7 25
1774139870295 5932.7 26
1774139880314 5891.5 27
1774139890321 5910.6 28
1774139900329 6071.2 29
1774139910337 5967.2 30
1774139920345 5902.0 31
1774139930352 5896.6 32
1774139940362 5898.7 33
1774139950386 5928.2 34
1774139960410 5937.9 35
1774139970418 5934.9 36
1774139980433 5913.1 37
1774139990459 5913.3 38
1774140000478 5909.8 39
1774140010496 5997.2 40
1774140020526 5933.7 41
1774140030534 5980.0 42
1774140040541 5930.8 43
1774140050553 5937.0 44
1774140060562 5963.8 45
1774140070570 5989.0 46
1774140080579 5966.4 47
1774140090587 5968.1 48
1774140100598 5965.8 49
1774140110606 5948.4 50
1774140120628 5949.0 51
1774140130646 6200.5 52
1774140140656 6003.2 53
1774140150663 5919.3 54
1774140160671 5906.9 55
1774140170680 5903.0 56
1774140180704 5933.2 57
1774140190714 5930.6 58
1774140200730 5964.4 59
1774140210747 5934.4 60
1774140220759 5944.9 61
1774140230770 5922.6 62
1774140240778 5949.4 63
1774140250798 5905.9 64
1774140260807 6005.9 65
1774140270816 5903.3 66
1774140280824 5883.1 67
1774140290841 5892.7 68
1774140300849 5895.3 69
1774140310859 5896.9 70
1774140320867 5905.8 71
1774140330876 5909.7 72
1774140340884 5899.0 73
1774140350893 5891.9 74
1774140360902 6061.1 75
1774140370910 5917.6 76
1774140380921 5931.2 77
1774140390930 5932.7 78
1774140400939 6164.6 79
1774140410966 5916.3 80
1774140420975 5941.2 81
1774140430987 5910.7 82
1774140441008 5948.1 83
1774140451017 5920.4 84
1774140461034 5909.8 85
1774140471043 5901.4 86
1774140481052 5914.5 87
1774140491068 6163.4 88
1774140501081 5936.4 89
1774140511092 5930.6 90
1774140521101 5927.2 91
1774140531123 5921.4 92
1774140541132 5938.0 93
1774140551143 5944.6 94
1774140561152 5959.8 95
1774140571162 5947.2 96
1774140581173 5940.4 97
1774140591201 5985.9 98
1774140601228 5941.8 99
1774140611237 5956.7 100
1774140621250 6006.3 101
1774140631263 5923.0 102
1774140641279 5904.4 103
1774140651287 5909.5 104
