1768604428223 0.0 0
1768604438233 12.2 1
1768604448267 14.2 2
1768604458281 17.2 3
1768604468293 13.5 4
1768604478315 14.1 5
1768604488346 12.7 6
1768604498372 16.8 7
1768604508382 14.3 8
1768604518392 13.0 9
1768604528407 16.7 10
1768604538420 14.4 11
1768604548429 12.5 12
1768604558440 16.7 13
1768604568466 14.0 14
1768604578480 12.8 15
1768604588487 12.9 16
1768604598494 17.3 17
1768604608501 12.3 18
1768604618519 12.2 19
1768604628529 19.6 20
1768604638546 13.2 21
1768604648573 11.8 22
1768604658580 19.2 23
1768604668589 12.4 24
1768604678598 11.9 25
1768604688607 18.1 26
1768604698614 13.7 27
1768604708622 11.8 28
1768604718630 14.0 29
1768604728638 16.6 30
1768604738649 12.1 31
1768604748662 14.3 32
1768604758682 17.6 33
1768604768690 12.1 34
1768604778700 14.5 35
1768604788715 16.9 36
1768604798722 11.5 37
1768604808731 14.0 38
1768604818743 14.5 39
1768604828754 14.5 40
1768604838762 13.7 41
1768604848783 12.6 42
1768604858799 16.5 43
1768604868806 13.1 44
1768604878814 13.3 45
1768604888822 17.0 46
1768604898840 11.4 47
1768604908848 14.9 48
1768604918862 16.9 49
1768604928894 11.6 50
1768604938905 15.0 51
1768604948925 12.7 52
1768604958939 15.7 53
1768604968947 14.2 54
1768604978961 13.5 55
1768604988972 15.9 56
1768604998981 14.2 57
1768605008990 12.9 58
1768605019004 16.0 59
1768605029016 13.9 60
1768605039043 12.3 61
1768605049066 14.8 62
1768605059075 15.7 63
1768605069084 12.3 64
1768605079092 12.1 65
1768605089101 18.7 66
1768605099110 12.7 67
1768605109143 12.3 68
1768605119151 19.8 69
1768605129175 12.7 70
1768605139184 12.1 71
1768605149205 19.2 72
1768605159214 12.1 73
1768605169228 11.8 74
1768605179238 15.7 75
1768605189248 15.9 76
1768605199256 12.1 77
1768605209265 14.4 78
1768605219275 17.1 79
1768605229286 11.9 80
1768605239316 13.8 81
1768605249325 19.6 82
1768605259342 13.5 83
1768605269351 13.7 84
1768605279377 16.8 85
1768605289397 12.6 86
1768605299406 14.0 87
1768605309426 13.0 88
1768605319435 16.5 89
1768605329451 13.8 90
1768605339459 12.7 91
1768605349479 16.8 92
1768605359489 14.0 93
1768605369505 13.1 94
1768605379514 16.6 95
1768605389525 13.8 96
1768605399544 13.1 97
1768605409560 14.3 98
1768605419569 16.9 99
1768605429579 13.0 100
1768605439590 12.0 101
1768605449600 18.6 102
1768605459617 13.0 103
1768605469637 12.0 104
1768605479654 18.9 105
1768605489670 12.7 106
1768605499699 12.2 107
1768605509710 19.2 108
1768605519728 12.6 109
1768605529742 12.3 110
1768605539778 14.4 111
1768605549787 17.5 112
1768605559797 11.9 113
1768605569807 13.8 114
1768605579829 17.7 115
1768605589847 11.7 116
1768605599857 14.4 117
1768605609871 18.1 118
1768605619881 11.9 119
1768605629895 13.6 120
