1768604428223 86.6 0
1768604438233 86.6 1
1768604448267 86.6 2
1768604458281 86.6 3
1768604468293 86.6 4
1768604478315 86.6 5
1768604488346 86.6 6
1768604498372 86.6 7
1768604508382 86.6 8
1768604518392 86.6 9
1768604528407 86.6 10
1768604538420 86.6 11
1768604548429 86.6 12
1768604558440 86.6 13
1768604568466 86.6 14
1768604578480 86.6 15
1768604588487 86.6 16
1768604598494 86.6 17
1768604608501 86.6 18
1768604618519 86.6 19
1768604628529 86.6 20
1768604638546 86.6 21
1768604648573 86.6 22
1768604658580 86.6 23
1768604668589 86.6 24
1768604678598 86.6 25
1768604688607 86.6 26
1768604698614 86.6 27
1768604708622 86.6 28
1768604718630 86.6 29
1768604728638 86.6 30
1768604738649 86.6 31
1768604748662 86.6 32
1768604758682 86.6 33
1768604768690 86.6 34
1768604778700 86.6 35
1768604788715 86.6 36
1768604798722 86.6 37
1768604808731 86.6 38
1768604818743 86.6 39
1768604828754 86.6 40
1768604838762 86.6 41
1768604848783 86.6 42
1768604858799 86.6 43
1768604868806 86.6 44
1768604878814 86.6 45
1768604888822 86.6 46
1768604898840 86.6 47
1768604908848 86.6 48
1768604918862 86.6 49
1768604928894 86.6 50
1768604938905 86.6 51
1768604948925 86.6 52
1768604958939 86.6 53
1768604968947 86.6 54
1768604978961 86.6 55
1768604988972 86.6 56
1768604998981 86.6 57
1768605008990 86.6 58
1768605019004 86.6 59
1768605029016 86.6 60
1768605039043 86.6 61
1768605049066 86.6 62
1768605059075 86.6 63
1768605069084 86.6 64
1768605079092 86.6 65
1768605089101 86.6 66
1768605099110 86.6 67
1768605109143 86.6 68
1768605119151 86.6 69
1768605129175 86.6 70
1768605139184 86.6 71
1768605149205 86.6 72
1768605159214 86.6 73
1768605169228 86.6 74
1768605179238 86.6 75
1768605189248 86.6 76
1768605199256 86.6 77
1768605209265 86.6 78
1768605219275 86.6 79
1768605229286 86.6 80
1768605239316 86.6 81
1768605249325 86.6 82
1768605259342 86.6 83
1768605269351 86.6 84
1768605279377 86.6 85
1768605289397 86.6 86
1768605299406 86.6 87
1768605309426 86.6 88
1768605319435 86.6 89
1768605329451 86.6 90
1768605339459 86.6 91
1768605349479 86.6 92
1768605359489 86.6 93
1768605369505 86.6 94
1768605379514 86.6 95
1768605389525 86.6 96
1768605399544 86.6 97
1768605409560 86.6 98
1768605419569 86.6 99
1768605429579 86.6 100
1768605439590 86.6 101
1768605449600 86.6 102
1768605459617 86.6 103
1768605469637 86.6 104
1768605479654 86.6 105
1768605489670 86.6 106
1768605499699 86.6 107
1768605509710 86.6 108
1768605519728 86.6 109
1768605529742 86.6 110
1768605539778 86.6 111
1768605549787 86.6 112
1768605559797 86.6 113
1768605569807 86.6 114
1768605579829 86.6 115
1768605589847 86.6 116
1768605599857 86.6 117
1768605609871 86.6 118
1768605619881 86.6 119
1768605629895 86.6 120
