1768604428223 210016.9 0
1768604438233 210017.1 1
1768604448267 210017.2 2
1768604458281 210017.2 3
1768604468293 210017.2 4
1768604478315 210017.2 5
1768604488346 210017.3 6
1768604498372 210017.3 7
1768604508382 210017.3 8
1768604518392 210017.3 9
1768604528407 210017.3 10
1768604538420 210017.3 11
1768604548429 210017.4 12
1768604558440 210017.4 13
1768604568466 210017.4 14
1768604578480 210017.4 15
1768604588487 210017.5 16
1768604598494 210017.5 17
1768604608501 210017.5 18
1768604618519 210017.5 19
1768604628529 210017.5 20
1768604638546 210017.6 21
1768604648573 210017.6 22
1768604658580 210017.6 23
1768604668589 210017.6 24
1768604678598 210017.6 25
1768604688607 210017.7 26
1768604698614 210017.7 27
1768604708622 210017.7 28
1768604718630 210017.7 29
1768604728638 210017.7 30
1768604738649 210017.7 31
1768604748662 210017.8 32
1768604758682 210017.8 33
1768604768690 210017.8 34
1768604778700 210017.8 35
1768604788715 210017.8 36
1768604798722 210017.9 37
1768604808731 210017.9 38
1768604818743 210017.9 39
1768604828754 210017.9 40
1768604838762 210017.9 41
1768604848783 210018.0 42
1768604858799 210018.0 43
1768604868806 210018.0 44
1768604878814 210018.0 45
1768604888822 210018.0 46
1768604898840 210018.0 47
1768604908848 210018.1 48
1768604918862 210018.1 49
1768604928894 210018.1 50
1768604938905 210018.1 51
1768604948925 210018.1 52
1768604958939 210018.2 53
1768604968947 210018.2 54
1768604978961 210018.2 55
1768604988972 210018.2 56
1768604998981 210018.2 57
1768605008990 210018.3 58
1768605019004 210018.3 59
1768605029016 210018.3 60
1768605039043 210018.3 61
1768605049066 210018.3 62
1768605059075 210018.4 63
1768605069084 210018.4 64
1768605079092 210018.4 65
1768605089101 210018.4 66
1768605099110 210018.4 67
1768605109143 210018.5 68
1768605119151 210018.5 69
1768605129175 210018.5 70
1768605139184 210018.5 71
1768605149205 210018.6 72
1768605159214 210018.6 73
1768605169228 210018.6 74
1768605179238 210018.6 75
1768605189248 210018.6 76
1768605199256 210018.7 77
1768605209265 210018.7 78
1768605219275 210018.7 79
1768605229286 210018.7 80
1768605239316 210018.7 81
1768605249325 210018.8 82
1768605259342 210018.8 83
1768605269351 210018.8 84
1768605279377 210018.8 85
1768605289397 210018.8 86
1768605299406 210018.9 87
1768605309426 210018.9 88
1768605319435 210018.9 89
1768605329451 210018.9 90
1768605339459 210018.9 91
1768605349479 210018.9 92
1768605359489 210019.0 93
1768605369505 210019.0 94
1768605379514 210019.0 95
1768605389525 210019.0 96
1768605399544 210019.0 97
1768605409560 210019.0 98
1768605419569 210019.1 99
1768605429579 210019.1 100
1768605439590 210019.1 101
1768605449600 210019.1 102
1768605459617 210019.1 103
1768605469637 210019.2 104
1768605479654 210019.2 105
1768605489670 210019.2 106
1768605499699 210019.2 107
1768605509710 210019.2 108
1768605519728 210019.3 109
1768605529742 210019.3 110
1768605539778 210019.3 111
1768605549787 210019.3 112
1768605559797 210019.3 113
1768605569807 210019.4 114
1768605579829 210019.4 115
1768605589847 210019.4 116
1768605599857 210019.4 117
1768605609871 210019.4 118
1768605619881 210019.5 119
1768605629895 210019.5 120
