1768604428223 4.3 0
1768604438233 46.5 1
1768604448267 46.5 2
1768604458281 46.5 3
1768604468293 46.5 4
1768604478315 46.5 5
1768604488346 46.5 6
1768604498372 46.5 7
1768604508382 46.5 8
1768604518392 46.5 9
1768604528407 46.5 10
1768604538420 46.5 11
1768604548429 46.5 12
1768604558440 46.5 13
1768604568466 46.5 14
1768604578480 46.5 15
1768604588487 46.5 16
1768604598494 46.5 17
1768604608501 46.5 18
1768604618519 46.5 19
1768604628529 46.5 20
1768604638546 46.5 21
1768604648573 46.5 22
1768604658580 46.5 23
1768604668589 46.5 24
1768604678598 46.5 25
1768604688607 46.5 26
1768604698614 46.5 27
1768604708622 46.5 28
1768604718630 46.5 29
1768604728638 46.5 30
1768604738649 46.5 31
1768604748662 46.5 32
1768604758682 46.5 33
1768604768690 46.5 34
1768604778700 46.5 35
1768604788715 46.5 36
1768604798722 46.0 37
1768604808731 46.0 38
1768604818743 46.0 39
1768604828754 46.0 40
1768604838762 46.0 41
1768604848783 46.0 42
1768604858799 46.0 43
1768604868806 46.0 44
1768604878814 46.0 45
1768604888822 46.0 46
1768604898840 46.0 47
1768604908848 46.0 48
1768604918862 46.0 49
1768604928894 46.0 50
1768604938905 46.0 51
1768604948925 46.0 52
1768604958939 46.0 53
1768604968947 46.0 54
1768604978961 46.0 55
1768604988972 46.0 56
1768604998981 46.0 57
1768605008990 46.0 58
1768605019004 46.0 59
1768605029016 46.0 60
1768605039043 46.0 61
1768605049066 46.0 62
1768605059075 46.0 63
1768605069084 46.0 64
1768605079092 46.0 65
1768605089101 46.0 66
1768605099110 46.0 67
1768605109143 46.5 68
1768605119151 46.5 69
1768605129175 46.5 70
1768605139184 46.0 71
1768605149205 46.0 72
1768605159214 46.0 73
1768605169228 46.0 74
1768605179238 46.0 75
1768605189248 46.0 76
1768605199256 46.0 77
1768605209265 46.0 78
1768605219275 46.0 79
1768605229286 46.0 80
1768605239316 46.0 81
1768605249325 46.0 82
1768605259342 46.0 83
1768605269351 46.0 84
1768605279377 46.0 85
1768605289397 46.0 86
1768605299406 46.0 87
1768605309426 46.0 88
1768605319435 46.0 89
1768605329451 46.0 90
1768605339459 46.0 91
1768605349479 46.0 92
1768605359489 46.0 93
1768605369505 46.0 94
1768605379514 46.0 95
1768605389525 46.0 96
1768605399544 46.0 97
1768605409560 46.0 98
1768605419569 46.0 99
1768605429579 46.0 100
1768605439590 46.0 101
1768605449600 46.0 102
1768605459617 46.0 103
1768605469637 46.0 104
1768605479654 46.0 105
1768605489670 46.0 106
1768605499699 46.0 107
1768605509710 46.0 108
1768605519728 46.0 109
1768605529742 46.0 110
1768605539778 46.0 111
1768605549787 46.0 112
1768605559797 46.0 113
1768605569807 46.0 114
1768605579829 46.0 115
1768605589847 46.0 116
1768605599857 46.0 117
1768605609871 46.0 118
1768605619881 46.0 119
1768605629895 46.0 120
