1768604428223 0.0 0
1768604438233 0.5209090000007564 1
1768604448267 2.337040000000343 2
1768604458281 3.4218020000007527 3
1768604468293 3.932183000000805 4
1768604478315 5.7435430000005 5
1768604488346 6.628030000000763 6
1768604498372 7.3131240000002435 7
1768604508382 9.154921000000286 8
1768604518392 10.050173000000541 9
1768604528407 10.757831000000806 10
1768604538420 12.553642000000764 11
1768604548429 13.446693000000778 12
1768604558440 14.139914000000317 13
1768604568466 15.963372000000163 14
1768604578480 16.895332000000053 15
1768604588487 17.616547999999966 16
1768604598494 19.419299000000137 17
1768604608501 20.314401999999973 18
1768604618519 21.04696899999999 19
1768604628529 22.892469000000347 20
1768604638546 23.757229000000734 21
1768604648573 24.469405000000734 22
1768604658580 26.269420000000537 23
1768604668589 27.161082000000533 24
1768604678598 27.842047000000093 25
1768604688607 29.707830000000286 26
1768604698614 30.60624800000005 27
1768604708622 31.334916000000703 28
1768604718630 33.154568000000836 29
1768604728638 34.00052600000072 30
1768604738649 34.697886000000835 31
1768604748662 36.597759000000224 32
1768604758682 37.43755400000009 33
1768604768690 38.21350100000018 34
1768604778700 40.051987000000736 35
1768604788715 40.90298299999995 36
1768604798722 41.61046999999962 37
1768604808731 43.49704600000041 38
1768604818743 44.34555900000123 39
1768604828754 45.1073520000009 40
1768604838762 46.577761000000464 41
1768604848783 47.69318200000089 42
1768604858799 48.499025000000984 43
1768604868806 49.78133400000115 44
1768604878814 51.04807100000107 45
1768604888822 51.96602300000086 46
1768604898840 52.456546000001254 47
1768604908848 54.49770600000011 48
1768604918862 55.4834979999996 49
1768604928894 55.99600400000054 50
1768604938905 57.944360999999844 51
1768604948925 58.906723000000056 52
1768604958939 59.407225000000835 53
1768604968947 61.185387999999875 54
1768604978961 62.29439000000093 55
1768604988972 62.828989999999976 56
1768604998981 64.60953300000074 57
1768605008990 65.74740200000087 58
1768605019004 66.24774799999977 59
1768605029016 68.04186200000004 60
1768605039043 69.00752300000022 61
1768605049066 69.71140899999955 62
1768605059075 71.52661400000034 63
1768605069084 72.4317200000005 64
1768605079092 73.15761999999995 65
1768605089101 74.93810500000109 66
1768605099110 75.81259800000043 67
1768605109143 76.54978099999971 68
1768605119151 78.31906400000116 69
1768605129175 79.21867399999974 70
1768605139184 79.96846000000005 71
1768605149205 81.74131699999998 72
1768605159214 82.61152800000127 73
1768605169228 83.37476200000128 74
1768605179238 85.14666000000034 75
1768605189248 86.0296330000001 76
1768605199256 86.76826299999993 77
1768605209265 88.55214400000114 78
1768605219275 89.5076310000004 79
1768605229286 90.26202600000033 80
1768605239316 91.70514399999956 81
1768605249325 92.95729000000028 82
1768605259342 93.68848000000071 83
1768605269351 95.12882999999965 84
1768605279377 96.37630700000045 85
1768605289397 97.16513099999975 86
1768605299406 98.59365000000071 87
1768605309426 99.85512200000085 88
1768605319435 100.59856200000104 89
1768605329451 102.0261730000002 90
1768605339459 103.25243799999953 91
1768605349479 104.021216000001 92
1768605359489 105.45241200000055 93
1768605369505 106.69070199999987 94
1768605379514 107.43409500000053 95
1768605389525 108.8682000000008 96
1768605399544 110.09322600000087 97
1768605409560 110.84239300000081 98
1768605419569 112.28046900000118 99
1768605429579 113.52465699999993 100
1768605439590 114.25217800000064 101
1768605449600 115.70868599999994 102
1768605459617 116.89720500000112 103
1768605469637 117.62318500000038 104
1768605479654 119.1076009999997 105
1768605489670 120.3517780000002 106
1768605499699 121.046875 107
1768605509710 122.4821950000005 108
1768605519728 123.78928100000121 109
1768605529742 124.51527800000076 110
1768605539778 125.94367200000124 111
1768605549787 127.19925599999988 112
1768605559797 127.90065200000026 113
1768605569807 129.34664900000098 114
1768605579829 130.55399100000068 115
1768605589847 131.3004720000008 116
1768605599857 132.6894169999996 117
1768605609871 134.0268210000013 118
1768605619881 134.72828200000004 119
1768605629895 136.02624099999957 120
