1773972293464 2.0048293042466714 0
1773972301371 1.1549162496243706 1
1773972309327 0.8632516979698216 2
1773972317254 0.6703484286066771 3
1773972325196 0.5389640936856068 4
1773972333141 0.4502307377772971 5
1773972341034 0.3710148993159371 6
1773972348954 0.2975732365684024 7
1773972356857 0.2592504465342677 8
1773972364792 0.22485772528356754 9
1773972372797 0.20325334340166762 10
1773972380747 0.18058980396941238 11
1773972388742 0.15702577006035617 12
1773972396674 0.14401355227573998 13
1773972404608 0.14659714302765978 14
1773972412557 0.13360344121004034 15
1773972420548 0.12608780171520848 16
1773972428493 0.12188575785203938 17
1773972436417 0.11142562511828745 18
1773972444359 0.10214019593430913 19
1773972452321 0.09929897005286617 20
1773972460245 0.123050030080821 21
1773972468178 0.10996778661843641 22
1773972476139 0.10716357972039164 23
1773972484088 0.10468315725076018 24
1773972492023 0.09611433660689238 25
1773972499975 0.0855544582060284 26
