1773972293468 0.3536051443425913 0
1773972301376 0.629634696948967 1
1773972309332 0.733684498563415 2
1773972317259 0.7881379121630866 3
1773972325201 0.8326036393487481 4
1773972333146 0.8614721576139007 5
1773972341039 0.8867834177042003 6
1773972348961 0.9071008345874949 7
1773972356862 0.9203037351210835 8
1773972364797 0.9311807360788069 9
1773972372803 0.9390477493501163 10
1773972380754 0.9462990833219319 11
1773972388747 0.9540976877821864 12
1773972396680 0.957791763579149 13
1773972404614 0.9550554111369545 14
1773972412564 0.9605965248323984 15
1773972420554 0.9627171979750992 16
1773972428499 0.9644958270625257 17
1773972436423 0.9651799151730743 18
1773972444365 0.9695580790805856 19
1773972452328 0.9699685319469148 20
1773972460252 0.9618278834313859 21
1773972468184 0.966821726638391 22
1773972476146 0.9682583116705432 23
1773972484094 0.9694212614584758 24
1773972492030 0.9711314817348474 25
1773972499982 0.9740730606102066 26
