1774585219162 0.4902673545966229 0
1774585219884 0.501641651031895 1
1774585220387 0.5017589118198874 2
1774585221039 0.5037523452157598 3
1774585221527 0.5055112570356473 4
1774585222180 0.5080909943714822 5
1774585222674 0.5075046904315197 6
1774585223155 0.5205206378986866 7
1774585223842 0.5327157598499062 8
1774585224350 0.5059803001876173 9
1774585224860 0.5059803001876173 10
1774585225532 0.500703564727955 11
1774585226047 0.5008208255159474 12
1774585226551 0.5174718574108818 13
1774585227228 0.536702626641651 14
1774585227911 0.673311444652908 15
1774585228475 0.7776735459662288 16
1774585229174 0.8189493433395872 17
1774585229717 0.8448639774859287 18
1774585230249 0.8597560975609756 19
1774585230912 0.8767589118198874 20
1774585231456 0.8943480300187617 21
1774585232135 0.8978658536585366 22
1774585232653 0.9077157598499062 23
1774585233185 0.9180347091932458 24
1774585233860 0.926125703564728 25
1774585234383 0.9306988742964353 26
1774585234894 0.9350375234521576 27
1774585235576 0.9423076923076923 28
1774585236229 0.9453564727954972 29
1774585236736 0.9487570356472795 30
1774585237428 0.9522748592870544 31
1774585237946 0.9525093808630394 32
