1773969960773 0.5047025628967787 0
1773969960900 0.7876792852104397 1
1773969961017 0.8086056901011051 2
1773969961136 0.8220079943569245 3
1773969961252 0.8291794027745121 4
1773969961372 0.8341170938161298 5
1773969961490 0.8416411944509757 6
1773969961614 0.8454032447683988 7
1773969961748 0.850223371737597 8
1773969961871 0.8555137549964731 9
1773969961995 0.8596284975311544 10
1773969962121 0.861509522689866 11
1773969962245 0.8645661885727721 12
1773969962368 0.8678579826005173 13
1773969962492 0.869033623324712 14
1773969962616 0.8737361862214907 15
1773969962741 0.8746766988008464 16
1773969962866 0.8756172113802022 17
1773969962993 0.8785563131906889 18
1773969963119 0.8829061838702092 19
1773969963245 0.8844345168116624 20
1773969963374 0.8850223371737597 21
1773969963504 0.8891370797084411 22
