1774353140473 0.625 0
1774353141453 0.7265478424015009 1
1774353142361 0.7525797373358349 2
1774353143225 0.761374296435272 3
1774353144175 0.7653611632270169 4
1774353145120 0.7689962476547842 5
1774353145983 0.7810741088180112 6
1774353146905 0.7875234521575984 7
1774353147765 0.7899859287054409 8
1774353148639 0.7967870544090057 9
1774353149513 0.8000703564727955 10
1774353150397 0.8085131332082551 11
1774353151298 0.8061679174484052 12
1774353152223 0.8212945590994372 13
1774353153104 0.8159005628517824 14
1774353153979 0.8235225140712945 15
1774353154844 0.8300891181988743 16
1774353155721 0.8339587242026266 17
1774353156593 0.8269230769230769 18
1774353157464 0.8468574108818011 19
1774353158366 0.8483818011257036 20
1774353159268 0.849437148217636 21
1774353160156 0.8528377110694184 22
1774353161032 0.8645637898686679 23
1774353161911 0.8645637898686679 24
1774353162814 0.8734756097560976 25
1774353163731 0.8755863039399625 26
1774353164608 0.8813320825515948 27
1774353165480 0.8782833020637899 28
1774353166352 0.8826219512195121 29
1774353167312 0.8883677298311444 30
1774353168241 0.890126641651032 31
1774353169132 0.8923545966228893 32
1774353169996 0.900562851782364 33
1774353170862 0.900093808630394 34
1774353171739 0.9020872420262664 35
1774353172618 0.9037288930581614 36
1774353173501 0.9012664165103189 37
1774353174383 0.9086538461538461 38
