1774353140469 42.72466757893562 0
1774353141445 35.81947612762451 1
1774353142356 33.70704561471939 2
1774353143222 32.685402154922485 3
1774353144170 32.24343580007553 4
1774353145112 31.396769136190414 5
1774353145980 30.630302608013153 6
1774353146901 30.19244286417961 7
1774353147761 29.304818034172058 8
1774353148635 29.16176950931549 9
1774353149508 28.678507775068283 10
1774353150392 27.838160276412964 11
1774353151292 28.031424164772034 12
1774353152218 26.23107400536537 13
1774353153100 26.31226944923401 14
1774353153975 25.72856566309929 15
1774353154839 25.387071520090103 16
1774353155717 24.874047815799713 17
1774353156589 25.279254361987114 18
1774353157460 23.335102647542953 19
1774353158360 22.605775520205498 20
1774353159264 22.566506758332253 21
1774353160149 22.04096892476082 22
1774353161026 21.05313740670681 23
1774353161904 20.98404850065708 24
1774353162807 19.76734645664692 25
1774353163724 19.39875167608261 26
1774353164601 19.140731617808342 27
1774353165475 19.114084005355835 28
1774353166346 18.275075539946556 29
1774353167306 17.900482803583145 30
1774353168235 17.600430190563202 31
1774353169127 16.949528455734253 32
1774353169991 16.356329560279846 33
1774353170857 16.003245145082474 34
1774353171733 15.882345527410507 35
1774353172610 15.566955581307411 36
1774353173495 15.602146208286285 37
1774353174376 14.58119598031044 38
