1774574449556 3.2872283458709717 0
1774574450548 1.7994699478149414 1
1774574451542 1.6461020708084106 2
1774574452538 1.5634889602661133 3
1774574453500 1.469240665435791 4
1774574454462 1.4124139547348022 5
1774574455457 1.3554034233093262 6
1774574456419 1.3095593452453613 7
1774574457415 1.2512004375457764 8
1774574458376 1.2189208269119263 9
1774574459349 1.182539939880371 10
1774574460324 1.1463037729263306 11
1774574461299 1.108054280281067 12
1774574462276 1.0791635513305664 13
1774574463256 1.0512208938598633 14
1774574464235 1.020754098892212 15
1774574465213 0.9894494414329529 16
1774574466190 0.9683289527893066 17
1774574467167 0.9322682023048401 18
1774574468147 0.9069335460662842 19
1774574469160 0.888383686542511 20
1774574470175 0.8600145578384399 21
1774574471193 0.8365134000778198 22
1774574472220 0.8141042590141296 23
1774574473236 0.7860051989555359 24
1774574474262 0.7703704237937927 25
1774574475281 0.7504125237464905 26
1774574476299 0.7221674919128418 27
1774574477317 0.7058266401290894 28
1774574478336 0.6872263550758362 29
1774574479358 0.6653212308883667 30
1774574480382 0.6455836892127991 31
1774574481406 0.6278149485588074 32
1774574482431 0.6088517904281616 33
1774574483454 0.5908657312393188 34
1774574484478 0.568598747253418 35
1774574485504 0.5511035919189453 36
1774574486526 0.5342472791671753 37
1774574487550 0.5130370259284973 38
1774574488583 0.4956414997577667 39
1774574489611 0.47896260023117065 40
1774574490639 0.4630609452724457 41
1774574491664 0.44790834188461304 42
1774574492689 0.43025657534599304 43
1774574493682 0.4138203263282776 44
1774574494712 0.3996671140193939 45
1774574495743 0.3833152651786804 46
1774574496776 0.3727172017097473 47
1774574497776 0.3566027879714966 48
1774574498773 0.34514209628105164 49
1774574499804 0.33441951870918274 50
1774574500801 0.3199236989021301 51
1774574501834 0.30505621433258057 52
1774574502868 0.29060977697372437 53
1774574503869 0.279153048992157 54
1774574504870 0.2696811258792877 55
1774574505880 0.2582989037036896 56
1774574506881 0.2538076937198639 57
1774574507885 0.2391325682401657 58
1774574508890 0.22938117384910583 59
1774574509893 0.22105814516544342 60
1774574510897 0.21015091240406036 61
1774574511903 0.20160163938999176 62
1774574512907 0.19483429193496704 63
1774574513911 0.18769651651382446 64
1774574514916 0.1779104471206665 65
1774574515922 0.16806653141975403 66
1774574516927 0.1618998944759369 67
