1774206133499 0.0 0
1774206143512 19.9 1
1774206153524 12.1 2
1774206163535 12.8 3
1774206173548 15.4 4
1774206183556 15.9 5
1774206193571 12.6 6
1774206203587 14.5 7
1774206213598 16.8 8
1774206223614 12.1 9
1774206233622 15.3 10
1774206243630 16.7 11
1774206253639 12.1 12
1774206263648 14.4 13
1774206273656 15.2 14
1774206283664 13.1 15
1774206293679 13.9 16
1774206303695 12.9 17
1774206313704 16.6 18
1774206323715 14.5 19
1774206333722 13.0 20
1774206343733 16.3 21
1774206353744 14.0 22
1774206363779 13.2 23
