1774199041054 0.6083938150836226 0
1774199041288 0.7090564846954875 1
1774199041481 0.7339854843799306 2
1774199041669 0.7595455979804354 3
1774199041858 0.7791101293783528 4
1774199042049 0.8059324708109814 5
1774199042237 0.8251814452508678 6
1774199042440 0.8482171031871253 7
1774199042634 0.8699905332912591 8
1774199042823 0.8845061533606816 9
1774199043016 0.9103818239192174 10
1774199043215 0.9233196591984854 11
1774199043410 0.933101924897444 12
1774199043603 0.9532975702114231 13
1774199043802 0.9460397601767119 14
1774199043997 0.9561375828337015 15
1774199044191 0.9690754181129694 16
1774199044383 0.9596087093720417 17
1774199044579 0.9766487851057116 18
1774199044773 0.9706532029031241 19
1774199044963 0.9731776585673714 20
1774199045160 0.9839065951404229 21
