1774143404156 0.07230811328499111 0
1774143406325 0.12847174716103435 1
1774143408669 0.23471063072923792 2
1774143410774 0.37248597619373375 3
1774143412908 0.4651115063620194 4
1774143415242 0.5390614311123273 5
1774143417596 0.601039813928034 6
1774143419742 0.6643863729648378 7
1774143422146 0.7054316595977562 8
1774143424365 0.7477083048296621 9
1774143426537 0.7756190997400465 10
1774143428892 0.800998768641401 11
1774143431081 0.8248734436995485 12
1774143433453 0.8485428923245314 13
1774143435800 0.8656450950882474 14
1774143437941 0.8791900396771104 15
1774143440099 0.8977288274729786 16
1774143442477 0.9054590231221782 17
1774143444635 0.9157203447804078 18
1774143446778 0.923108496374333 19
1774143448988 0.9296757422355999 20
1774143451505 0.9360377616637023 21
1774143453721 0.9400054727048844 22
1774143456080 0.9460254480777124 23
1774143458257 0.952250649883705 24
1774143460406 0.9557394992475031 25
1774143462549 0.9600492543439595 26
1774143464985 0.9627171979750992 27
1774143467328 0.9661376385278424 28
1774143469490 0.9680530852373785 29
1774143471833 0.9707894376795732 30
1774143473983 0.9705842112464086 31
1774143476170 0.9719523874675058 32
1774143478539 0.9740730606102066 33
1774143480710 0.9756464632644685 34
1774143482905 0.9762621425639623 35
1774143485424 0.9762621425639623 36
1774143487596 0.9788616773840471 37
1774143489746 0.9797509919277603 38
1774143492106 0.9837871117799972 39
1774143494311 0.9799562183609248 40
1774143496482 0.9812559857709673 41
1774143498872 0.9846080175126556 42
1774143501202 0.98495006156793 43
1774143503378 0.9847448351347654 44
1774143505742 0.9831030236694486 45
1774143507941 0.9867286906553564 46
1774143510106 0.9859761937337529 47
1774143512511 0.9867970994664113 48
1774143514695 0.9873443699548502 49
1774143517022 0.9865918730332467 50
1774143519379 0.9885073197427828 51
