1767570555507 3.2530386447906494 0
1767570559512 1.8342326879501343 1
1767570563474 1.67653489112854 2
1767570567480 1.585374116897583 3
1767570571523 1.5260275602340698 4
1767570575497 1.4650640487670898 5
1767570579713 1.4170969724655151 6
1767570583727 1.3687878847122192 7
1767570587752 1.3277266025543213 8
1767570591796 1.2870415449142456 9
1767570595854 1.2528645992279053 10
1767570599870 1.2241473197937012 11
1767570603916 1.2022604942321777 12
1767570607928 1.167158842086792 13
1767570611961 1.1372579336166382 14
1767570615965 1.1205886602401733 15
1767570620005 1.0957467555999756 16
1767570624030 1.0691641569137573 17
1767570628014 1.0442370176315308 18
1767570632052 1.0236692428588867 19
1767570636076 1.001246452331543 20
1767570640091 0.9784904718399048 21
1767570644073 0.9550549983978271 22
1767570648202 0.9381482601165771 23
1767570652209 0.9218143224716187 24
1767570656304 0.8950560092926025 25
1767570660326 0.8811146020889282 26
1767570664425 0.8619675040245056 27
1767570668480 0.8462012410163879 28
1767570672481 0.8201386332511902 29
1767570676493 0.8054409027099609 30
1767570680576 0.7844895124435425 31
1767570684588 0.7715259194374084 32
1767570688668 0.7539089322090149 33
1767570692739 0.7401881217956543 34
1767570696753 0.7188718318939209 35
1767570700744 0.7071030735969543 36
1767570704769 0.6894258260726929 37
1767570708822 0.674143373966217 38
1767570712861 0.655327558517456 39
1767570716936 0.6410828232765198 40
1767570720980 0.6279959678649902 41
1767570725073 0.6071260571479797 42
1767570729091 0.5929007530212402 43
1767570733188 0.5784926414489746 44
1767570737298 0.5689740180969238 45
1767570741311 0.5530718564987183 46
1767570745342 0.5401282906532288 47
1767570749449 0.5235263109207153 48
1767570753497 0.5088813900947571 49
1767570757544 0.49992331862449646 50
1767570761567 0.48320770263671875 51
1767570765642 0.46997523307800293 52
1767570769735 0.4582969546318054 53
1767570773804 0.44507062435150146 54
1767570777974 0.43533897399902344 55
1767570782027 0.4191010296344757 56
1767570786094 0.4088737666606903 57
1767570790133 0.4024357199668884 58
1767570794196 0.38615676760673523 59
1767570798265 0.37859436869621277 60
1767570802313 0.3658708333969116 61
1767570806375 0.35068702697753906 62
1767570810477 0.34265461564064026 63
1767570814542 0.3316464424133301 64
1767570818557 0.3246435225009918 65
1767570822570 0.3135553002357483 66
1767570826575 0.3051457405090332 67
1767570830641 0.29708221554756165 68
1767570834653 0.29136088490486145 69
1767570838688 0.27575865387916565 70
1767570842776 0.268624871969223 71
1767570846908 0.2662433981895447 72
1767570850985 0.2567378282546997 73
