1774144417866 0.05212751402380627 0
1774144418857 0.7063209741414694 1
1774144419858 0.7418251470789438 2
1774144420857 0.7546175947462033 3
1774144421860 0.7780134081269667 4
1774144422829 0.7816390751128746 5
1774144423799 0.7825283896565878 6
1774144424768 0.786427691886715 7
1774144425743 0.7903954029278971 8
1774144426717 0.7900533588726228 9
1774144427701 0.7942262963469695 10
1774144428689 0.8031878505951566 11
1774144429676 0.8019564919961691 12
1774144430662 0.8041455739499247 13
1774144431654 0.805034888493638 14
1774144432640 0.8097550964564236 15
1774144433660 0.8191955123819948 16
1774144434680 0.8209057326583664 17
1774144435702 0.827130934464359 18
1774144436724 0.8273361608975236 19
1774144437750 0.8318511424271446 20
1774144438784 0.8310986455055411 21
1774144439814 0.834655903680394 22
1774144440843 0.8402654261868928 23
1774144441870 0.8443015460391299 24
1774144442900 0.8464222191818306 25
1774144443930 0.8484744835134765 26
1774144444960 0.8513476535777809 27
1774144445992 0.8549733205636886 28
1774144447029 0.8581885346832672 29
1774144448064 0.8614721576139007 30
1774144449093 0.864824189355589 31
1774144450124 0.8672184977425093 32
1774144451154 0.8701600766178684 33
1774144452189 0.8720071145163497 34
1774144453222 0.8763168696128061 35
1774144454256 0.8781639075112875 36
1774144455291 0.879874127787659 37
1774144456326 0.880421398276098 38
1774144457360 0.8839786564509509 39
1774144458398 0.8882200027363525 40
1774144459403 0.8936242988096866 41
1774144460441 0.895950198385552 42
1774144461484 0.8975920098508688 43
1774144462532 0.9000547270488439 44
1774144463537 0.9045697085784649 45
1774144464539 0.9092899165412505 46
1774144465569 0.9094951429744151 47
1774144466602 0.9127103570939937 48
1774144467638 0.9138733068819264 49
1774144468642 0.9159939800246272 50
1774144469678 0.919619647010535 51
1774144470716 0.9259132576275825 52
1774144471753 0.9254343959501984 53
1774144472789 0.9291968805582159 54
1774144473827 0.9302914215350937 55
1774144474832 0.9330961827883432 56
1774144475838 0.9357641264194828 57
1774144476853 0.9371323026405801 58
1774144477859 0.9380900259953482 59
1774144478867 0.9454781775892735 60
1774144479914 0.943699548501847 61
1774144480965 0.9470515802435354 62
1774144481973 0.9497195238746751 63
1774144482980 0.9530031468053085 64
1774144483989 0.952797920372144 65
1774144484999 0.953755643726912 66
1774144486007 0.9568340402243809 67
1774144487019 0.9573813107128198 68
1774144488031 0.9605965248323984 69
1774144489044 0.9608701600766179 70
1774144490060 0.9640853741961964 71
1774144491073 0.9655219592283486 72
1774144492088 0.9649062799288548 73
1774144493101 0.9672321795047202 74
1774144494118 0.9682583116705432 75
1774144495133 0.9691476262142564 76
