1774701706044 0.0619099740046518 0
1774701722296 0.10145026679436311 1
1774701738535 0.18942399781091804 2
1774701754778 0.27137775345464493 3
1774701771042 0.3378027089889178 4
1774701787432 0.393487481187577 5
1774701803841 0.4292652893692708 6
1774701820138 0.4553290463811739 7
1774701836581 0.49240662197291013 8
1774701853087 0.523601039813928 9
1774701869594 0.5458339034067587 10
1774701885871 0.5712819811191682 11
1774701902247 0.5991927760295526 12
1774701918738 0.6149952113832262 13
1774701935251 0.6483103023669449 14
1774701951515 0.6691065809276234 15
1774701967831 0.6782733616089752 16
1774701984349 0.7036530305103297 17
1774702000777 0.7131618552469559 18
1774702017056 0.7435353673553153 19
1774702033454 0.7477083048296621 20
1774702049807 0.7735668354084007 21
1774702066432 0.7895744971952388 22
1774702082776 0.8057189766041866 23
1774702099138 0.8225475441236831 24
1774702115612 0.8236420851005609 25
1774702132080 0.8358188534683267 26
1774702148406 0.8525106033657135 27
1774702164948 0.8596935285264742 28
1774702181368 0.8659187303324668 29
1774702197730 0.869818032562594 30
1774702214067 0.8620878369133944 31
1774702230449 0.8946504309755097 32
1774702246902 0.9056642495553427 33
1774702263421 0.8933506635654672 34
1774702279907 0.9091530989191408 35
1774702296471 0.9226980435080039 36
1774702312897 0.9243398549733206 37
1774702329324 0.9315911889451362 38
1774702345755 0.9389793405390614 39
1774702362171 0.948214530031468 40
1774702378594 0.9440415925571214 41
1774702395051 0.9512929265289369 42
1774702411601 0.9538240525379669 43
1774702428101 0.9612122041318922 44
1774702444338 0.9528663291831988 45
1774702460756 0.9599808455329046 46
