1773956612324 3.2758193016052246 0
1773956613293 2.2079906463623047 1
1773956614234 2.0468974113464355 2
1773956615181 1.850650429725647 3
1773956616123 1.6737194061279297 4
1773956617063 1.5869672298431396 5
1773956618006 1.4799259901046753 6
1773956618949 1.3924671411514282 7
1773956619891 1.3456625938415527 8
1773956620836 1.272221326828003 9
1773956621791 1.2116247415542603 10
1773956622746 1.1596285104751587 11
1773956623704 1.1163678169250488 12
1773956624663 1.0807641744613647 13
1773956625618 1.0273481607437134 14
1773956626576 0.9955518841743469 15
