1774707372101 0.0 0
1774707382113 92.0 1
1774707392123 94.0 2
1774707402136 91.0 3
1774707412143 94.0 4
1774707422150 90.0 5
1774707432157 92.0 6
1774707442164 94.0 7
1774707452171 93.0 8
1774707462184 95.0 9
1774707472191 94.0 10
1774707482198 94.0 11
1774707492205 91.0 12
1774707502222 94.0 13
1774707512229 92.0 14
1774707522236 92.0 15
1774707532244 93.0 16
1774707542252 94.0 17
1774707552260 90.0 18
1774707562268 92.0 19
1774707572277 73.0 20
1774707582285 94.0 21
1774707592297 91.0 22
1774707602307 94.0 23
1774707612316 93.0 24
1774707622324 90.0 25
1774707632331 94.0 26
1774707642339 93.0 27
1774707652351 93.0 28
1774707662365 94.0 29
1774707672373 93.0 30
1774707682381 94.0 31
1774707692389 94.0 32
1774707702398 93.0 33
1774707712406 94.0 34
1774707722414 94.0 35
1774707732422 92.0 36
1774707742437 93.0 37
1774707752446 91.0 38
1774707762457 92.0 39
1774707772466 94.0 40
1774707782476 93.0 41
1774707792489 92.0 42
1774707802499 93.0 43
1774707812509 93.0 44
1774707822518 92.0 45
1774707832530 95.0 46
1774707842543 93.0 47
1774707852553 94.0 48
1774707862562 83.0 49
1774707872574 93.0 50
1774707882587 90.0 51
1774707892598 94.0 52
1774707902606 94.0 53
1774707912614 94.0 54
1774707922624 91.0 55
1774707932634 89.0 56
1774707942642 94.0 57
1774707952651 94.0 58
1774707962663 94.0 59
1774707972672 90.0 60
1774707982681 91.0 61
1774707992694 92.0 62
1774708002702 90.0 63
1774708012716 94.0 64
1774708022727 91.0 65
1774708032736 91.0 66
1774708042746 94.0 67
1774708052756 94.0 68
1774708062766 94.0 69
1774708072774 94.0 70
1774708082783 90.0 71
1774708092793 91.0 72
1774708102802 93.0 73
1774708112815 92.0 74
1774708122824 61.0 75
1774708132834 91.0 76
1774708142842 91.0 77
1774708152851 90.0 78
1774708162860 91.0 79
1774708172869 92.0 80
1774708182878 93.0 81
1774708192892 95.0 82
1774708202901 91.0 83
1774708212910 93.0 84
1774708222923 94.0 85
1774708232932 94.0 86
1774708242941 94.0 87
1774708252952 94.0 88
1774708262962 94.0 89
1774708272978 94.0 90
1774708282987 90.0 91
1774708293000 92.0 92
1774708303010 92.0 93
1774708313019 94.0 94
1774708323029 94.0 95
1774708333046 94.0 96
1774708343056 94.0 97
1774708353069 95.0 98
1774708363080 90.0 99
1774708373096 93.0 100
