1774707372101 33.3 0
1774707382113 69.4 1
1774707392123 74.4 2
1774707402136 72.1 3
1774707412143 79.4 4
1774707422150 75.0 5
1774707432157 80.8 6
1774707442164 76.4 7
1774707452171 78.7 8
1774707462184 78.0 9
1774707472191 76.9 10
1774707482198 78.2 11
1774707492205 70.3 12
1774707502222 89.3 13
1774707512229 84.5 14
1774707522236 82.3 15
1774707532244 75.7 16
1774707542252 107.4 17
1774707552260 76.2 18
1774707562268 91.7 19
1774707572277 92.5 20
1774707582285 80.2 21
1774707592297 80.9 22
1774707602307 76.8 23
1774707612316 66.3 24
1774707622324 76.7 25
1774707632331 77.4 26
1774707642339 76.6 27
1774707652351 84.9 28
1774707662365 85.5 29
1774707672373 77.4 30
1774707682381 77.9 31
1774707692389 76.7 32
1774707702398 60.8 33
1774707712406 79.2 34
1774707722414 77.7 35
1774707732422 80.1 36
1774707742437 76.7 37
1774707752446 76.7 38
1774707762457 75.6 39
1774707772466 79.2 40
1774707782476 89.5 41
1774707792489 62.9 42
1774707802499 90.3 43
1774707812509 91.1 44
1774707822518 64.8 45
1774707832530 97.2 46
1774707842543 80.0 47
1774707852553 83.9 48
1774707862562 84.3 49
1774707872574 66.7 50
1774707882587 90.7 51
1774707892598 75.9 52
1774707902606 80.0 53
1774707912614 77.2 54
1774707922624 83.3 55
1774707932634 77.6 56
1774707942642 78.4 57
1774707952651 77.1 58
1774707962663 81.7 59
1774707972672 78.9 60
1774707982681 87.9 61
1774707992694 72.5 62
1774708002702 80.2 63
1774708012716 76.6 64
1774708022727 79.2 65
1774708032736 89.4 66
1774708042746 79.1 67
1774708052756 77.2 68
1774708062766 76.7 69
1774708072774 78.6 70
1774708082783 81.1 71
1774708092793 75.8 72
1774708102802 77.6 73
1774708112815 76.9 74
1774708122824 76.0 75
1774708132834 93.9 76
1774708142842 86.0 77
1774708152851 86.3 78
1774708162860 76.7 79
1774708172869 78.9 80
1774708182878 79.8 81
1774708192892 80.0 82
1774708202901 78.2 83
1774708212910 74.7 84
1774708222923 71.2 85
1774708232932 88.1 86
1774708242941 79.4 87
1774708252952 78.1 88
1774708262962 79.6 89
1774708272978 76.8 90
1774708282987 72.0 91
1774708293000 79.6 92
1774708303010 98.4 93
1774708313019 80.1 94
1774708323029 86.9 95
1774708333046 89.5 96
1774708343056 82.0 97
1774708353069 99.4 98
1774708363080 79.1 99
1774708373096 77.2 100
