1774363581845 0.0 0
1774363591858 11.9 1
1774363601873 14.3 2
1774363611879 16.8 3
1774363621886 12.1 4
1774363631893 13.1 5
1774363641900 17.9 6
1774363651907 12.2 7
1774363661913 12.5 8
1774363671920 13.0 9
1774363681926 17.2 10
1774363691933 12.8 11
1774363701940 12.6 12
1774363711950 16.3 13
1774363721957 13.1 14
1774363731966 12.9 15
1774363741974 16.1 16
1774363751981 12.9 17
1774363761990 13.2 18
1774363771998 14.3 19
1774363782005 13.0 20
1774363792014 14.6 21
1774363802021 11.6 22
1774363812034 16.3 23
1774363822042 14.5 24
1774363832052 11.7 25
1774363842074 16.7 26
1774363852082 14.0 27
1774363862090 11.4 28
1774363872098 16.0 29
1774363882106 14.6 30
1774363892114 11.6 31
1774363902124 13.1 32
1774363912133 18.9 33
1774363922148 17.0 34
1774363932161 13.3 35
1774363942170 19.0 36
1774363952178 11.7 37
1774363962189 12.0 38
1774363972197 18.5 39
1774363982208 11.1 40
1774363992218 12.3 41
1774364002226 17.0 42
1774364012236 12.9 43
1774364022254 12.3 44
1774364032262 12.8 45
1774364042273 17.7 46
1774364052282 12.0 47
1774364062290 12.7 48
1774364072306 17.8 49
1774364082320 11.2 50
1774364092331 13.3 51
1774364102340 17.4 52
1774364112348 11.6 53
1774364122363 13.2 54
1774364132379 15.3 55
1774364142387 13.4 56
1774364152395 12.0 57
1774364162404 14.1 58
1774364172417 16.1 59
1774364182426 11.8 60
1774364192441 13.9 61
1774364202450 16.0 62
1774364212461 11.7 63
1774364222471 14.1 64
1774364232480 16.5 65
1774364242492 11.7 66
1774364252501 14.4 67
1774364262516 11.9 68
1774364272525 15.8 69
1774364282533 13.7 70
1774364292549 11.7 71
