1774363581845 0.0 0
1774363591858 93.0 1
1774363601873 93.0 2
1774363611879 94.0 3
1774363621886 90.0 4
1774363631893 93.0 5
1774363641900 93.0 6
1774363651907 93.0 7
1774363661913 94.0 8
1774363671920 91.0 9
1774363681926 92.0 10
1774363691933 93.0 11
1774363701940 94.0 12
1774363711950 90.0 13
1774363721957 91.0 14
1774363731966 93.0 15
1774363741974 94.0 16
1774363751981 92.0 17
1774363761990 94.0 18
1774363771998 91.0 19
1774363782005 83.0 20
1774363792014 92.0 21
1774363802021 93.0 22
1774363812034 94.0 23
1774363822042 94.0 24
1774363832052 93.0 25
1774363842074 90.0 26
1774363852082 91.0 27
1774363862090 89.0 28
1774363872098 94.0 29
1774363882106 94.0 30
1774363892114 92.0 31
1774363902124 94.0 32
1774363912133 90.0 33
1774363922148 94.0 34
1774363932161 92.0 35
1774363942170 91.0 36
1774363952178 89.0 37
1774363962189 93.0 38
1774363972197 91.0 39
1774363982208 93.0 40
1774363992218 94.0 41
1774364002226 94.0 42
1774364012236 95.0 43
1774364022254 90.0 44
1774364032262 94.0 45
1774364042273 71.0 46
1774364052282 92.0 47
1774364062290 94.0 48
1774364072306 92.0 49
1774364082320 90.0 50
1774364092331 94.0 51
1774364102340 93.0 52
1774364112348 92.0 53
1774364122363 91.0 54
1774364132379 94.0 55
1774364142387 90.0 56
1774364152395 89.0 57
1774364162404 94.0 58
1774364172417 94.0 59
1774364182426 93.0 60
1774364192441 90.0 61
1774364202450 94.0 62
1774364212461 94.0 63
1774364222471 94.0 64
1774364232480 94.0 65
1774364242492 94.0 66
1774364252501 93.0 67
1774364262516 89.0 68
1774364272525 91.0 69
1774364282533 91.0 70
1774364292549 93.0 71
