1774363581845 33.6 0
1774363591858 81.3 1
1774363601873 84.1 2
1774363611879 81.1 3
1774363621886 81.6 4
1774363631893 81.2 5
1774363641900 87.9 6
1774363651907 79.5 7
1774363661913 86.3 8
1774363671920 80.8 9
1774363681926 82.3 10
1774363691933 74.6 11
1774363701940 79.8 12
1774363711950 79.1 13
1774363721957 85.5 14
1774363731966 89.5 15
1774363741974 77.8 16
1774363751981 75.7 17
1774363761990 76.9 18
1774363771998 73.5 19
1774363782005 85.0 20
1774363792014 90.4 21
1774363802021 79.5 22
1774363812034 77.2 23
1774363822042 83.2 24
1774363832052 79.5 25
1774363842074 89.1 26
1774363852082 74.4 27
1774363862090 75.4 28
1774363872098 72.5 29
1774363882106 76.3 30
1774363892114 71.7 31
1774363902124 76.3 32
1774363912133 88.4 33
1774363922148 76.3 34
1774363932161 92.8 35
1774363942170 76.6 36
1774363952178 81.3 37
1774363962189 80.5 38
1774363972197 79.4 39
1774363982208 82.4 40
1774363992218 81.3 41
1774364002226 88.4 42
1774364012236 75.8 43
1774364022254 78.5 44
1774364032262 76.4 45
1774364042273 91.4 46
1774364052282 77.4 47
1774364062290 80.6 48
1774364072306 80.2 49
1774364082320 85.7 50
1774364092331 79.9 51
1774364102340 93.4 52
1774364112348 79.2 53
1774364122363 74.2 54
1774364132379 80.7 55
1774364142387 81.2 56
1774364152395 90.4 57
1774364162404 104.2 58
1774364172417 71.0 59
1774364182426 86.8 60
1774364192441 80.2 61
1774364202450 76.3 62
1774364212461 79.8 63
1774364222471 88.2 64
1774364232480 82.9 65
1774364242492 89.0 66
1774364252501 90.0 67
1774364262516 80.0 68
1774364272525 83.5 69
1774364282533 80.0 70
1774364292549 79.5 71
