1774363581845 2.5 0
1774363591858 12.0 1
1774363601873 14.4 2
1774363611879 14.4 3
1774363621886 15.7 4
1774363631893 15.7 5
1774363641900 18.2 6
1774363651907 18.2 7
1774363661913 18.2 8
1774363671920 18.2 9
1774363681926 18.2 10
1774363691933 18.2 11
1774363701940 18.2 12
1774363711950 18.2 13
1774363721957 18.2 14
1774363731966 18.2 15
1774363741974 18.2 16
1774363751981 18.2 17
1774363761990 18.2 18
1774363771998 18.2 19
1774363782005 18.2 20
1774363792014 18.2 21
1774363802021 18.2 22
1774363812034 18.2 23
1774363822042 18.2 24
1774363832052 18.2 25
1774363842074 18.2 26
1774363852082 18.2 27
1774363862090 18.2 28
1774363872098 18.2 29
1774363882106 18.2 30
1774363892114 18.2 31
1774363902124 18.2 32
1774363912133 18.2 33
1774363922148 18.2 34
1774363932161 18.2 35
1774363942170 18.2 36
1774363952178 18.2 37
1774363962189 19.6 38
1774363972197 19.6 39
1774363982208 19.6 40
1774363992218 19.6 41
1774364002226 19.6 42
1774364012236 19.6 43
1774364022254 19.6 44
1774364032262 19.6 45
1774364042273 19.6 46
1774364052282 19.6 47
1774364062290 19.6 48
1774364072306 19.6 49
1774364082320 19.6 50
1774364092331 19.6 51
1774364102340 19.6 52
1774364112348 19.6 53
1774364122363 19.6 54
1774364132379 19.6 55
1774364142387 19.6 56
1774364152395 19.6 57
1774364162404 19.6 58
1774364172417 19.6 59
1774364182426 19.6 60
1774364192441 19.6 61
1774364202450 19.6 62
1774364212461 19.6 63
1774364222471 19.6 64
1774364232480 19.6 65
1774364242492 19.6 66
1774364252501 19.6 67
1774364262516 19.6 68
1774364272525 19.6 69
1774364282533 19.6 70
1774364292549 20.9 71
