1774363581845 5936.2 0
1774363591858 6457.2 1
1774363601873 6533.3 2
1774363611879 6534.1 3
1774363621886 6471.1 4
1774363631893 6549.4 5
1774363641900 6621.8 6
1774363651907 6504.8 7
1774363661913 6491.5 8
1774363671920 6515.8 9
1774363681926 6475.1 10
1774363691933 6483.4 11
1774363701940 6479.2 12
1774363711950 6497.9 13
1774363721957 6488.6 14
1774363731966 6499.4 15
1774363741974 6475.5 16
1774363751981 6476.3 17
1774363761990 6478.9 18
1774363771998 6728.8 19
1774363782005 6487.5 20
1774363792014 6490.7 21
1774363802021 6502.2 22
1774363812034 6507.6 23
1774363822042 6514.3 24
1774363832052 6494.7 25
1774363842074 6495.4 26
1774363852082 6498.1 27
1774363862090 6504.2 28
1774363872098 6502.9 29
1774363882106 6505.6 30
1774363892114 6502.5 31
1774363902124 6616.1 32
1774363912133 6543.0 33
1774363922148 7092.2 34
1774363932161 6525.8 35
1774363942170 6515.3 36
1774363952178 6520.9 37
1774363962189 6520.8 38
1774363972197 6522.3 39
1774363982208 6520.3 40
1774363992218 6525.2 41
1774364002226 6829.2 42
1774364012236 6524.3 43
1774364022254 6522.2 44
1774364032262 6527.3 45
1774364042273 6531.4 46
1774364052282 6552.4 47
1774364062290 6535.3 48
1774364072306 6482.2 49
1774364082320 6490.3 50
1774364092331 6497.1 51
1774364102340 6513.8 52
1774364112348 6522.0 53
1774364122363 6536.2 54
1774364132379 6686.8 55
1774364142387 6494.1 56
1774364152395 6510.2 57
1774364162404 6513.3 58
1774364172417 6514.6 59
1774364182426 6510.6 60
1774364192441 6512.3 61
1774364202450 6512.4 62
1774364212461 6514.2 63
1774364222471 6514.8 64
1774364232480 6513.2 65
1774364242492 6526.5 66
1774364252501 6523.7 67
1774364262516 6614.5 68
1774364272525 6514.8 69
1774364282533 6531.8 70
1774364292549 6534.6 71
