1774182832243 121.66147065162659 0
1774182843082 93.39963495731354 1
1774182853924 77.25026106834412 2
1774182864703 64.8566290140152 3
1774182875347 55.02340316772461 4
1774182886188 49.092228412628174 5
1774182896883 42.00773870944977 6
1774182907671 37.785822689533234 7
1774182918441 32.47710567712784 8
1774182929135 27.01312956213951 9
1774182939918 23.335164815187454 10
1774182950766 22.08883434534073 11
1774182961548 17.94100195169449 12
1774182972245 15.087683841586113 13
1774182983085 13.000767603516579 14
1774182993793 10.741917930543423 15
1774183004456 11.033861324191093 16
1774183015004 13.371756166219711 17
1774183025848 7.955373890697956 18
1774183036572 6.1533018089830875 19
1774183047452 6.5952196307480335 20
1774183057976 5.71348188444972 21
1774183068806 5.5147795006632805 22
1774183079571 4.626267060637474 23
1774183090336 5.048627328127623 24
1774183101170 6.226281549781561 25
1774183111888 6.413076471537352 26
1774183122696 2.936034133657813 27
1774183133426 3.7008758168667555 28
