1774182832248 0.11214782290523234 0
1774182843087 0.261068422978412 1
1774182853929 0.38108305890962313 2
1774182864708 0.47804610318331503 3
1774182875352 0.5462861324551774 4
1774182886194 0.5933040614709111 5
1774182896888 0.6465422612513722 6
1774182907676 0.6847786315404317 7
1774182918446 0.739114526161727 8
1774182929140 0.7961946578851079 9
1774182939923 0.827296011708745 10
1774182950771 0.8399195023783388 11
1774182961553 0.8798024149286499 12
1774182972250 0.9050493962678375 13
1774182983091 0.9180387852177094 14
1774182993798 0.9401756311745335 15
1774183004462 0.9328576655689719 16
1774183015009 0.9191364800585438 17
1774183025854 0.9590193926088547 18
1774183036577 0.9665203073545554 19
1774183047458 0.9608488840102452 20
1774183057981 0.968898646176363 21
1774183068812 0.969264544456641 22
1774183079576 0.9747530186608123 23
1774183090342 0.9721917306988657 24
1774183101176 0.9608488840102452 25
1774183111894 0.9634101719721917 26
1774183122702 0.9849981705085986 27
1774183133432 0.9795096963044274 28
