1774144521269 0.848482608795166 0
1774144521432 0.4436245262622833 1
1774144521582 0.4000872075557709 2
1774144521732 0.37305882573127747 3
1774144521884 0.3549283742904663 4
1774144522040 0.34216058254241943 5
1774144522197 0.33091533184051514 6
1774144522353 0.3212668299674988 7
1774144522505 0.31194689869880676 8
1774144522657 0.3027054965496063 9
1774144522809 0.29387998580932617 10
1774144522963 0.28581711649894714 11
1774144523115 0.2774319648742676 12
1774144523269 0.2693991959095001 13
1774144523432 0.26101967692375183 14
1774144523608 0.2524106502532959 15
1774144523785 0.24437342584133148 16
1774144523964 0.23649771511554718 17
1774144524142 0.227824404835701 18
1774144524320 0.21914593875408173 19
1774144524501 0.21135114133358002 20
1774144524681 0.20303122699260712 21
1774144524847 0.19563144445419312 22
1774144525028 0.18747523427009583 23
1774144525209 0.18063080310821533 24
1774144525377 0.17332197725772858 25
1774144525537 0.16715063154697418 26
1774144525699 0.15991896390914917 27
1774144525860 0.1539188027381897 28
1774144526022 0.14821527898311615 29
1774144526185 0.14214050769805908 30
1774144526347 0.13513028621673584 31
1774144526510 0.12896673381328583 32
1774144526675 0.12424527853727341 33
1774144526839 0.11855290085077286 34
1774144527004 0.11433902382850647 35
1774144527169 0.11000662297010422 36
1774144527334 0.10553686320781708 37
1774144527503 0.10135287046432495 38
1774144527678 0.0960724726319313 39
