1773964540474 0.23108496374333015 0
1773964566858 0.42646052811602136 1
1773964592941 0.5243535367355315 2
1773964619306 0.566356546723218 3
1773964645329 0.582432617321111 4
1773964671498 0.6147899849500615 5
1773964697675 0.6385278423860993 6
1773964724190 0.6749213298672869 7
1773964750186 0.7038582569434944 8
1773964776534 0.7237652209604597 9
1773964802958 0.7423040087563278 10
1773964828843 0.7595430291421535 11
1773964854680 0.7776029552606376 12
1773964880721 0.7817074839239294 13
1773964907104 0.7994253659871391 14
1773964933291 0.8202900533588726 15
1773964959980 0.8362293063346559 16
1773964986101 0.8392392940210699 17
1773965012418 0.8497058421124641 18
1773965038840 0.8559310439184566 19
1773965064976 0.8687234915857163 20
1773965091320 0.882405253796689 21
1773965117685 0.8891777260911206 22
1773965144056 0.8770693665344096 23
1773965170152 0.8984813243945821 24
1773965196006 0.8969079217403202 25
1773965222019 0.9081953755643727 26
1773965248360 0.9226296346969489 27
1773965274715 0.9233137228074976 28
1773965301045 0.9248871254617594 29
1773965327425 0.9338486797099467 30
1773965353685 0.9439731837460665 31
1773965379919 0.9501983855520592 32
