1774133851537 41.9 0
1774133861568 168.8 1
1774133871576 167.1 2
1774133881594 114.5 3
1774133891601 122.9 4
1774133901614 114.7 5
1774133911621 96.6 6
1774133921631 114.2 7
1774133931660 139.6 8
1774133941691 126.7 9
1774133951698 107.1 10
1774133961708 113.9 11
1774133971725 145.7 12
1774133981732 78.4 13
1774133991746 96.8 14
1774134001754 90.0 15
1774134011779 121.5 16
1774134021795 95.7 17
1774134031813 102.5 18
1774134041820 79.8 19
1774134051826 101.7 20
1774134061841 86.4 21
1774134071848 89.1 22
1774134081855 181.4 23
1774134091870 124.6 24
1774134101877 92.8 25
1774134111887 113.4 26
1774134121896 86.7 27
1774134131903 138.6 28
1774134141922 117.2 29
1774134151930 108.3 30
1774134161939 79.7 31
1774134171947 95.0 32
1774134181959 87.4 33
1774134191966 110.3 34
1774134201977 72.8 35
1774134211997 173.1 36
1774134222006 122.8 37
1774134232015 110.5 38
1774134242028 86.2 39
1774134252041 111.3 40
1774134262073 119.3 41
1774134272081 118.3 42
1774134282094 92.6 43
1774134292103 106.4 44
1774134302111 116.9 45
1774134312119 182.4 46
1774134322133 100.4 47
1774134332141 113.3 48
1774134342149 110.3 49
1774134352176 172.4 50
1774134362184 89.7 51
1774134372192 91.8 52
1774134382200 96.4 53
1774134392217 101.7 54
1774134402226 143.9 55
1774134412233 86.5 56
1774134422261 133.8 57
