1774133851537 0.0 0
1774133861568 99.0 1
1774133871576 99.0 2
1774133881594 100.0 3
1774133891601 99.0 4
1774133901614 99.0 5
1774133911621 99.0 6
1774133921631 100.0 7
1774133931660 99.0 8
1774133941691 100.0 9
1774133951698 99.0 10
1774133961708 99.0 11
1774133971725 99.0 12
1774133981732 99.0 13
1774133991746 100.0 14
1774134001754 99.0 15
1774134011779 99.0 16
1774134021795 100.0 17
1774134031813 99.0 18
1774134041820 99.0 19
1774134051826 100.0 20
1774134061841 99.0 21
1774134071848 99.0 22
1774134081855 99.0 23
1774134091870 99.0 24
1774134101877 99.0 25
1774134111887 99.0 26
1774134121896 99.0 27
1774134131903 99.0 28
1774134141922 99.0 29
1774134151930 99.0 30
1774134161939 99.0 31
1774134171947 99.0 32
1774134181959 99.0 33
1774134191966 99.0 34
1774134201977 99.0 35
1774134211997 99.0 36
1774134222006 98.0 37
1774134232015 99.0 38
1774134242028 100.0 39
1774134252041 99.0 40
1774134262073 100.0 41
1774134272081 99.0 42
1774134282094 99.0 43
1774134292103 98.0 44
1774134302111 100.0 45
1774134312119 99.0 46
1774134322133 100.0 47
1774134332141 99.0 48
1774134342149 99.0 49
1774134352176 99.0 50
1774134362184 100.0 51
1774134372192 99.0 52
1774134382200 100.0 53
1774134392217 99.0 54
1774134402226 99.0 55
1774134412233 99.0 56
1774134422261 100.0 57
