1774582795763 3.2402563095092773 0
1774582796749 1.8447871208190918 1
1774582797714 1.6871888637542725 2
1774582798678 1.5875768661499023 3
1774582799674 1.4994257688522339 4
1774582800666 1.436219334602356 5
1774582801625 1.390470027923584 6
1774582802585 1.3546009063720703 7
1774582803543 1.3211599588394165 8
1774582804505 1.2850768566131592 9
1774582805476 1.2501572370529175 10
1774582806448 1.2208675146102905 11
1774582807425 1.1938279867172241 12
1774582808401 1.170693039894104 13
1774582809376 1.1482269763946533 14
1774582810353 1.123978853225708 15
1774582811328 1.1021497249603271 16
1774582812304 1.07796311378479 17
1774582813282 1.0582715272903442 18
1774582814260 1.035098671913147 19
