1774575240149 0.7903855107738645 0
1774575240554 0.6984523586215937 1
1774575241084 0.6882472331036322 2
1774575241481 0.6719898322286123 3
1774575242043 0.6821241951793936 4
1774575242460 0.6772259506901925 5
1774575242831 0.6776594906094822 6
1774575243397 0.6655634106211993 7
1774575243798 0.6339853750384548 8
1774575244428 0.5829186358550252 9
1774575245014 0.5678981194800329 10
1774575245446 0.5353938121733031 11
1774575245883 0.4752344402206772 12
1774575246410 0.4260221314922283 13
1774575246848 0.3685723994842837 14
1774575247255 0.3099097466379348 15
1774575247835 0.27949012238357573 16
1774575248262 0.22423095231767443 17
1774575248679 0.18874761426426456 18
1774575249261 0.15677486937667817 19
1774575249683 0.12371377332405123 20
1774575250313 0.10314679251491017 21
1774575250899 0.09279657603708039 22
1774575251316 0.07246280619228088 23
1774575251934 0.06550021085741373 24
1774575252370 0.054946433892560945 25
1774575252801 0.04577284771075392 26
1774575253351 0.039570453178703675 27
1774575253796 0.030202691129794935 28
1774575254226 0.02812261460366437 29
1774575254807 0.0295210716494588 30
1774575255214 0.02723920181407602 31
