1774132862003 120.24849891662598 0
1774132872420 93.34251546859741 1
1774132883028 78.7581729888916 2
1774132893513 68.89110350608826 3
1774132904117 62.7620929479599 4
1774132914673 58.12539494037628 5
1774132925200 54.590811133384705 6
1774132935610 51.17581433057785 7
1774132946284 47.94679307937622 8
1774132956977 44.086282312870026 9
1774132967487 48.01382052898407 10
1774132978103 42.920540273189545 11
1774132988706 39.86177748441696 12
1774132999225 35.96554225683212 13
1774133009888 34.340839862823486 14
1774133020532 31.309981644153595 15
1774133030997 29.811969190835953 16
1774133041694 27.234536975622177 17
1774133052351 27.538237303495407 18
1774133062983 25.273953795433044 19
1774133073336 23.00750145316124 20
1774133083930 21.09496745467186 21
1774133094420 19.28282058238983 22
1774133104930 17.84492328763008 23
1774133115561 16.452285781502724 24
1774133126202 15.960723519325256 25
1774133136931 17.772973015904427 26
1774133147462 15.661046475172043 27
1774133158134 13.145965084433556 28
1774133168734 12.247592031955719 29
1774133179205 12.975552022457123 30
1774133189885 13.107998177409172 31
1774133200499 13.764261454343796 32
1774133211220 10.799243435263634 33
1774133221840 9.464217990636826 34
1774133232386 8.697379991412163 35
1774133243039 7.765597753226757 36
1774133253686 7.861307896673679 37
1774133264418 6.780640251934528 38
