1774809948775 0.8055585622787476 0
1774809948970 0.4633864462375641 1
1774809949148 0.4137013554573059 2
1774809949327 0.3873424530029297 3
1774809949506 0.3704160153865814 4
1774809949685 0.35642826557159424 5
1774809949864 0.34493401646614075 6
1774809950048 0.3344084918498993 7
1774809950230 0.3242153525352478 8
1774809950412 0.31503331661224365 9
1774809950593 0.3060203790664673 10
1774809950773 0.2969937026500702 11
1774809950955 0.28768178820610046 12
1774809951138 0.27852967381477356 13
1774809951322 0.27060645818710327 14
1774809951514 0.26109957695007324 15
1774809951719 0.25226229429244995 16
1774809951912 0.24248279631137848 17
1774809952118 0.23282477259635925 18
1774809952325 0.2243587076663971 19
1774809952533 0.21480607986450195 20
1774809952729 0.20606093108654022 21
1774809952938 0.19841572642326355 22
1774809953149 0.19072827696800232 23
1774809953360 0.1821059286594391 24
1774809953551 0.1750195175409317 25
1774809953741 0.168132945895195 26
1774809953955 0.15989984571933746 27
1774809954168 0.15172234177589417 28
1774809954359 0.14519387483596802 29
1774809954557 0.13878294825553894 30
1774809954751 0.13222941756248474 31
1774809954943 0.1259888857603073 32
1774809955135 0.121121346950531 33
1774809955329 0.1151265799999237 34
1774809955522 0.11001115292310715 35
1774809955717 0.10538370162248611 36
1774809955911 0.1013878658413887 37
1774809956106 0.09620900452136993 38
1774809956302 0.09337637573480606 39
1774809956498 0.08902625739574432 40
1774809956695 0.08595339208841324 41
1774809956892 0.08156467974185944 42
1774809957089 0.0782913863658905 43
1774809957287 0.07467116415500641 44
