1767881559439 5411.2 0
1767881571325 6676.7 1
1767881583671 6900.7 2
1767881595675 7551.2 3
1767881607741 7659.3 4
1767881619729 8247.1 5
1767881631963 8282.7 6
1767881644305 8388.7 7
1767881656228 8489.4 8
1767881668184 8590.3 9
1767881680449 8709.1 10
1767881692347 9605.1 11
1767881704550 9475.6 12
1767881716723 9435.3 13
1767881728714 9432.0 14
1767881740791 9590.0 15
1767881752653 9428.3 16
1767881764679 9432.3 17
1767881776909 9432.5 18
1767881788361 9434.1 19
1767881801270 10217.5 20
1767881816923 12050.9 21
1767881826933 7268.5 22
1767881836950 8436.1 23
1767881846962 8215.9 24
1767881856969 8099.5 25
1767881866975 8577.0 26
1767881876981 7935.3 27
1767881886987 8061.2 28
1767881896993 7775.5 29
1767881906999 7700.0 30
1767881917066 7969.5 31
1767881927072 8562.0 32
1767881937079 7852.9 33
1767881947085 7858.1 34
1767881957091 7860.1 35
1767881967097 7809.5 36
1767881977104 8458.1 37
1767881987117 8325.5 38
1767881997126 7774.9 39
1767882007133 7802.7 40
1767882017140 7718.6 41
1767882027154 7697.2 42
1767882037300 8402.4 43
1767882047307 8330.0 44
1767882057315 8569.6 45
1767882067322 8151.2 46
1767882077329 7896.4 47
1767882087336 7751.1 48
1767882097480 7802.4 49
1767882107487 8279.2 50
1767882117495 8267.1 51
1767882127501 7875.5 52
1767882137513 7778.3 53
1767882147521 7755.3 54
1767882157536 7658.4 55
1767882167544 8415.5 56
1767882177551 8575.5 57
1767882187558 8283.2 58
1767882197565 7962.0 59
1767882207573 7721.5 60
1767882217591 7729.1 61
1767882227744 8267.1 62
1767882237913 8417.1 63
1767882247921 8114.9 64
1767882257934 7736.6 65
1767882267942 7652.0 66
1767882277950 7641.3 67
1767882287958 8295.7 68
1767882298127 8647.0 69
1767882308135 8347.5 70
1767882318146 7847.3 71
1767882328154 7905.5 72
1767882338162 7687.8 73
1767882348233 7720.7 74
1767882358329 8441.7 75
1767882368337 8314.0 76
1767882378346 8274.8 77
1767882388354 7865.2 78
1767882398362 8078.6 79
1767882408371 7676.5 80
1767882418384 7958.4 81
