1774143841105 0.7928377588076113 0
1774143841550 0.6936309998410465 1
1774143842150 0.6888324857570972 2
1774143842595 0.7048975936026117 3
1774143843044 0.693276167154144 4
1774143843625 0.6931747197544269 5
1774143844060 0.692879764635143 6
1774143844677 0.6938520500499054 7
1774143845111 0.69401419434636 8
1774143845552 0.6931110054303583 9
1774143846350 0.6935194459853945 10
1774143846792 0.6923585243710568 11
1774143847207 0.6926063852060158 12
1774143847811 0.6925300282504793 13
1774143848243 0.6922169843057506 14
1774143848663 0.6921885429117054 15
