1774139248589 0.0 0
1774139258597 12.0 1
1774139268616 13.5 2
1774139278624 17.0 3
1774139288631 12.3 4
1774139298647 13.0 5
1774139308655 13.7 6
1774139318665 16.5 7
1774139328682 13.2 8
1774139338689 13.8 9
1774139348708 15.8 10
1774139358719 12.4 11
1774139368730 13.9 12
1774139378744 15.7 13
1774139388754 11.5 14
1774139398761 13.9 15
1774139408779 14.3 16
1774139418786 14.0 17
1774139428802 14.0 18
1774139438810 11.9 19
1774139448817 16.3 20
1774139458826 14.4 21
1774139468842 12.3 22
1774139478852 16.3 23
1774139488867 13.9 24
1774139498874 12.1 25
1774139508882 16.1 26
1774139518892 13.3 27
1774139528906 13.0 28
1774139538916 12.8 29
1774139548927 16.8 30
1774139558936 12.5 31
1774139568944 12.2 32
1774139578952 18.3 33
1774139588965 13.1 34
