1774139248589 241.7 0
1774139258597 3339.2 1
1774139268616 3339.2 2
1774139278624 3339.2 3
1774139288631 3339.2 4
1774139298647 3339.2 5
1774139308655 3339.2 6
1774139318665 3339.2 7
1774139328682 3339.2 8
1774139338689 3339.2 9
1774139348708 3339.2 10
1774139358719 3339.2 11
1774139368730 3339.2 12
1774139378744 3339.2 13
1774139388754 3339.2 14
1774139398761 3339.2 15
1774139408779 3339.2 16
1774139418786 3339.2 17
1774139428802 3339.2 18
1774139438810 3339.2 19
1774139448817 3339.2 20
1774139458826 3339.2 21
1774139468842 3339.2 22
1774139478852 3339.2 23
1774139488867 3339.2 24
1774139498874 3339.2 25
1774139508882 3339.2 26
1774139518892 3339.2 27
1774139528906 3339.2 28
1774139538916 3339.2 29
1774139548927 3339.2 30
1774139558936 3339.2 31
1774139568944 3339.2 32
1774139578952 3339.2 33
1774139588965 3339.2 34
