1774364959131 0.05212751402380627 0
1774364960125 0.709536188261048 1
1774364961128 0.7384047065262006 2
1774364962095 0.7585853057873854 3
1774364963062 0.7717197975099193 4
1774364964031 0.7802708988917773 5
1774364965002 0.7895744971952388 6
1774364965971 0.7949103844575182 7
1774364966946 0.8039403475167601 8
1774364967918 0.806061020659461 9
1774364968937 0.805034888493638 10
1774364969957 0.81406485155288 11
1774364970939 0.818100971405117 12
1774364971924 0.8188534683267205 13
1774364972909 0.8249418525106034 14
1774364973895 0.8251470789437679 15
1774364974882 0.826652072786975 16
1774364975876 0.8323984129155835 17
1774364976872 0.8345874948693391 18
1774364977866 0.8388972499657956 19
1774364978895 0.8402654261868928 20
1774364979917 0.8432754138733068 21
1774364980947 0.8433438226843617 22
1774364981972 0.8475167601587085 23
1774364983000 0.8537419619647011 24
1774364984026 0.8568887672732248 25
1774364985052 0.8590094404159255 26
1774364986080 0.8637296483787111 27
1774364987118 0.8663975920098509 28
1774364988151 0.8684498563414967 29
1774364989180 0.8717334792721303 30
1774364990212 0.8729648378711178 31
1774364991241 0.8769325489122999 32
1774364992272 0.8788479956218361 33
1774364993305 0.8820632097414147 34
1774364994337 0.8851416062388836 35
1774364995369 0.8880831851142427 36
1774364996405 0.8901354494458886 37
1774364997442 0.8910247639896018 38
1774364998483 0.8949924750307839 39
1774364999517 0.9020385825694349 40
1774365000551 0.90450129976741 41
1774365001581 0.9076481050759337 42
1774365002611 0.908058557942263 43
1774365003641 0.9120946777944999 44
1774365004673 0.9118210425502805 45
1774365005705 0.9176357914899439 46
1774365006742 0.9203037351210835 47
1774365007791 0.9203721439321385 48
1774365008833 0.9235189492406622 49
1774365009881 0.92714461622657 50
1774365010920 0.9294705158024353 51
1774365011965 0.9326857299220139 52
1774365013006 0.9315911889451362 53
1774365014051 0.9355588999863182 54
1774365015091 0.9394582022164455 55
1774365016132 0.9413736489259816 56
1774365017182 0.9443152278013408 57
1774365018225 0.9456149952113833 58
1774365019268 0.9470515802435354 59
1774365020274 0.9508824736626077 60
1774365021317 0.9526611027500342 61
1774365022361 0.9539608701600766 62
1774365023407 0.9577233547680941 63
1774365024453 0.9569024490354358 64
1774365025501 0.9586126693118073 65
1774365026548 0.962854015597209 66
1774365027558 0.9622383362977152 67
1774365028575 0.9649062799288548 68
1774365029590 0.9670953618826105 69
1774365030604 0.9684635381037078 70
1774365031618 0.9714735257901218 71
1774365032632 0.9716103434122315 72
1774365033647 0.9734573813107128 73
1774365034662 0.9731837460664934 74
1774365035678 0.9750307839649747 75
1774365036693 0.9750991927760295 76
1774365037711 0.9765357778081817 77
1774365038731 0.9792037214393214 78
1774365039753 0.9770146394855658 79
1774365040779 0.9815296210151867 80
