1768650242073 47.462718427181244 0
1768650242523 27.736702024936676 1
1768650242969 24.25687748193741 2
1768650243425 22.389420241117477 3
1768650243874 21.27614453434944 4
1768650244328 20.492861300706863 5
1768650244773 19.643607825040817 6
1768650245214 19.133172243833542 7
1768650245654 17.959403187036514 8
1768650246095 16.662247091531754 9
1768650246539 15.182926386594772 10
1768650246982 13.676412597298622 11
1768650247424 12.564445957541466 12
1768650247869 10.962972030043602 13
1768650248311 10.032973185181618 14
