1768616396524 3.262169361114502 0
1768616397518 1.8184244632720947 1
1768616398484 1.664794921875 2
1768616399453 1.5949199199676514 3
1768616400428 1.5134410858154297 4
1768616401396 1.4493820667266846 5
1768616402374 1.421703577041626 6
1768616403345 1.3655166625976562 7
1768616404314 1.3046813011169434 8
1768616405284 1.267347812652588 9
1768616406268 1.2404799461364746 10
1768616407249 1.2028056383132935 11
1768616408231 1.172985553741455 12
1768616409212 1.1385045051574707 13
1768616410195 1.1139672994613647 14
1768616411179 1.085054636001587 15
