1774347300188 0.8234844207763672 0
1774347300373 0.47784921526908875 1
1774347300543 0.43235522508621216 2
1774347300713 0.40240997076034546 3
1774347300881 0.3820188343524933 4
1774347301051 0.36704394221305847 5
1774347301222 0.35380619764328003 6
1774347301392 0.34326454997062683 7
1774347301571 0.3327537477016449 8
1774347301765 0.32487958669662476 9
1774347301959 0.31597620248794556 10
1774347302131 0.30755117535591125 11
1774347302304 0.2998078763484955 12
1774347302478 0.28974834084510803 13
1774347302653 0.2816256880760193 14
1774347302833 0.2725012004375458 15
1774347303015 0.26388731598854065 16
1774347303193 0.25552138686180115 17
1774347303369 0.2464214265346527 18
1774347303545 0.23868775367736816 19
1774347303722 0.22944778203964233 20
1774347303899 0.22178204357624054 21
1774347304076 0.21288928389549255 22
1774347304255 0.2056461125612259 23
1774347304434 0.19771786034107208 24
