1774347300192 0.5022279549718575 0
1774347300377 0.8130863039399625 1
1774347300546 0.8326688555347092 2
1774347300716 0.8480300187617261 3
1774347300885 0.8609287054409006 4
1774347301055 0.8699577861163227 5
1774347301226 0.8860225140712945 6
1774347301396 0.8958724202626641 7
1774347301575 0.9033771106941839 8
1774347301769 0.9077157598499062 9
1774347301963 0.9139305816135085 10
1774347302135 0.9183864915572233 11
1774347302308 0.9214352720450282 12
1774347302482 0.9278846153846154 13
1774347302658 0.9324577861163227 14
1774347302837 0.9366791744840526 15
1774347303020 0.9394934333958724 16
1774347303198 0.9428939962476548 17
1774347303374 0.9468808630393997 18
1774347303550 0.949108818011257 19
1774347303727 0.9543855534709194 20
1774347303904 0.9566135084427767 21
1774347304081 0.9611866791744841 22
1774347304259 0.9615384615384616 23
1774347304439 0.9658771106941839 24
