1774811694350 140.4 0
1774811704364 2738.8 1
1774811714403 4485.7 2
1774811724418 411.0 3
1774811734428 411.0 4
1774811744450 4538.2 5
1774811754458 2761.9 6
1774811764472 4473.2 7
1774811774488 1430.2 8
1774811784503 4397.7 9
1774811794514 411.0 10
1774811804524 4427.0 11
1774811814539 413.1 12
1774811824548 4362.0 13
1774811834581 4288.6 14
1774811844590 411.0 15
1774811854601 4473.2 16
1774811864613 2682.2 17
1774811874627 4362.0 18
1774811884637 2738.8 19
1774811894661 4355.7 20
1774811904673 2743.0 21
1774811914689 4406.1 22
1774811924699 2682.2 23
1774811934776 4404.0 24
1774811944793 411.0 25
1774811954833 413.1 26
1774811964845 4473.2 27
1774811974860 413.1 28
1774811984878 4397.7 29
1774811994896 411.0 30
1774812004906 4418.6 31
1774812014918 411.0 32
