1774811694350 18.6 0
1774811704364 68.4 1
1774811714403 72.2 2
1774811724418 29.7 3
1774811734428 33.3 4
1774811744450 84.1 5
1774811754458 70.0 6
1774811764472 82.9 7
1774811774488 77.9 8
1774811784503 69.4 9
1774811794514 27.4 10
1774811804524 75.9 11
1774811814539 27.0 12
1774811824548 66.9 13
1774811834581 58.4 14
1774811844590 33.7 15
1774811854601 61.9 16
1774811864613 66.8 17
1774811874627 52.1 18
1774811884637 66.0 19
1774811894661 65.6 20
1774811904673 71.8 21
1774811914689 70.0 22
1774811924699 75.2 23
1774811934776 62.9 24
1774811944793 33.6 25
1774811954833 27.2 26
1774811964845 74.7 27
1774811974860 27.2 28
1774811984878 91.2 29
1774811994896 27.3 30
1774812004906 73.5 31
1774812014918 30.6 32
