1774811694350 3445.9 0
1774811704364 5350.2 1
1774811714403 5527.5 2
1774811724418 5534.3 3
1774811734428 5539.7 4
1774811744450 5536.0 5
1774811754458 5542.5 6
1774811764472 5542.0 7
1774811774488 5690.9 8
1774811784503 5551.4 9
1774811794514 5545.8 10
1774811804524 5596.4 11
1774811814539 5555.7 12
1774811824548 5554.7 13
1774811834581 5607.7 14
1774811844590 5559.3 15
1774811854601 5556.5 16
1774811864613 5617.4 17
1774811874627 5561.3 18
1774811884637 5564.1 19
1774811894661 5565.3 20
1774811904673 5597.1 21
1774811914689 5561.6 22
1774811924699 5563.5 23
1774811934776 5565.9 24
1774811944793 5563.1 25
1774811954833 5582.2 26
1774811964845 5559.2 27
1774811974860 5557.9 28
1774811984878 5583.0 29
1774811994896 5573.9 30
1774812004906 5848.6 31
1774812014918 5602.7 32
