1773589528807 0.6478347086553262 0
1773589529049 0.5219612794989786 1
1773589529294 0.4544780785522264 2
1773589529527 0.40534226328323736 3
1773589529757 0.3569273547567874 4
1773589529995 0.33405200152881503 5
1773589530227 0.31138420949367923 6
1773589530462 0.2905011262062323 7
1773589530695 0.28301644948561444 8
1773589531144 0.27439503021697675 9
1773589531623 0.2523175926032471 10
1773589531874 0.24093857747076708 11
1773589532114 0.23329004203883613 12
1773589532365 0.2200652949254484 13
1773589532602 0.2330070644680147 14
1773589532847 0.20998768104459717 15
1773589533083 0.21025326371529285 16
1773589533325 0.19763755796237634 17
