1774142053384 39.79655686020851 0
1774142054113 34.06783550977707 1
1774142054829 31.437348812818527 2
1774142055550 30.190158277750015 3
1774142056249 28.588012993335724 4
1774142056943 25.38984104990959 5
1774142057639 22.90661910176277 6
1774142058331 19.819032430648804 7
1774142059026 17.858505696058273 8
1774142059725 14.428466327488422 9
1774142060415 11.499812006950378 10
1774142061116 8.442008193582296 11
1774142061814 7.555505931377411 12
1774142062510 4.548037072643638 13
1774142063211 4.200308510102332 14
