1768651161261 0.49113745744805726 0
1768651161415 0.7687522009625543 1
1768651161561 0.7909379035098016 2
1768651161705 0.8003286770747741 3
1768651161848 0.8046719098485737 4
1768651161995 0.8125366827092382 5
1768651162141 0.8186406855264703 6
1768651162306 0.8228665336307078 7
1768651162452 0.8272097664045076 8
1768651162605 0.8307313064913723 9
1768651162756 0.8363657706303557 10
1768651162899 0.8391830026998474 11
1768651163040 0.8435262354736471 12
1768651163179 0.8476346989083225 13
1768651163317 0.8482216222561334 14
1768651163455 0.8515083930038737 15
1768651163595 0.855499471768987 16
1768651163735 0.8550299330907384 17
1768651163878 0.8584340885080408 18
1768651164024 0.867590092733889 19
1768651164171 0.8681770160816997 20
1768651164319 0.8708768634816293 21
1768651164467 0.8715811714990023 22
1768651164618 0.8732245568728724 23
1768651164776 0.8769808662988614 24
