1768651161257 0.8528456091880798 0
1768651161410 0.4908718466758728 1
1768651161556 0.4673585891723633 2
1768651161699 0.45289406180381775 3
1768651161843 0.44230523705482483 4
1768651161990 0.43282654881477356 5
1768651162137 0.4226779639720917 6
1768651162301 0.4147922992706299 7
1768651162446 0.4073992371559143 8
1768651162600 0.400480717420578 9
1768651162750 0.3929482102394104 10
1768651162894 0.38558876514434814 11
1768651163035 0.3801673948764801 12
1768651163174 0.37384313344955444 13
1768651163312 0.3674921989440918 14
1768651163451 0.36139729619026184 15
1768651163590 0.35581690073013306 16
1768651163730 0.35089266300201416 17
1768651163873 0.3450729548931122 18
1768651164018 0.33809342980384827 19
1768651164165 0.33366113901138306 20
1768651164313 0.32826125621795654 21
1768651164461 0.32297027111053467 22
1768651164613 0.31885337829589844 23
1768651164771 0.31186679005622864 24
