1774144188756 0.048957264957264955 0
1774144190217 0.793982905982906 1
1774144191605 0.8248205128205128 2
1774144192995 0.846974358974359 3
1774144194389 0.8462905982905983 4
1774144195863 0.8522393162393163 5
1774144197327 0.8558632478632479 6
1774144198731 0.8614700854700855 7
1774144200137 0.8631111111111112 8
1774144201545 0.8671452991452991 9
1774144202951 0.8738461538461538 10
1774144204359 0.8705641025641025 11
1774144205767 0.8760341880341881 12
1774144207176 0.8793162393162394 13
1774144208586 0.8788376068376068 14
1774144209999 0.8835555555555555 15
1774144211411 0.8867692307692308 16
1774144212820 0.8898461538461538 17
1774144214297 0.892991452991453 18
1774144215775 0.8988034188034189 19
1774144217256 0.9023589743589744 20
1774144218754 0.9041367521367522 21
1774144220246 0.9094017094017094 22
1774144221731 0.9112478632478632 23
1774144223217 0.9147350427350427 24
1774144224708 0.9158974358974359 25
1774144226196 0.9207521367521367 26
1774144227684 0.9230769230769231 27
1774144229172 0.9246495726495727 28
1774144230663 0.9261538461538461 29
1774144232162 0.9309401709401709 30
1774144233656 0.9362735042735043 31
1774144235147 0.9380512820512821 32
1774144236639 0.9403760683760684 33
1774144238131 0.9406495726495726 34
1774144239629 0.9448888888888889 35
1774144241125 0.9462564102564103 36
1774144242623 0.9491965811965812 37
1774144244118 0.9495384615384616 38
1774144245614 0.9507692307692308 39
1774144247119 0.9535042735042735 40
1774144248618 0.9551452991452991 41
1774144250121 0.9565811965811966 42
1774144251623 0.96 43
1774144253120 0.9592478632478633 44
1774144254622 0.9623247863247864 45
1774144256124 0.9651965811965812 46
1774144257632 0.9648547008547008 47
1774144259132 0.9651965811965812 48
1774144260636 0.9686837606837607 49
1774144262147 0.969025641025641 50
1774144263656 0.9721709401709402 51
1774144265158 0.9721025641025641 52
1774144266594 0.9726495726495726 53
1774144268030 0.9747008547008547 54
1774144269534 0.9751111111111112 55
1774144271038 0.9763418803418803 56
1774144272548 0.9772307692307692 57
1774144274056 0.9798290598290599 58
1774144275492 0.9792136752136752 59
1774144276932 0.9805128205128205 60
1774144278374 0.9805128205128205 61
1774144279818 0.9818119658119658 62
1774144281326 0.981948717948718 63
1774144282772 0.9834529914529915 64
1774144284216 0.9841367521367521 65
1774144285664 0.9848888888888889 66
1774144287107 0.985025641025641 67
1774144288550 0.9866666666666667 68
1774144289993 0.9865299145299146 69
1774144291435 0.9853675213675214 70
1774144292881 0.9874871794871795 71
1774144294320 0.9881025641025641 72
1774144295762 0.9875555555555555 73
1774144297202 0.9889230769230769 74
1774144298651 0.9885128205128205 75
1774144300093 0.9893333333333333 76
1774144301610 0.990017094017094 77
1774144303056 0.9913846153846154 78
1774144304503 0.9912478632478633 79
1774144305950 0.9920683760683761 80
1774144307473 0.9919316239316239 81
1774144308919 0.9928888888888889 82
1774144310364 0.9926153846153846 83
1774144311883 0.9934358974358974 84
1774144313333 0.9926837606837606 85
1774144314865 0.9931623931623932 86
1774144316357 0.9941880341880341 87
1774144317815 0.9939145299145299 88
1774144319266 0.9947350427350428 89
1774144320718 0.9943931623931624 90
1774144322240 0.9948717948717949 91
1774144323762 0.9953504273504273 92
1774144325213 0.9944615384615385 93
1774144326664 0.9952820512820513 94
1774144328118 0.9956239316239316 95
1774144329574 0.9952136752136752 96
1774144331029 0.9953504273504273 97
1774144332488 0.9961025641025641 98
1774144333948 0.9957606837606837 99
1774144335405 0.9961025641025641 100
1774144336865 0.9964444444444445 101
1774144338325 0.996991452991453 102
1774144339789 0.9972649572649572 103
1774144341259 0.996991452991453 104
1774144342721 0.9969230769230769 105
1774144344181 0.9963760683760684 106
