1767881306488 0.8333428502082825 0
1767881307042 0.4198424220085144 1
1767881307600 0.37997859716415405 2
1767881308167 0.35784146189689636 3
1767881308725 0.3427092730998993 4
1767881309307 0.3301967680454254 5
1767881309909 0.3195481598377228 6
1767881310503 0.30947446823120117 7
1767881311242 0.3001924157142639 8
1767881311830 0.2905939519405365 9
1767881312436 0.28186121582984924 10
1767881313028 0.273194819688797 11
1767881313620 0.2645210921764374 12
1767881314209 0.2568202316761017 13
1767881314798 0.2483692318201065 14
1767881315378 0.2398730218410492 15
1767881316110 0.23167194426059723 16
1767881316697 0.22309401631355286 17
1767881317300 0.21470580995082855 18
1767881317895 0.20782575011253357 19
1767881318489 0.19926169514656067 20
1767881319080 0.19141897559165955 21
1767881319683 0.18427665531635284 22
1767881320285 0.17682959139347076 23
1767881320897 0.1699506640434265 24
1767881321497 0.1632663756608963 25
1767881322143 0.15725137293338776 26
1767881322766 0.1505640745162964 27
1767881323387 0.14344921708106995 28
1767881324006 0.13721907138824463 29
1767881324616 0.13256938755512238 30
1767881325230 0.12549172341823578 31
