1767903059251 100.0 0
1767903069263 48.3 1
1767903079274 51.1 2
1767903089284 50.8 3
1767903099293 50.8 4
1767903109304 51.4 5
1767903119314 50.5 6
1767903129325 50.2 7
1767903139335 50.7 8
1767903149346 50.6 9
1767903159358 50.7 10
1767903169373 51.1 11
1767903179383 50.6 12
1767903189394 51.4 13
1767903199405 50.5 14
1767903209417 50.8 15
1767903219429 52.3 16
1767903229441 50.9 17
1767903239457 50.5 18
1767903249468 50.3 19
1767903259480 50.5 20
1767903269493 50.8 21
1767903279504 51.2 22
1767903289526 51.2 23
1767903299540 53.4 24
1767903309551 52.5 25
1767903319563 55.7 26
1767903329574 57.0 27
1767903339593 56.8 28
1767903349621 71.9 29
1767903359638 98.9 30
1767903369658 98.6 31
1767903379683 98.5 32
