1767903059251 4139.1 0
1767903069263 4852.7 1
1767903079274 4547.2 2
1767903089284 4497.9 3
1767903099293 4564.2 4
1767903109304 4553.4 5
1767903119314 4706.9 6
1767903129325 4508.8 7
1767903139335 4574.2 8
1767903149346 4653.9 9
1767903159358 4459.2 10
1767903169373 4625.8 11
1767903179383 4813.0 12
1767903189394 5105.4 13
1767903199405 4887.5 14
1767903209417 4620.8 15
1767903219429 4753.4 16
1767903229441 4601.4 17
1767903239457 4789.4 18
1767903249468 4554.8 19
1767903259480 4892.2 20
1767903269493 4503.8 21
1767903279504 4419.5 22
1767903289526 4850.5 23
1767903299540 4761.0 24
1767903309551 4649.3 25
1767903319563 5029.5 26
1767903329574 5033.5 27
1767903339593 4813.6 28
1767903349621 5458.0 29
1767903359638 5230.7 30
1767903369658 5440.7 31
1767903379683 5373.8 32
