1774275205047 34.1 0
1774275215056 37.5 1
1774275225064 37.7 2
1774275235072 37.7 3
1774275245079 37.7 4
1774275255087 37.7 5
1774275265105 37.8 6
1774275275114 39.1 7
1774275285122 37.8 8
1774275295130 37.8 9
1774275305138 37.8 10
1774275315147 37.8 11
1774275325154 37.3 12
1774275335162 37.4 13
1774275345170 37.4 14
1774275355185 37.4 15
1774275365193 37.4 16
1774275375204 37.4 17
1774275385212 37.8 18
1774275395222 37.5 19
1774275405231 38.1 20
1774275415243 37.5 21
1774275425250 37.6 22
1774275435258 37.6 23
1774275445268 37.7 24
1774275455277 37.6 25
1774275465285 37.7 26
1774275475293 37.6 27
1774275485301 37.6 28
1774275495322 37.6 29
1774275505333 38.5 30
1774275515341 37.8 31
1774275525350 37.7 32
1774275535366 37.9 33
