1773963071275 0.8330137133598328 0
1773963071399 0.47318369150161743 1
1773963071512 0.4492223858833313 2
1773963071627 0.432529091835022 3
1773963071740 0.42003634572029114 4
1773963071854 0.4089451730251312 5
1773963071981 0.39838284254074097 6
1773963072107 0.3900805711746216 7
1773963072234 0.3823583424091339 8
1773963072367 0.3737439215183258 9
1773963072495 0.36637598276138306 10
1773963072624 0.3598479926586151 11
1773963072741 0.3524554371833801 12
1773963072857 0.3459007143974304 13
1773963072973 0.3393974304199219 14
1773963073091 0.33449915051460266 15
1773963073209 0.3279101252555847 16
1773963073327 0.32113346457481384 17
1773963073452 0.3149150609970093 18
1773963073571 0.30994898080825806 19
1773963073691 0.3050575852394104 20
1773963073811 0.2996871769428253 21
1773963073932 0.2937241196632385 22
1773963074053 0.2875964939594269 23
1773963074175 0.2815704643726349 24
1773963074298 0.27720731496810913 25
