1774353494240 0.9851280450820923 0
1774353494382 0.25635960698127747 1
1774353494514 0.21853873133659363 2
1774353494646 0.19065657258033752 3
1774353494775 0.17102721333503723 4
1774353494905 0.1551186889410019 5
1774353495037 0.1409822255373001 6
1774353495167 0.12736494839191437 7
1774353495297 0.11781924217939377 8
1774353495427 0.10805515944957733 9
1774353495557 0.09836046397686005 10
1774353495688 0.09110113978385925 11
1774353495821 0.08429969847202301 12
1774353495953 0.07872621715068817 13
1774353496086 0.07182908803224564 14
1774353496220 0.06809913367033005 15
1774353496371 0.061699412763118744 16
1774353496526 0.05796032398939133 17
1774353496683 0.05298255756497383 18
1774353496850 0.050181835889816284 19
1774353497008 0.04583839327096939 20
1774353497149 0.041538987308740616 21
1774353497288 0.03964360058307648 22
1774353497427 0.035933271050453186 23
1774353497565 0.033527716994285583 24
1774353497704 0.031734634190797806 25
1774353497843 0.03022582456469536 26
1774353497985 0.027769384905695915 27
1774353498126 0.02530478872358799 28
1774353498268 0.023820266127586365 29
1774353498410 0.02301611937582493 30
1774353498551 0.021335449069738388 31
1774353498693 0.020618785172700882 32
1774353498836 0.01923360675573349 33
1774353498982 0.018477948382496834 34
