1774143856660 0.5042323066071008 0
1774143857015 0.5061133317658124 1
1774143857554 0.5212790971079239 2
1774143857910 0.6339054784857747 3
1774143858250 0.6771690571361392 4
1774143858763 0.7052668704443922 5
1774143859158 0.7261932753350576 6
1774143859699 0.734305196332001 7
1774143860087 0.7602868563367035 8
1774143860450 0.7779214671996237 9
1774143861111 0.786268516341406 10
1774143861446 0.8000235128144839 11
1774143861773 0.8050787679285211 12
1774143862269 0.8150717140841759 13
1774143862597 0.8175405596049847 14
1774143862924 0.8267105572537032 15
1774143863446 0.835175170467905 16
1774143863825 0.8364683752645191 17
1774143864201 0.842699271102751 18
1774143864743 0.8469315777098518 19
1774143865130 0.8550434987067952 20
1774143865507 0.8588055490242182 21
1774143866051 0.8651540089348695 22
1774143866566 0.8628027274864801 23
