1774203410908 0.0 0
1774203420923 78.0 1
1774203430934 80.0 2
1774203440945 76.0 3
1774203450952 79.0 4
1774203460959 78.0 5
1774203470967 71.0 6
1774203480980 78.0 7
1774203490988 77.0 8
1774203500998 79.0 9
1774203511007 77.0 10
1774203521015 76.0 11
1774203531023 79.0 12
1774203541031 78.0 13
1774203551040 77.0 14
1774203561051 79.0 15
1774203571063 78.0 16
1774203581074 60.0 17
1774203591087 78.0 18
1774203601096 81.0 19
1774203611104 77.0 20
1774203621118 79.0 21
1774203631128 76.0 22
1774203641136 78.0 23
1774203651146 78.0 24
1774203661156 80.0 25
1774203671165 80.0 26
1774203681172 79.0 27
1774203691187 81.0 28
1774203701197 79.0 29
1774203711207 76.0 30
