1774203410908 27.0 0
1774203420923 49.9 1
1774203430934 61.0 2
1774203440945 47.0 3
1774203450952 57.0 4
1774203460959 60.3 5
1774203470967 65.2 6
1774203480980 52.0 7
1774203490988 66.3 8
1774203500998 73.5 9
1774203511007 55.8 10
1774203521015 51.7 11
1774203531023 44.8 12
1774203541031 80.1 13
1774203551040 53.6 14
1774203561051 70.0 15
1774203571063 61.8 16
1774203581074 58.5 17
1774203591087 50.4 18
1774203601096 54.5 19
1774203611104 54.2 20
1774203621118 66.8 21
1774203631128 55.0 22
1774203641136 46.8 23
1774203651146 57.2 24
1774203661156 50.1 25
1774203671165 43.8 26
1774203681172 66.4 27
1774203691187 47.7 28
1774203701197 59.0 29
1774203711207 56.8 30
