1774203410908 239.7 0
1774203420923 1747.5 1
1774203430934 1906.9 2
1774203440945 1906.9 3
1774203450952 2078.9 4
1774203460959 2078.9 5
1774203470967 2078.9 6
1774203480980 2078.9 7
1774203490988 2078.9 8
1774203500998 2078.9 9
1774203511007 2078.9 10
1774203521015 2078.9 11
1774203531023 2078.9 12
1774203541031 2078.9 13
1774203551040 2078.9 14
1774203561051 2078.9 15
1774203571063 2255.0 16
1774203581074 2255.0 17
1774203591087 2255.0 18
1774203601096 2255.0 19
1774203611104 2255.0 20
1774203621118 2431.2 21
1774203631128 2431.2 22
1774203641136 2431.2 23
1774203651146 2431.2 24
1774203661156 2431.2 25
1774203671165 2431.2 26
1774203681172 2431.2 27
1774203691187 2431.2 28
1774203701197 2609.4 29
1774203711207 2609.4 30
