1773969983435 0.8488917946815491 0
1773969983558 0.4988720118999481 1
1773969983682 0.4735300540924072 2
1773969983805 0.45278793573379517 3
1773969983936 0.4391119182109833 4
1773969984068 0.4287266135215759 5
1773969984200 0.4197476804256439 6
1773969984332 0.4106409251689911 7
1773969984459 0.40066999197006226 8
1773969984591 0.3930191993713379 9
1773969984724 0.3844723403453827 10
1773969984858 0.3769102990627289 11
1773969984984 0.3709913492202759 12
1773969985119 0.3621443808078766 13
1773969985255 0.35400766134262085 14
1773969985382 0.3475337326526642 15
1773969985506 0.34131914377212524 16
1773969985635 0.33611008524894714 17
1773969985766 0.3287282884120941 18
1773969985897 0.3234350085258484 19
1773969986028 0.3169248104095459 20
1773969986159 0.31255728006362915 21
1773969986292 0.3073541820049286 22
1773969986425 0.30104559659957886 23
1773969986558 0.29673972725868225 24
1773969986691 0.2909499406814575 25
1773969986825 0.285128653049469 26
1773969986961 0.2822931706905365 27
1773969987096 0.27711039781570435 28
1773969987232 0.2723042666912079 29
