1774130436466 3.3168368339538574 0
1774130437063 1.6754775047302246 1
1774130437665 1.5162298679351807 2
1774130438274 1.4258973598480225 3
1774130438877 1.34857976436615 4
1774130439482 1.2882461547851562 5
1774130440048 1.246625304222107 6
1774130440618 1.203002691268921 7
1774130441185 1.1555893421173096 8
1774130441753 1.1163204908370972 9
1774130442320 1.076957106590271 10
1774130442889 1.0388290882110596 11
1774130443496 1.01218843460083 12
1774130444101 0.9794479012489319 13
1774130444709 0.9521187543869019 14
1774130445323 0.9238406419754028 15
1774130445907 0.8961746692657471 16
1774130446527 0.8701196312904358 17
1774130447146 0.8457309603691101 18
1774130447766 0.8258758187294006 19
1774130448392 0.8023374080657959 20
1774130449017 0.7759141325950623 21
1774130449643 0.752596378326416 22
1774130450267 0.7407471537590027 23
1774130450891 0.7157279849052429 24
1774130451516 0.6968455910682678 25
1774130452141 0.6790377497673035 26
1774130452768 0.6566714644432068 27
1774130453394 0.6383649110794067 28
1774130454021 0.6172913312911987 29
1774130454647 0.6037120223045349 30
1774130455273 0.5844128131866455 31
1774130455899 0.5669934749603271 32
1774130456531 0.5504683256149292 33
1774130457159 0.5324380397796631 34
1774130457787 0.5167596936225891 35
1774130458417 0.49782347679138184 36
1774130459046 0.4864819049835205 37
1774130459677 0.4724915325641632 38
1774130460312 0.45969879627227783 39
1774130460944 0.4444817304611206 40
1774130461582 0.42903608083724976 41
1774130462220 0.41638675332069397 42
1774130462855 0.4027371406555176 43
1774130463488 0.38544961810112 44
1774130464085 0.37810924649238586 45
1774130464719 0.36317887902259827 46
1774130465318 0.3523123860359192 47
1774130465953 0.33981889486312866 48
1774130466588 0.33105766773223877 49
1774130467228 0.3174520432949066 50
1774130467829 0.3104056119918823 51
1774130468469 0.30063775181770325 52
1774130469108 0.29095858335494995 53
1774130469747 0.2784106731414795 54
1774130470349 0.26884710788726807 55
1774130470952 0.2595277726650238 56
1774130471554 0.2516876459121704 57
1774130472155 0.2457371950149536 58
1774130472793 0.23732903599739075 59
1774130473394 0.23094740509986877 60
1774130473997 0.22132417559623718 61
1774130474596 0.2158696949481964 62
1774130475205 0.2095225602388382 63
1774130475811 0.20122161507606506 64
1774130476416 0.19562892615795135 65
1774130477023 0.19187770783901215 66
1774130477629 0.1841873824596405 67
1774130478235 0.17860820889472961 68
1774130478842 0.17049458622932434 69
1774130479449 0.16740186512470245 70
1774130480058 0.16276632249355316 71
1774130480667 0.15584519505500793 72
1774130481281 0.15060636401176453 73
