1774130436469 0.050348884936379804 0
1774130437067 0.7635791489943905 1
1774130437669 0.7841702011219045 2
1774130438278 0.801477630318785 3
1774130438881 0.8107812286222466 4
1774130439486 0.8102339581338076 5
1774130440052 0.8119441784101792 6
1774130440622 0.8107128198111917 7
1774130441189 0.819605965248324 8
1774130441757 0.8234368586673964 9
1774130442324 0.8304145573949925 10
1774130442893 0.8369133944452045 11
1774130443500 0.838213161855247 12
1774130444105 0.846216992748666 13
1774130444713 0.8475851689697633 14
1774130445328 0.8479956218360925 15
1774130445912 0.85175810644411 16
1774130446533 0.8579148994390478 17
1774130447152 0.8609248871254618 18
1774130447771 0.8662607743877412 19
1774130448397 0.867834177042003 20
1774130449023 0.8710493911615816 21
1774130449649 0.8749486933917089 22
1774130450273 0.8754275550690929 23
1774130450896 0.881926392119305 24
1774130451521 0.8835682035846217 25
1774130452147 0.8857572855383773 26
1774130452774 0.8908195375564373 27
1774130453400 0.8915720344780408 28
1774130454027 0.8969079217403202 29
1774130454652 0.9002599534820085 30
1774130455278 0.9049801614447941 31
1774130455905 0.9056642495553427 32
1774130456537 0.9086058284307019 33
1774130457165 0.9122314954166096 34
1774130457793 0.9141469421261459 35
1774130458423 0.9195512381994801 36
1774130459052 0.9214666849090163 37
1774130459683 0.9250239430838691 38
1774130460319 0.925639622383363 39
1774130460950 0.9309071008345875 40
1774130461589 0.9335750444657271 41
1774130462227 0.934669585442605 42
1774130462862 0.9375427555069092 43
1774130463495 0.9392529757832809 44
1774130464091 0.940210699138049 45
1774130464726 0.9454781775892735 46
1774130465324 0.9470515802435354 47
1774130465959 0.948761800519907 48
1774130466595 0.9499247503078396 49
1774130467235 0.9526611027500342 50
1774130467836 0.9555342728143384 51
1774130468477 0.9571076754686003 52
1774130469115 0.9585442605007525 53
1774130469754 0.9614858393761117 54
1774130470355 0.9622383362977152 55
1774130470959 0.9634012860856478 56
1774130471561 0.9665480913941715 57
1774130472162 0.9669585442605008 58
1774130472800 0.967847858804214 59
1774130473401 0.969352852647421 60
1774130474004 0.9696264878916404 61
1774130474604 0.9720207962785606 62
1774130475214 0.9737994253659872 63
1774130475819 0.9763305513750171 64
1774130476424 0.9775619099740046 65
1774130477031 0.9761253249418526 66
1774130477636 0.9792721302503763 67
1774130478242 0.9775619099740046 68
1774130478849 0.980913941715693 69
1774130479457 0.9811191681488576 70
1774130480065 0.9812559857709673 71
1774130480675 0.9833082501026132 72
1774130481289 0.9838555205910521 73
