1774143925288 0.5164589701387257 0
1774143925645 0.5182224312250177 1
1774143926223 0.5949917705149307 2
1774143926745 0.694450975781801 3
1774143927098 0.7337173759699036 4
1774143927453 0.7642840347989655 5
1774143927987 0.7694568539854221 6
1774143928374 0.7975546672936751 7
1774143928732 0.8007288972490008 8
1774143929237 0.786268516341406 9
1774143929608 0.8213026099224077 10
1774143930146 0.8111920996943334 11
1774143930493 0.8180108158946626 12
1774143930858 0.8421114507406536 13
1774143931400 0.8469315777098518 14
1774143931917 0.8518692687514695 15
1774143932300 0.8585704208793793 16
1774143932657 0.8604514460380908 17
1774143933181 0.8705619562661651 18
1774143933560 0.8759699035974606 19
