1774363588284 201.2014331817627 0
1774363603652 148.43412232398987 1
1774363618947 137.09452766180038 2
1774363634251 131.28656947612762 3
1774363649481 126.50694525241852 4
1774363664829 126.6419483423233 5
1774363680092 123.43256860971451 6
1774363695512 122.94005423784256 7
1774363710861 121.83187556266785 8
1774363726218 121.27105730772018 9
1774363741587 119.3593658208847 10
1774363756763 120.76714169979095 11
1774363772120 120.40148621797562 12
1774363787366 119.01640129089355 13
1774363802595 115.5733739733696 14
1774363817992 114.62801253795624 15
1774363833448 116.92212533950806 16
1774363848733 118.43984150886536 17
1774363864015 117.64119064807892 18
1774363879305 116.00396060943604 19
1774363894647 114.7595745921135 20
1774363909859 115.88211160898209 21
1774363925156 115.04377526044846 22
1774363940452 112.54373914003372 23
1774363955750 116.01395606994629 24
1774363970939 113.4364042878151 25
1774363986240 114.23611897230148 26
1774364001454 112.94806748628616 27
1774364016748 111.72825092077255 28
1774364032078 113.30907249450684 29
1774364047497 114.86732071638107 30
1774364062883 112.4102823138237 31
1774364078198 115.13495832681656 32
1774364093441 112.96763122081757 33
1774364108723 112.82011437416077 34
1774364124019 115.62618947029114 35
1774364139350 114.37980258464813 36
1774364154589 115.44418752193451 37
1774364169910 112.82544535398483 38
1774364185237 110.1799421608448 39
1774364200556 112.35929310321808 40
1774364215855 112.50096493959427 41
1774364231281 111.44193869829178 42
1774364246671 112.36536353826523 43
1774364261904 110.96805024147034 44
1774364277205 110.92628848552704 45
1774364292534 111.50672227144241 46
