1774543299535 3.4060986042022705 0
1774543300027 1.7082990407943726 1
1774543300523 1.5123573541641235 2
1774543300996 1.3898351192474365 3
1774543301467 1.285442590713501 4
1774543301931 1.2131195068359375 5
1774543302401 1.1656725406646729 6
1774543302879 1.113770842552185 7
1774543303347 1.0526872873306274 8
1774543303819 1.0079187154769897 9
1774543304288 0.9651163816452026 10
1774543304763 0.9255139231681824 11
1774543305242 0.8875881433486938 12
1774543305717 0.8460231423377991 13
1774543306194 0.7962837815284729 14
1774543306673 0.7605200409889221 15
1774543307151 0.7290371656417847 16
