1774569071273 3209.5 0
1774569081282 5118.3 1
1774569091299 5239.8 2
1774569101307 5299.0 3
1774569111314 5244.3 4
1774569121324 5252.1 5
1774569131334 5278.1 6
1774569141348 5257.9 7
1774569151358 5265.1 8
1774569161369 5308.5 9
1774569171378 5265.7 10
1774569181388 5548.4 11
1774569191400 5266.2 12
1774569201409 5260.5 13
1774569211419 5266.2 14
1774569221428 5275.9 15
1774569231437 5261.0 16
1774569241446 5273.9 17
1774569251460 5270.4 18
1774569261474 5268.9 19
1774569271483 5269.4 20
1774569281504 5291.8 21
