1773963046042 0.5202702702702703 0
1773963046143 0.7374517374517374 1
1773963046237 0.7683397683397684 2
1773963046332 0.7963320463320464 3
1773963046427 0.8108108108108109 4
1773963046523 0.8185328185328186 5
1773963046620 0.832046332046332 6
1773963046716 0.8388030888030888 7
1773963046813 0.8474903474903475 8
1773963046915 0.8426640926640927 9
1773963047024 0.8474903474903475 10
1773963047134 0.861003861003861 11
1773963047252 0.8465250965250966 12
1773963047352 0.8754826254826255 13
1773963047462 0.8677606177606177 14
1773963047573 0.8571428571428571 15
1773963047685 0.8716216216216216 16
1773963047786 0.8754826254826255 17
1773963047896 0.8783783783783784 18
1773963048007 0.890926640926641 19
1773963048118 0.8735521235521235 20
1773963048230 0.888996138996139 21
1773963048341 0.890926640926641 22
1773963048453 0.8793436293436293 23
1773963048566 0.887065637065637 24
1773963048679 0.8938223938223938 25
1773963048792 0.8967181467181468 26
1773963048894 0.8938223938223938 27
1773963048997 0.8986486486486487 28
1773963049099 0.9015444015444015 29
1773963049215 0.8957528957528957 30
1773963049319 0.9063706563706564 31
1773963049423 0.8938223938223938 32
1773963049538 0.9054054054054054 33
1773963049647 0.9015444015444015 34
1773963049752 0.9131274131274131 35
1773963049859 0.9063706563706564 36
1773963049967 0.9025096525096525 37
1773963050074 0.9083011583011583 38
1773963050181 0.9034749034749034 39
1773963050289 0.9063706563706564 40
1773963050399 0.917953667953668 41
1773963050508 0.9218146718146718 42
1773963050618 0.9083011583011583 43
1773963050728 0.9140926640926641 44
