1774355064808 258.5170627832413 0
1774355093137 173.0343518257141 1
1774355121631 147.8084350824356 2
1774355150132 135.9037827849388 3
1774355178301 126.77233636379242 4
1774355206731 119.03802525997162 5
1774355235182 118.53848868608475 6
1774355263612 113.50682181119919 7
1774355292082 110.42359274625778 8
1774355320372 105.89930731058121 9
1774355348651 101.29735082387924 10
1774355377162 98.63877502083778 11
1774355405683 94.85544234514236 12
1774355434136 92.54898315668106 13
1774355462464 90.04478365182877 14
1774355490871 88.65659856796265 15
1774355519412 86.3809620141983 16
1774355547928 85.02576011419296 17
1774355576457 83.06097686290741 18
1774355605057 79.74899250268936 19
1774355633649 81.87978085875511 20
1774355661909 79.64242413640022 21
1774355690528 78.38866066932678 22
1774355718925 76.73969328403473 23
1774355747386 72.41658180952072 24
1774355775924 71.81994715332985 25
1774355804384 71.61175799369812 26
1774355832881 69.86772418022156 27
1774355861355 68.33256202936172 28
1774355889787 64.4743239581585 29
1774355918403 65.90914660692215 30
1774355946759 64.41793593764305 31
1774355974952 62.25472390651703 32
1774356003316 59.50521236658096 33
1774356031806 60.434586614370346 34
1774356060191 59.66064289212227 35
1774356088795 56.75565677881241 36
1774356117163 56.51174983382225 37
1774356145583 55.591377437114716 38
1774356173968 55.015730530023575 39
1774356202443 52.45628300309181 40
1774356230821 53.04783859848976 41
1774356259154 51.1330728828907 42
1774356287558 49.99042692780495 43
1774356316255 48.64113947749138 44
1774356344669 48.29016149044037 45
1774356373080 47.096709072589874 46
1774356401619 46.6619738638401 47
