1773959891681 119.0860116481781 0
1773959902224 92.36849546432495 1
1773959912769 78.5316367149353 2
1773959923279 71.01301515102386 3
1773959933804 67.63907265663147 4
1773959944256 60.49683976173401 5
1773959954734 55.383586168289185 6
1773959965318 52.432489812374115 7
1773959975929 49.27873069047928 8
1773959986570 44.94283074140549 9
1773959996990 44.36759912967682 10
1773960007566 44.27761363983154 11
1773960018140 43.52992272377014 12
1773960028435 37.069703102111816 13
1773960039097 34.957093358039856 14
1773960049714 31.62432998418808 15
1773960060231 31.155876398086548 16
1773960070751 29.865168154239655 17
1773960081238 27.8990036547184 18
1773960091844 26.33333459496498 19
1773960102377 25.280003935098648 20
1773960112942 23.679469883441925 21
1773960123505 21.289232790470123 22
1773960133897 20.941163659095764 23
1773960144143 21.292268574237823 24
1773960154519 20.045538663864136 25
1773960165056 16.964048504829407 26
1773960175704 15.954397916793823 27
1773960186184 15.743454486131668 28
1773960196735 15.356028497219086 29
1773960207425 13.34810096025467 30
1773960217825 11.17133017629385 31
1773960228346 10.307486474514008 32
1773960238931 12.110186040401459 33
1773960249558 11.697461307048798 34
1773960259971 10.804898217320442 35
1773960270601 11.741418048739433 36
1773960281234 11.072779037058353 37
1773960291926 10.863017708063126 38
