1774192839999 239.7 0
1774192850008 1640.6 1
1774192860016 1640.6 2
1774192870023 1640.6 3
1774192880030 1806.2 4
1774192890037 1806.2 5
1774192900048 1808.3 6
1774192910060 1980.3 7
1774192920074 1980.3 8
1774192930081 1980.3 9
1774192940091 2158.6 10
1774192950107 2158.6 11
1774192960114 2158.6 12
1774192970124 2158.6 13
1774192980136 2158.6 14
1774192990147 2158.6 15
1774193000160 2158.6 16
1774193010168 2158.6 17
1774193020177 2158.6 18
1774193030184 2158.6 19
1774193040198 2158.6 20
1774193050211 2158.6 21
1774193060219 2158.6 22
