1774581394483 0.0 0
1774581404498 91.0 1
1774581414505 94.0 2
1774581424520 94.0 3
1774581434529 93.0 4
1774581444537 94.0 5
1774581454549 93.0 6
1774581464557 92.0 7
1774581474564 92.0 8
1774581484572 92.0 9
1774581494579 94.0 10
1774581504589 92.0 11
1774581514599 94.0 12
1774581524609 93.0 13
1774581534616 92.0 14
1774581544626 94.0 15
1774581554634 92.0 16
1774581564642 93.0 17
1774581574649 94.0 18
1774581584663 94.0 19
1774581594671 92.0 20
1774581604678 95.0 21
1774581614687 91.0 22
1774581624695 94.0 23
1774581634702 92.0 24
1774581644711 92.0 25
1774581654718 94.0 26
1774581664732 94.0 27
1774581674741 93.0 28
1774581684749 92.0 29
1774581694768 94.0 30
1774581704776 91.0 31
1774581714784 94.0 32
1774581724792 93.0 33
1774581734799 92.0 34
1774581744811 94.0 35
1774581754818 94.0 36
1774581764826 92.0 37
1774581774840 94.0 38
1774581784858 94.0 39
1774581794876 94.0 40
1774581804888 94.0 41
1774581814898 91.0 42
1774581824907 93.0 43
1774581834915 92.0 44
1774581844922 94.0 45
1774581854930 65.0 46
