1774581394483 1.6 0
1774581404498 13.5 1
1774581414505 14.7 2
1774581424520 14.7 3
1774581434529 15.9 4
1774581444537 15.9 5
1774581454549 15.9 6
1774581464557 15.9 7
1774581474564 15.9 8
1774581484572 15.9 9
1774581494579 15.9 10
1774581504589 15.9 11
1774581514599 17.3 12
1774581524609 17.3 13
1774581534616 17.3 14
1774581544626 17.3 15
1774581554634 17.3 16
1774581564642 17.3 17
1774581574649 17.3 18
1774581584663 17.3 19
1774581594671 17.3 20
1774581604678 17.3 21
1774581614687 17.3 22
1774581624695 17.3 23
1774581634702 17.3 24
1774581644711 17.3 25
1774581654718 17.3 26
1774581664732 17.3 27
1774581674741 17.3 28
1774581684749 17.3 29
1774581694768 17.3 30
1774581704776 17.3 31
1774581714784 17.3 32
1774581724792 17.3 33
1774581734799 17.3 34
1774581744811 17.3 35
1774581754818 17.3 36
1774581764826 17.3 37
1774581774840 17.3 38
1774581784858 17.3 39
1774581794876 17.3 40
1774581804888 17.3 41
1774581814898 17.3 42
1774581824907 17.3 43
1774581834915 17.3 44
1774581844922 17.3 45
1774581854930 17.3 46
