1774197484350 0.23833629771514572 0
1774197493009 0.44691476262142565 1
1774197501435 0.5410452866329183 2
1774197509946 0.6112327267752087 3
1774197518508 0.6412641948282939 4
1774197526969 0.673895197701464 5
1774197535390 0.7134354904911753 6
1774197544012 0.735189492406622 7
1774197552652 0.7579012176768368 8
1774197561138 0.7806129429470516 9
1774197569597 0.7915583527158297 10
1774197578172 0.8148857572855384 11
1774197586650 0.8227527705568477 12
1774197595008 0.8436174579285812 13
1774197603482 0.8551101381857983 14
1774197612094 0.8592830756601451 15
1774197620675 0.879395266110275 16
1774197629161 0.8906143111232727 17
1774197637791 0.8954029278971132 18
1774197646354 0.9010808592146669 19
1774197654941 0.9071692433985498 20
1774197663403 0.9103160487070735 21
1774197671938 0.8882200027363525 22
1774197680285 0.9208510056095225 23
1774197688828 0.9343275413873307 24
1774197697420 0.9435627308797373 25
1774197705855 0.945751812833493 26
1774197714486 0.951771788206321 27
1774197722954 0.9553974551922287 28
1774197731502 0.957791763579149 29
1774197739929 0.9683267204815981 30
1774197748464 0.9665480913941715 31
1774197756928 0.9590915309891914 32
1774197765367 0.9641537830072513 33
1774197773569 0.9638801477630319 34
1774197782131 0.9666849090162813 35
1774197790783 0.9634012860856478 36
1774197799453 0.9720207962785606 37
1774197807897 0.9680530852373785 38
1774197816581 0.9691476262142564 39
1774197825117 0.9699685319469148 40
