1774214716072 27.4 0
1774214726082 38.9 1
1774214736098 46.6 2
1774214746113 41.6 3
1774214756121 41.8 4
1774214766130 40.5 5
1774214776140 43.9 6
1774214786153 35.5 7
1774214796166 36.1 8
1774214806177 34.5 9
1774214816187 47.6 10
1774214826198 52.1 11
1774214836212 35.8 12
1774214846223 38.7 13
1774214856233 44.8 14
1774214866240 51.9 15
1774214876252 39.0 16
1774214886263 38.9 17
1774214896274 35.3 18
1774214906287 36.3 19
1774214916298 38.4 20
1774214926307 44.4 21
1774214936316 42.6 22
1774214946328 37.6 23
1774214956338 34.6 24
1774214966351 36.2 25
1774214976361 37.1 26
1774214986372 46.3 27
1774214996379 41.3 28
1774215006389 37.6 29
1774215016400 50.0 30
1774215026410 41.1 31
