1774214716072 33.2 0
1774214726082 36.7 1
1774214736098 38.5 2
1774214746113 36.8 3
1774214756121 36.8 4
1774214766130 37.0 5
1774214776140 36.9 6
1774214786153 37.0 7
1774214796166 37.2 8
1774214806177 36.9 9
1774214816187 37.0 10
1774214826198 37.1 11
1774214836212 37.1 12
1774214846223 37.0 13
1774214856233 37.0 14
1774214866240 37.8 15
1774214876252 37.0 16
1774214886263 37.2 17
1774214896274 37.2 18
1774214906287 37.1 19
1774214916298 37.1 20
1774214926307 37.0 21
1774214936316 37.1 22
1774214946328 37.2 23
1774214956338 37.3 24
1774214966351 37.2 25
1774214976361 37.3 26
1774214986372 37.2 27
1774214996379 37.4 28
1774215006389 37.1 29
1774215016400 36.9 30
1774215026410 36.9 31
