1774187953183 0.0 0
1774187963196 15.7 1
1774187973206 12.4 2
1774187983214 14.4 3
1774187993224 16.8 4
1774188003238 11.5 5
1774188013245 11.9 6
1774188023251 19.1 7
1774188033257 11.7 8
1774188043263 11.9 9
1774188053272 18.8 10
1774188063279 12.0 11
1774188073286 11.9 12
1774188083294 18.2 13
1774188093301 12.3 14
1774188103313 12.1 15
1774188113319 13.8 16
1774188123326 17.6 17
1774188133333 12.0 18
1774188143345 13.4 19
1774188153351 17.2 20
1774188163361 11.7 21
1774188173368 13.2 22
1774188183376 17.0 23
1774188193383 11.7 24
1774188203394 13.4 25
1774188213407 15.6 26
1774188223416 13.6 27
1774188233423 13.1 28
1774188243441 12.6 29
