1774187953183 34.3 0
1774187963196 101.0 1
1774187973206 117.9 2
1774187983214 126.6 3
1774187993224 114.6 4
1774188003238 134.4 5
1774188013245 105.3 6
1774188023251 123.9 7
1774188033257 138.0 8
1774188043263 141.5 9
1774188053272 113.5 10
1774188063279 104.1 11
1774188073286 113.3 12
1774188083294 99.3 13
1774188093301 106.9 14
1774188103313 103.3 15
1774188113319 93.4 16
1774188123326 87.0 17
1774188133333 102.1 18
1774188143345 98.0 19
1774188153351 125.6 20
1774188163361 119.7 21
1774188173368 134.6 22
1774188183376 100.7 23
1774188193383 108.9 24
1774188203394 160.1 25
1774188213407 100.7 26
1774188223416 129.7 27
1774188233423 117.3 28
1774188243441 106.9 29
