1773960320748 0.17078234265734266 0
1773960337492 0.37347027972027974 1
1773960354289 0.4585882867132867 2
1773960371075 0.506993006993007 3
1773960387876 0.5572552447552448 4
1773960404729 0.5976835664335665 5
1773960421477 0.6199737762237763 6
1773960438305 0.6480550699300699 7
1773960455180 0.6752622377622378 8
1773960471968 0.699847027972028 9
1773960488773 0.7091346153846154 10
1773960505400 0.7293487762237763 11
1773960522019 0.7486888111888111 12
1773960538899 0.7679195804195804 13
1773960555695 0.7800480769230769 14
1773960572768 0.7895541958041958 15
1773960589474 0.8050699300699301 16
1773960606276 0.8135926573426573 17
1773960622865 0.8305288461538461 18
1773960639508 0.8406905594405595 19
1773960656467 0.852381993006993 20
1773960673141 0.8649475524475524 21
1773960690052 0.8693181818181818 22
1773960706901 0.8764204545454546 23
1773960723715 0.8768575174825175 24
1773960740526 0.8898601398601399 25
1773960757396 0.9040646853146853 26
1773960774378 0.9129152097902098 27
1773960791136 0.9065777972027972 28
1773960807885 0.9110576923076923 29
1773960824473 0.9180506993006993 30
1773960841144 0.9263548951048951 31
1773960858065 0.9382648601398601 32
1773960874948 0.9402316433566433 33
1773960891834 0.9513767482517482 34
1773960908649 0.9529064685314685 35
1773960925536 0.9508304195804196 36
1773960942435 0.8968531468531469 37
1773960959420 0.9373907342657343 38
1773960976028 0.9559659090909091 39
1773960992929 0.9645979020979021 40
1773961009758 0.9668924825174825 41
1773961026829 0.9555288461538461 42
1773961043795 0.9641608391608392 43
1773961060503 0.9695148601398601 44
