1774193476161 0.6761661513644307 0
1774193476580 0.7472778599274096 1
1774193476999 0.7686517004973786 2
1774193477415 0.7824976475332706 3
1774193477831 0.7987632746336873 4
1774193478251 0.8136846350315903 5
1774193478668 0.8345207689205538 6
1774193479084 0.8558946094905229 7
1774193479498 0.8696061298561635 8
1774193479912 0.9002554106734776 9
1774193480332 0.9158489044226374 10
1774193480825 0.9303669848097863 11
1774193481303 0.9369538916521037 12
1774193481720 0.952681812071515 13
1774193482141 0.9624949589998656 14
