1773973674159 0.6105102280743004 0
1773973674745 0.7193745591347285 1
1773973675320 0.758170703033153 2
1773973675902 0.7910886433106042 3
1773973676471 0.8265929931812838 4
1773973677074 0.8403479896543616 5
1773973677651 0.8659769574418058 6
1773973678225 0.8789090054079474 7
1773973678791 0.8919586174465084 8
1773973679571 0.9041852809781331 9
1773973680296 0.9097107923818482 10
1773973680865 0.921232071478956 11
1773973681431 0.9309898894897719 12
1773973681999 0.9405125793557488 13
1773973682740 0.9434516811662356 14
1773973683320 0.9473312955560781 15
1773973683900 0.9521514225252763 16
1773973684625 0.9552080884081825 17
1773973685221 0.9554432165530214 18
1773973685812 0.955325652480602 19
1773973686398 0.9566188572772161 20
1773973686983 0.9621443686809311 21
