1774809377597 3.2670254707336426 0
1774809378589 1.7999529838562012 1
1774809379553 1.6682835817337036 2
1774809380519 1.5852065086364746 3
1774809381486 1.513110876083374 4
1774809382451 1.450580358505249 5
1774809383421 1.4031457901000977 6
1774809384393 1.349610686302185 7
1774809385369 1.2992085218429565 8
1774809386373 1.2664355039596558 9
1774809387389 1.2317936420440674 10
1774809388411 1.1935979127883911 11
1774809389430 1.1626185178756714 12
1774809390414 1.133427381515503 13
1774809391431 1.1039602756500244 14
1774809392450 1.0786092281341553 15
1774809393470 1.0458979606628418 16
1774809394489 1.0233312845230103 17
1774809395509 1.0083452463150024 18
1774809396536 0.9799986481666565 19
1774809397561 0.9549925327301025 20
1774809398585 0.9401712417602539 21
1774809399609 0.9169096946716309 22
1774809400633 0.8964574933052063 23
1774809401655 0.8763685822486877 24
1774809402681 0.8539946675300598 25
1774809403706 0.8353635668754578 26
1774809404731 0.8115929365158081 27
1774809405757 0.8017004728317261 28
1774809406789 0.7772517800331116 29
1774809407829 0.7602908611297607 30
1774809408863 0.7465238571166992 31
1774809409890 0.7290310859680176 32
1774809410919 0.7118790149688721 33
1774809411948 0.6978020668029785 34
1774809412975 0.6763123273849487 35
1774809414006 0.660528302192688 36
1774809415041 0.6471896171569824 37
1774809416076 0.6303067207336426 38
1774809417105 0.6168429255485535 39
1774809418136 0.5970549583435059 40
1774809419172 0.5866543054580688 41
1774809420210 0.5706986784934998 42
1774809421241 0.5557246208190918 43
1774809422274 0.5443614721298218 44
1774809423307 0.5262314081192017 45
1774809424306 0.5136508941650391 46
1774809425340 0.5011873245239258 47
1774809426376 0.4927404224872589 48
1774809427413 0.475980669260025 49
1774809428448 0.4611627161502838 50
1774809429451 0.4503459334373474 51
1774809430488 0.43447089195251465 52
1774809431527 0.4252125918865204 53
1774809432566 0.4147707521915436 54
1774809433573 0.4024103283882141 55
1774809434581 0.3950173556804657 56
1774809435588 0.37991204857826233 57
1774809436635 0.36821773648262024 58
1774809437646 0.3593204617500305 59
1774809438654 0.35188189148902893 60
1774809439665 0.33762869238853455 61
1774809440677 0.33066681027412415 62
1774809441691 0.3195353150367737 63
1774809442701 0.3141155242919922 64
1774809443711 0.2999473512172699 65
1774809444723 0.2922653555870056 66
1774809445739 0.28359249234199524 67
1774809446755 0.2757644057273865 68
1774809447770 0.2671802341938019 69
1774809448784 0.25907739996910095 70
1774809449804 0.25361061096191406 71
1774809450824 0.24489706754684448 72
