1774804723917 0.0 0
1774804733925 11.0 1
1774804743932 16.0 2
1774804753939 14.7 3
1774804763949 10.6 4
1774804773957 11.4 5
1774804783965 18.6 6
1774804793973 10.3 7
1774804803980 10.5 8
1774804813987 19.9 9
1774804823998 10.4 10
1774804834005 10.3 11
1774804844012 20.6 12
1774804854019 10.3 13
1774804864028 10.5 14
1774804874038 19.0 15
1774804884046 11.8 16
1774804894053 10.4 17
1774804904062 15.3 18
1774804914074 14.6 19
1774804924086 10.2 20
1774804934095 15.1 21
1774804944103 14.8 22
1774804954111 10.3 23
1774804964118 15.1 24
1774804974125 14.8 25
1774804984137 10.3 26
1774804994144 14.8 27
1774805004156 13.3 28
1774805014164 12.4 29
1774805024171 15.1 30
1774805034179 10.0 31
1774805044186 14.8 32
1774805054198 14.8 33
1774805064205 10.3 34
1774805074215 14.5 35
1774805084224 14.4 36
1774805094231 10.6 37
1774805104238 15.0 38
1774805114250 12.9 39
1774805124258 12.3 40
1774805134270 11.9 41
1774805144279 14.1 42
1774805154290 13.6 43
1774805164298 10.0 44
1774805174305 15.1 45
1774805184320 14.8 46
1774805194328 10.3 47
1774805204337 15.0 48
1774805214345 14.6 49
1774805224370 10.2 50
1774805234380 15.1 51
1774805244388 14.6 52
1774805254401 10.5 53
1774805264411 11.9 54
1774805274422 17.8 55
1774805284437 10.4 56
1774805294446 10.5 57
1774805304454 20.0 58
1774805314463 10.3 59
1774805324479 10.2 60
1774805334497 20.2 61
1774805344507 10.5 62
1774805354518 10.6 63
1774805364528 19.6 64
1774805374539 10.6 65
1774805384553 10.6 66
1774805394564 15.1 67
1774805404573 14.6 68
1774805414586 10.3 69
1774805424605 15.0 70
1774805434614 15.1 71
1774805444623 10.2 72
1774805454632 14.9 73
1774805464642 14.7 74
1774805474659 10.1 75
1774805484668 14.2 76
1774805494677 14.2 77
1774805504689 11.5 78
1774805514698 14.2 79
1774805524707 11.4 80
