1774804723917 140.4 0
1774804733925 968.8 1
1774804743932 968.8 2
1774804753939 968.8 3
1774804763949 968.8 4
1774804773957 1073.7 5
1774804783965 1180.6 6
1774804793973 1180.6 7
1774804803980 1180.6 8
1774804813987 1180.6 9
1774804823998 1180.6 10
1774804834005 1180.6 11
1774804844012 1180.6 12
1774804854019 1180.6 13
1774804864028 1180.6 14
1774804874038 1180.6 15
1774804884046 1180.6 16
1774804894053 1180.6 17
1774804904062 1180.6 18
1774804914074 1182.7 19
1774804924086 1182.7 20
1774804934095 1182.7 21
1774804944103 1182.7 22
1774804954111 1296.0 23
1774804964118 1296.0 24
1774804974125 1296.0 25
1774804984137 1296.0 26
1774804994144 1296.0 27
1774805004156 1296.0 28
1774805014164 1296.0 29
1774805024171 1296.0 30
1774805034179 1296.0 31
1774805044186 1296.0 32
1774805054198 1296.0 33
1774805064205 1296.0 34
1774805074215 1296.0 35
1774805084224 1296.0 36
1774805094231 1413.4 37
1774805104238 1413.4 38
1774805114250 1413.4 39
1774805124258 1413.4 40
1774805134270 1413.4 41
1774805144279 1413.4 42
1774805154290 1413.4 43
1774805164298 1413.4 44
1774805174305 1413.4 45
1774805184320 1413.4 46
1774805194328 1413.4 47
1774805204337 1413.4 48
1774805214345 1413.4 49
1774805224370 1413.4 50
1774805234380 1413.4 51
1774805244388 1413.4 52
1774805254401 1413.4 53
1774805264411 1413.4 54
1774805274422 1413.4 55
1774805284437 1413.4 56
1774805294446 1413.4 57
1774805304454 1413.4 58
1774805314463 1413.4 59
1774805324479 1413.4 60
1774805334497 1413.4 61
1774805344507 1413.4 62
1774805354518 1413.4 63
1774805364528 1413.4 64
1774805374539 1413.4 65
1774805384553 1413.4 66
1774805394564 1413.4 67
1774805404573 1413.4 68
1774805414586 1413.4 69
1774805424605 1413.4 70
1774805434614 1413.4 71
1774805444623 1413.4 72
1774805454632 1413.4 73
1774805464642 1413.4 74
1774805474659 1413.4 75
1774805484668 1413.4 76
1774805494677 1413.4 77
1774805504689 1413.4 78
1774805514698 1413.4 79
1774805524707 1413.4 80
