1774213603909 0.6920996943334117 0
1774213604442 0.7541735245708912 1
1774213604917 0.773454032447684 2
1774213605398 0.7917940277451211 3
1774213605884 0.8060192805078767 4
1774213606419 0.8275335057606396 5
1774213606896 0.8448154244063014 6
1774213607370 0.8636256759934164 7
1774213607864 0.8910181048671526 8
1774213608376 0.9063014342816835 9
1774213608889 0.9225252762755702 10
1774213609425 0.942040912297202 11
1774213610003 0.9532094991770514 12
1774213610541 0.9635551375499647 13
1774213611059 0.9656712908535152 14
1774213611547 0.9657888549259346 15
1774213612040 0.9782506466023984 16
1774213612520 0.983188337644016 17
1774213613003 0.9793087232541735 18
