1768616494542 0.04617594746203311 0
1768616495529 0.7225338623614722 1
1768616496491 0.760774387741141 2
1768616497455 0.7836913394445204 3
1768616498427 0.7932001641811466 4
1768616499393 0.8033246682172663 5
1768616500361 0.8124914488986181 6
1768616501322 0.819058694759885 7
1768616502288 0.8238473115337256 8
1768616503255 0.8239841291558353 9
1768616504235 0.826173211109591 10
1768616505215 0.8321247776713641 11
1768616506193 0.836160897523601 12
1768616507172 0.8375290737446983 13
1768616508152 0.8417704200300998 14
1768616509134 0.8462854015597209 15
