1773972812964 0.18136450642603227 0
1773972823463 0.5303527481542247 1
1773972833947 0.6784933005195516 2
1773972844500 0.7400191413727099 3
1773972854980 0.7776182663385288 4
1773972865500 0.8084495488105005 5
1773972876015 0.8391441071916872 6
1773972886516 0.8612250478534318 7
1773972897049 0.8755810773858353 8
1773972907622 0.8938337435056057 9
1773972918127 0.9053185671315286 10
1773972928659 0.9121547716707684 11
1773972939195 0.921862182116489 12
1773972949702 0.9274678698386656 13
1773972960217 0.9313645064260323 14
1773972970742 0.9354662291495761 15
1773972981252 0.9425075198249931 16
1773972991775 0.9528985507246377 17
1773973002326 0.9511894995898277 18
1773973012883 0.954334153677878 19
1773973023393 0.95638501503965 20
1773973033928 0.9593245829915231 21
1773973044442 0.9582307902652447 22
1773973054976 0.9562482909488652 23
1773973065498 0.9587093245829915 24
1773973076022 0.9601449275362319 25
