1774135691333 0.04118616144975288 0
1774135691824 0.06370126304228446 1
1774135692329 0.08731466227347612 2
1774135692810 0.07797913234486546 3
1774135693291 0.08786381109280615 4
1774135693982 0.10543657331136738 5
1774135694782 0.1630971993410214 6
1774135695268 0.18890719384953322 7
1774135695761 0.2097748489840747 8
1774135696249 0.22185612300933552 9
1774135696732 0.2515101592531576 10
1774135697219 0.2970895112575508 11
1774135697693 0.2959912136188907 12
1774135698502 0.32674354750137286 13
1774135699005 0.37616694124107636 14
1774135699503 0.4052718286655684 15
1774135700002 0.47226798462383307 16
1774135700518 0.500274574409665 17
1774135700999 0.5046677649643053 18
1774135701501 0.5398132894014278 19
1774135702184 0.5837451949478308 20
1774135702913 0.6095551894563427 21
1774135703426 0.6370126304228446 22
1774135703956 0.656781987918726 23
1774135704455 0.7073036792970895 24
1774135704968 0.6941241076331686 25
1774135705498 0.7391543108182317 26
1774135706043 0.7517847336628226 27
1774135706919 0.7732015376166941 28
1774135707468 0.8121911037891268 29
1774135708011 0.8050521691378364 30
1774135708552 0.828665568369028 31
1774135709059 0.8533772652388797 32
1774135709574 0.8720483250961011 33
1774135710085 0.8736957715540912 34
1774135710966 0.8929159802306426 35
1774135711463 0.9093904448105437 36
1774135712000 0.9121361889071938 37
1774135712528 0.9198242723778144 38
1774135713042 0.9341021416803954 39
1774135713568 0.9373970345963756 40
1774135714104 0.9319055464030752 41
1774135714621 0.9505766062602965 42
1774135715461 0.956617243272927 43
1774135715984 0.9577155409115871 44
1774135716501 0.9681493684788578 45
1774135717039 0.9665019220208677 46
1774135717564 0.9670510708401977 47
1774135718087 0.9681493684788578 48
1774135718609 0.9780340472267984 49
1774135719508 0.9747391543108183 50
1774135720030 0.9763866007688083 51
1774135720554 0.9835255354200988 52
1774135721079 0.9818780889621087 53
1774135721606 0.9835255354200988 54
1774135722156 0.9824272377814388 55
1774135722720 0.9835255354200988 56
1774135723257 0.9846238330587589 57
1774135724115 0.9840746842394289 58
1774135724646 0.9840746842394289 59
1774135725183 0.9884678747940692 60
1774135725746 0.9890170236133993 61
1774135726288 0.9912136188907194 62
1774135726834 0.9895661724327293 63
1774135727370 0.9890170236133993 64
1774135728295 0.9923119165293794 65
1774135728857 0.9906644700713894 66
1774135729371 0.9917627677100495 67
1774135729919 0.9906644700713894 68
1774135730450 0.9934102141680395 69
1774135731003 0.9956068094453597 70
1774135731565 0.9950576606260296 71
1774135732272 0.9945085118066996 72
1774135732965 0.9950576606260296 73
1774135733517 0.9989017023613399 74
1774135734085 0.9972542559033498 75
1774135734602 0.9978034047226798 76
1774135735148 0.9956068094453597 77
1774135735723 0.9961559582646897 78
1774135736266 0.9956068094453597 79
