1774145150171 3.083817459106445 0
1774145152778 2.7812134790176 1
1774145155131 2.406656984541151 2
1774145157410 1.9992152728871402 3
1774145160122 1.656779370772533 4
1774145162414 1.3968498523907784 5
1774145164670 1.176930095346565 6
1774145167180 0.9913008469557151 7
1774145169593 0.8317529794701144 8
1774145171888 0.7030501784218682 9
1774145174217 0.5906283251933563 10
1774145176805 0.5041627119259957 11
1774145179083 0.430495782085973 12
1774145181632 0.3714117180832431 13
1774145183967 0.3180522895164979 14
1774145186309 0.2768275557990767 15
1774145188752 0.2321050670992615 16
1774145191020 0.20656690874262754 17
1774145193493 0.17905883360826053 18
1774145195853 0.1487037593482906 19
1774145198352 0.13993108837523013 20
1774145200684 0.12584824081261953 21
1774145203227 0.11243833305489304 22
1774145205461 0.10381739623882831 23
1774145207686 0.08910135808816323 24
1774145210321 0.08072200044149007 25
1774145212587 0.0762733096337726 26
1774145214859 0.0698258744432376 27
1774145217119 0.06443849971202703 28
1774145219566 0.05993940829390135 29
1774145221866 0.060971697192161514 30
1774145224333 0.058175836668564726 31
1774145226603 0.05184192246937344 32
1774145229025 0.049412716343362105 33
1774145231518 0.044273025116859335 34
1774145233815 0.04354951729784664 35
1774145236172 0.044439537931456524 36
1774145238458 0.04212796022239913 37
1774145240963 0.03842599778858005 38
1774145243416 0.0358281313741309 39
1774145245973 0.03269364928307696 40
1774145248275 0.032165407240900216 41
1774145250541 0.032640396394026584 42
1774145253072 0.029754484308071625 43
1774145255363 0.030126686148791233 44
1774145257633 0.027898206285941297 45
1774145259904 0.025990998299458088 46
1774145262586 0.024833686200599385 47
1774145264866 0.027859143469196098 48
1774145267411 0.026871068712101022 49
1774145269682 0.026210425119751538 50
1774145271975 0.024927977065754753 51
1774145274468 0.02269544338594135 52
1774145276784 0.023231028516195778 53
1774145279240 0.02079371014224668 54
