1774186329787 0.0 0
1774186339803 13.9 1
1774186349820 16.0 2
1774186359842 11.9 3
1774186369849 14.2 4
1774186379858 15.8 5
1774186389882 11.6 6
1774186399894 14.4 7
1774186409925 15.7 8
1774186419942 11.4 9
1774186429954 13.7 10
1774186439968 13.5 11
1774186449979 13.5 12
1774186459987 14.0 13
1774186470001 11.6 14
1774186480009 16.1 15
1774186490017 13.0 16
1774186500024 11.9 17
1774186510053 16.4 18
1774186520062 13.0 19
1774186530077 11.8 20
1774186540083 16.5 21
1774186550091 12.8 22
1774186560105 12.1 23
1774186570112 12.4 24
1774186580120 16.8 25
1774186590134 12.4 26
1774186600150 11.3 27
1774186610165 17.1 28
1774186620172 12.3 29
1774186630179 10.7 30
1774186640189 18.7 31
1774186650204 12.2 32
1774186660215 10.6 33
1774186670223 16.3 34
1774186680231 14.2 35
1774186690253 11.2 36
1774186700261 13.4 37
1774186710269 17.6 38
1774186720287 10.8 39
1774186730294 13.0 40
1774186740319 17.6 41
1774186750331 10.4 42
1774186760347 12.6 43
1774186770355 18.1 44
1774186780375 10.5 45
1774186790383 12.6 46
1774186800403 14.1 47
1774186810411 14.4 48
1774186820439 12.2 49
1774186830447 13.7 50
1774186840467 15.6 51
1774186850499 11.6 52
1774186860510 14.3 53
1774186870517 15.5 54
1774186880543 11.2 55
1774186890551 14.1 56
1774186900558 14.9 57
1774186910590 12.5 58
1774186920618 13.8 59
1774186930654 11.5 60
1774186940664 16.5 61
1774186950674 13.7 62
1774186960683 11.3 63
1774186970693 16.0 64
1774186980707 13.0 65
1774186990716 11.9 66
1774187000726 16.7 67
1774187010735 12.8 68
1774187020744 12.0 69
1774187030776 13.9 70
1774187040796 15.1 71
1774187050826 12.5 72
1774187060834 11.8 73
1774187070842 17.9 74
1774187080859 12.3 75
1774187090867 11.4 76
1774187100877 17.9 77
1774187110885 12.3 78
1774187120914 11.2 79
1774187130937 18.1 80
1774187140957 12.7 81
1774187150969 11.1 82
1774187160985 13.6 83
1774187170994 17.1 84
1774187181020 11.3 85
1774187191028 13.3 86
1774187201040 17.3 87
1774187211065 10.9 88
1774187221082 13.1 89
1774187231095 17.7 90
1774187241113 10.7 91
1774187251123 13.0 92
1774187261140 16.4 93
1774187271150 13.1 94
1774187281176 12.8 95
1774187291186 13.1 96
1774187301203 15.8 97
1774187311238 12.5 98
1774187321246 13.2 99
1774187331264 15.4 100
1774187341292 11.4 101
1774187351317 13.7 102
1774187361325 15.8 103
1774187371336 11.2 104
1774187381357 14.2 105
1774187391384 11.6 106
1774187401399 14.9 107
1774187411409 14.0 108
1774187421418 11.5 109
1774187431431 16.7 110
1774187441441 13.9 111
1774187451451 11.4 112
1774187461460 16.5 113
1774187471475 13.6 114
1774187481488 11.7 115
1774187491498 15.5 116
1774187501520 14.2 117
1774187511529 12.0 118
1774187521543 11.6 119
1774187531565 18.0 120
1774187541586 12.7 121
1774187551620 11.8 122
1774187561638 17.9 123
1774187571649 12.4 124
1774187581664 11.4 125
1774187591676 18.1 126
1774187601693 12.7 127
1774187611718 11.6 128
1774187621738 14.6 129
1774187631757 15.3 130
