1774274890386 1.010700058758147 0
1774274890888 0.692418143963948 1
1774274891553 0.6844171384038442 2
1774274892077 0.6751303330595005 3
1774274892594 0.6528512400489364 4
1774274893287 0.6250065065235403 5
1774274893819 0.5926395073169615 6
1774274894521 0.5813003454154696 7
1774274895024 0.5372110714831898 8
1774274895563 0.5051651645109309 9
1774274896460 0.4830283528197326 10
1774274896993 0.45138617388303015 11
1774274897531 0.4213339750136041 12
1774274898217 0.39253657860559105 13
1774274898724 0.3710601257674019 14
1774274899241 0.3533161616906887 15
1774274899913 0.32653414123948477 16
1774274900432 0.312587739826367 17
1774274900948 0.2953737169000937 18
1774274901635 0.2839963771892086 19
1774274902173 0.28564220722799677 20
1774274902710 0.2648549018948432 21
