1774370478528 0.0 0
1774370488536 94.0 1
1774370498543 94.0 2
1774370508552 93.0 3
1774370518560 94.0 4
1774370528570 94.0 5
1774370538578 93.0 6
1774370548590 95.0 7
1774370558597 94.0 8
1774370568614 94.0 9
1774370578634 76.0 10
1774370588641 94.0 11
1774370598649 85.0 12
1774370608666 94.0 13
1774370618675 95.0 14
1774370628682 94.0 15
1774370638690 95.0 16
1774370648697 94.0 17
1774370658719 94.0 18
1774370668730 94.0 19
1774370678744 93.0 20
1774370688761 94.0 21
1774370698768 94.0 22
1774370708781 94.0 23
1774370718791 94.0 24
1774370728804 94.0 25
1774370738811 94.0 26
1774370748822 94.0 27
1774370758837 94.0 28
1774370768852 94.0 29
1774370778866 94.0 30
1774370788874 94.0 31
1774370798883 95.0 32
1774370808891 94.0 33
1774370818899 94.0 34
1774370828910 94.0 35
1774370838918 94.0 36
1774370848926 94.0 37
1774370858934 94.0 38
1774370868942 94.0 39
1774370878952 94.0 40
1774370888960 94.0 41
1774370898972 94.0 42
1774370908983 94.0 43
1774370918994 95.0 44
1774370929007 94.0 45
1774370939018 94.0 46
1774370949026 94.0 47
1774370959034 94.0 48
1774370969043 93.0 49
1774370979071 94.0 50
1774370989079 94.0 51
1774370999088 94.0 52
1774371009102 94.0 53
1774371019111 94.0 54
1774371029122 94.0 55
1774371039132 94.0 56
1774371049140 93.0 57
1774371059148 94.0 58
