1774370478528 27.2 0
1774370488536 45.1 1
1774370498543 52.8 2
1774370508552 42.5 3
1774370518560 83.3 4
1774370528570 50.0 5
1774370538578 58.4 6
1774370548590 50.4 7
1774370558597 47.1 8
1774370568614 76.8 9
1774370578634 56.7 10
1774370588641 46.5 11
1774370598649 56.8 12
1774370608666 59.2 13
1774370618675 52.1 14
1774370628682 51.5 15
1774370638690 48.7 16
1774370648697 47.1 17
1774370658719 61.4 18
1774370668730 59.0 19
1774370678744 52.6 20
1774370688761 49.8 21
1774370698768 52.6 22
1774370708781 52.8 23
1774370718791 56.5 24
1774370728804 72.7 25
1774370738811 50.8 26
1774370748822 53.0 27
1774370758837 83.2 28
1774370768852 64.9 29
1774370778866 51.0 30
1774370788874 53.1 31
1774370798883 49.8 32
1774370808891 75.7 33
1774370818899 43.5 34
1774370828910 53.4 35
1774370838918 50.5 36
1774370848926 53.1 37
1774370858934 47.0 38
1774370868942 53.2 39
1774370878952 58.6 40
1774370888960 53.0 41
1774370898972 50.1 42
1774370908983 46.1 43
1774370918994 57.8 44
1774370929007 49.1 45
1774370939018 45.1 46
1774370949026 52.1 47
1774370959034 48.0 48
1774370969043 47.1 49
1774370979071 57.7 50
1774370989079 52.9 51
1774370999088 52.6 52
1774371009102 50.0 53
1774371019111 76.1 54
1774371029122 82.5 55
1774371039132 53.4 56
1774371049140 49.7 57
1774371059148 52.6 58
