1774370478528 41.0 0
1774370488536 68.2 1
1774370498543 79.8 2
1774370508552 64.2 3
1774370518560 125.7 4
1774370528570 75.4 5
1774370538578 88.2 6
1774370548590 76.1 7
1774370558597 71.1 8
1774370568614 115.9 9
1774370578634 85.6 10
1774370588641 70.2 11
1774370598649 85.7 12
1774370608666 89.3 13
1774370618675 78.7 14
1774370628682 77.7 15
1774370638690 73.5 16
1774370648697 71.1 17
1774370658719 92.7 18
1774370668730 89.1 19
1774370678744 79.4 20
1774370688761 75.2 21
1774370698768 79.5 22
1774370708781 79.7 23
1774370718791 85.2 24
1774370728804 109.7 25
1774370738811 76.7 26
1774370748822 80.1 27
1774370758837 125.6 28
1774370768852 98.0 29
1774370778866 76.9 30
1774370788874 80.1 31
1774370798883 75.3 32
1774370808891 114.3 33
1774370818899 65.8 34
1774370828910 80.7 35
1774370838918 76.3 36
1774370848926 80.2 37
1774370858934 71.0 38
1774370868942 80.3 39
1774370878952 88.4 40
1774370888960 80.1 41
1774370898972 75.6 42
1774370908983 69.6 43
1774370918994 87.3 44
1774370929007 74.1 45
1774370939018 68.2 46
1774370949026 78.7 47
1774370959034 72.5 48
1774370969043 71.1 49
1774370979071 87.2 50
1774370989079 79.9 51
1774370999088 79.5 52
1774371009102 75.4 53
1774371019111 114.8 54
1774371029122 124.6 55
1774371039132 80.6 56
1774371049140 75.0 57
1774371059148 79.4 58
