1774273781980 0.49953095684803 0
1774273782490 0.5146575984990619 1
1774273783163 0.5124296435272045 2
1774273783663 0.5174718574108818 3
1774273784177 0.5090290806754222 4
1774273784851 0.49847560975609756 5
1774273785390 0.5087945590994372 6
1774273786081 0.5165337711069419 7
1774273786607 0.5323639774859287 8
1774273787131 0.5397514071294559 9
1774273788021 0.5585131332082551 10
1774273788536 0.5681285178236398 11
1774273789063 0.5863039399624765 12
1774273789832 0.5977954971857411 13
1774273790378 0.6198405253283302 14
1774273790914 0.6441135084427767 15
1774273791648 0.6568949343339587 16
1774273792214 0.6860928705440901 17
1774273792774 0.7041510318949343 18
1774273793465 0.7315900562851783 19
1774273794013 0.7474202626641651 20
1774273794604 0.774155722326454 21
1774273795292 0.7859990619136961 22
1774273795979 0.8052298311444653 23
1774273796542 0.8202392120075047 24
1774273797245 0.8303236397748592 25
1774273797759 0.8462711069418386 26
1774273798303 0.8534240150093808 27
1774273799020 0.8712476547842402 28
1774273799568 0.8814493433395872 29
1774273800114 0.8927063789868668 30
1774273800825 0.8986866791744841 31
1774273801355 0.9041979362101313 32
1774273801896 0.911468105065666 33
1774273802598 0.9104127579737336 34
1774273803122 0.924718574108818 35
1774273803674 0.925187617260788 36
1774273804513 0.9348030018761726 37
1774273805101 0.9332786116322702 38
1774273805639 0.9364446529080676 39
1774273806329 0.9386726078799249 40
1774273806853 0.9364446529080676 41
1774273807410 0.9432457786116323 42
1774273808141 0.948170731707317 43
