1774717975653 41.920583963394165 0
1774717976627 35.516574680805206 1
1774717977632 34.18997600674629 2
1774717978571 33.06761884689331 3
1774717979502 31.89978775382042 4
1774717980387 31.75377243757248 5
1774717981280 30.988472193479538 6
1774717982287 30.877071231603622 7
1774717983202 30.008743166923523 8
1774717984075 29.618549287319183 9
1774717984955 29.149091988801956 10
1774717985831 28.671773493289948 11
1774717986707 27.966245472431183 12
1774717987577 27.054513335227966 13
1774717988514 26.89802473783493 14
1774717989471 26.16533437371254 15
1774717990343 25.03173667192459 16
1774717991217 24.401632100343704 17
1774717992105 24.469463497400284 18
1774717992998 23.54783207178116 19
1774717993925 23.03484696149826 20
1774717994808 22.831514924764633 21
1774717995719 22.69883595407009 22
1774717996595 21.278146788477898 23
1774717997466 20.91753351688385 24
1774717998332 20.135787427425385 25
1774717999205 19.459281861782074 26
1774718000148 19.813069760799408 27
1774718001054 18.938655361533165 28
1774718001933 18.459666937589645 29
1774718002806 18.27301152050495 30
1774718003707 17.390883788466454 31
1774718004595 16.633699625730515 32
1774718005509 16.2349611222744 33
1774718006388 16.168099105358124 34
1774718007318 15.06986079365015 35
1774718008195 15.02801762521267 36
1774718009137 14.562411233782768 37
1774718010058 14.62542374432087 38
