1774717975657 0.6417682926829268 0
1774717976635 0.7337007504690432 1
1774717977640 0.7468339587242027 2
1774717978579 0.7536350844277674 3
1774717979507 0.7684099437148217 4
1774717980391 0.7693480300187617 5
1774717981288 0.7770872420262664 6
1774717982295 0.7803705440900562 7
1774717983206 0.7912757973733584 8
1774717984082 0.786702626641651 9
1774717984960 0.7920966228893058 10
1774717985835 0.7972560975609756 11
1774717986712 0.8055816135084428 12
1774717987582 0.81062382739212 13
1774717988524 0.8139071294559099 14
1774717989481 0.825046904315197 15
1774717990348 0.8285647279549718 16
1774717991222 0.8363039399624765 17
1774717992111 0.8319652908067542 18
1774717993003 0.8426360225140713 19
1774717993930 0.849202626641651 20
1774717994814 0.8474437148217636 21
1774717995729 0.850375234521576 22
1774717996600 0.864094746716698 23
1774717997471 0.8653846153846154 24
1774717998337 0.8676125703564728 25
1774717999212 0.8755863039399625 26
1774718000158 0.8744136960600375 27
1774718001060 0.8810975609756098 28
1774718001941 0.8793386491557224 29
1774718002811 0.8854362101313321 30
1774718003718 0.8914165103189493 31
1774718004601 0.8970450281425891 32
1774718005516 0.8971622889305816 33
1774718006394 0.8962242026266416 34
1774718007327 0.9078330206378987 35
1774718008203 0.9060741088180112 36
1774718009147 0.9088883677298312 37
1774718010063 0.9077157598499062 38
