1774212885465 0.22913410440762738 0
1774212893160 0.46225382932166303 1
1774212900722 0.55314160675211 2
1774212908292 0.6033916849015317 3
1774212916006 0.6462957174116911 4
1774212923624 0.6748984057517975 5
1774212931163 0.708893404188809 6
1774212938719 0.7364020006251953 7
1774212946233 0.7535167239762426 8
1774212953764 0.776258205689278 9
1774212961338 0.7932166301969366 10
1774212968934 0.8038449515473586 11
1774212976410 0.8173648015004689 12
1774212983983 0.8231478587058456 13
1774212991431 0.822444513910597 14
1774212998923 0.8389340418880901 15
1774213006520 0.8555798687089715 16
1774213014063 0.8773054079399812 17
1774213021611 0.881447327289778 18
1774213029263 0.8971553610503282 19
1774213036953 0.9095029696780244 20
1774213044461 0.9142700844013755 21
1774213051913 0.9127070959674899 22
1774213059454 0.9189590497030322 23
1774213066923 0.9226320725226633 24
1774213074441 0.9413097843075962 25
1774213081970 0.9438105658018131 26
1774213089515 0.9512347608627696 27
1774213096974 0.9544388871522351 28
1774213104456 0.9552203813691779 29
1774213111911 0.9543607377305408 30
1774213119599 0.9617849327914973 31
1774213127078 0.9428727727414817 32
1774213134766 0.9619412316348859 33
