1773967984205 279.1044371128082 0
1773968023661 220.8705221414566 1
1773968063141 189.36995136737823 2
1773968102772 172.9027762413025 3
1773968142140 158.7803328037262 4
1773968181625 145.8095811009407 5
1773968220815 136.85055136680603 6
1773968260290 129.06495893001556 7
1773968299588 122.66715294122696 8
1773968339194 114.41473561525345 9
1773968378873 109.36553764343262 10
1773968418443 120.42808294296265 11
1773968458141 106.06627607345581 12
1773968497687 96.94862604141235 13
1773968537386 92.33206325769424 14
1773968576859 85.3508688211441 15
1773968616357 88.25761097669601 16
1773968656239 81.2641750574112 17
1773968695947 78.06277000904083 18
1773968735481 74.54324600100517 19
1773968775010 66.28478771448135 20
1773968814701 64.63164275884628 21
1773968854283 60.86991789937019 22
1773968894294 56.66929565370083 23
1773968934141 52.424443900585175 24
1773968974027 53.69697707891464 25
1773969012688 47.819250747561455 26
1773969052092 50.46896946430206 27
1773969091561 45.38548964262009 28
1773969131132 40.472179397940636 29
1773969170994 39.63310821354389 30
1773969210824 37.928469344973564 31
1773969250507 35.872052401304245 32
1773969289922 35.69695968180895 33
