1774131145776 3.019306848045576 0
1774131147291 2.6049913095374295 1
1774131149011 2.1276888851754756 2
1774131150505 1.7589581968161618 3
1774131152017 1.4681905991467752 4
1774131153726 1.2289226066072918 5
1774131155437 1.0548317529366107 6
1774131156961 0.918868766427611 7
1774131158694 0.8060262713880509 8
1774131160264 0.7080851024275913 9
1774131161816 0.6277127016959071 10
1774131163560 0.5608086439861548 11
1774131165117 0.49366242250888615 12
1774131166817 0.4381475382920149 13
1774131168561 0.39972992712127997 14
1774131170124 0.35511803818655857 15
1774131171666 0.3230355602108938 16
1774131173375 0.2973402410578444 17
1774131174889 0.27334642647180074 18
1774131176397 0.2434718154869257 19
1774131178064 0.2286716985594869 20
1774131179775 0.20193686629144122 21
1774131181268 0.19049503291651396 22
1774131182967 0.17435864911129642 23
1774131184490 0.16053529631946364 24
1774131186000 0.14871584132817298 25
1774131187507 0.14536101991336964 26
1774131189234 0.13166643777001588 27
1774131190953 0.12222637983317054 28
1774131192462 0.1196571652308455 29
1774131194190 0.10439914224277135 30
1774131195713 0.1021038445286409 31
1774131197273 0.10359752445471142 32
1774131199018 0.08921206607866229 33
1774131200523 0.08726175107395197 34
1774131202203 0.08595981769582807 35
1774131203953 0.07647858106261451 36
1774131205517 0.08042984253071062 37
1774131207076 0.07437931324836575 38
1774131208802 0.0710011682349397 39
1774131210376 0.0684653947435402 40
1774131211921 0.06946589353799265 41
1774131213828 0.06515738011101704 42
1774131215371 0.0631436282631995 43
1774131216916 0.06061339333810433 44
1774131218678 0.05633382109614497 45
1774131220218 0.055326528759041996 46
