1773969348240 0.5266870444392193 0
1773969348640 0.7033858452856807 1
1773969349037 0.7383023747942629 2
1773969349437 0.7535857042087938 3
1773969349839 0.7633435222196097 4
1773969350257 0.7759228779684928 5
1773969350658 0.7870914648483424 6
1773969351058 0.7984951798730308 7
1773969351463 0.8147190218669175 8
1773969351886 0.8233011991535387 9
1773969352304 0.8359981189748413 10
1773969352706 0.8477545262167882 11
1773969353107 0.8676228544556783 12
1773969353506 0.8833764401598871 13
1773969353908 0.9025393839642605 14
1773969354308 0.9168822007994357 15
1773969354708 0.9294615565483189 16
