1773969348236 70.451551258564 0
1773969348636 38.96405503153801 1
1773969349034 35.36260461807251 2
1773969349434 33.95549917221069 3
1773969349835 32.70723822712898 4
1773969350252 31.720377266407013 5
1773969350654 30.72372144460678 6
1773969351054 29.619055926799774 7
1773969351458 28.1353677213192 8
1773969351880 26.970344871282578 9
1773969352300 25.046213448047638 10
1773969352702 23.380716174840927 11
1773969353103 21.13238777220249 12
1773969353502 19.052676409482956 13
1773969353904 16.40071749687195 14
1773969354304 14.495418339967728 15
1773969354704 12.593508146703243 16
