1774258025328 39.375037521123886 0
1774258025718 33.38120850920677 1
1774258026154 31.219966799020767 2
1774258026593 30.13683444261551 3
1774258026993 28.250852048397064 4
1774258027423 26.480948716402054 5
1774258027813 25.008283615112305 6
1774258028317 22.919440031051636 7
1774258028707 21.320275589823723 8
1774258029169 18.627061873674393 9
1774258029594 16.991563960909843 10
1774258029987 15.034280881285667 11
1774258030378 12.960889056324959 12
1774258030763 11.669489957392216 13
1774258031150 10.376896150410175 14
1774258031535 9.049973413348198 15
1774258031924 9.36285900324583 16
1774258032312 6.9970841109752655 17
1774258032718 5.740987278521061 18
1774258033130 5.28020678088069 19
1774258033531 4.930020894855261 20
