1774350640708 260.2867991924286 0
1774350654178 176.87688636779785 1
1774350667611 148.6840294599533 2
1774350681065 137.2347526550293 3
1774350694455 128.84937739372253 4
1774350707846 120.0476706624031 5
1774350721284 116.56565338373184 6
1774350734763 111.83172351121902 7
1774350748072 108.03505283594131 8
1774350761623 105.15890496969223 9
1774350775028 100.55797040462494 10
1774350788592 97.56278163194656 11
1774350801993 98.3433347940445 12
1774350815446 94.48302245140076 13
1774350828918 92.52687072753906 14
1774350842261 91.38203227519989 15
1774350855766 89.21212929487228 16
1774350869194 87.34475564956665 17
1774350882719 85.49269825220108 18
1774350896095 85.19279128313065 19
1774350909579 83.28158330917358 20
1774350923047 79.67908000946045 21
1774350936342 78.90970778465271 22
1774350949831 77.1683783531189 23
1774350963255 77.86557626724243 24
1774350976623 76.60939598083496 25
1774350990030 75.28500819206238 26
1774351003211 74.39467504620552 27
1774351016712 74.74297833442688 28
1774351030138 72.41206347942352 29
1774351043564 72.16690987348557 30
1774351056973 72.90195459127426 31
1774351070455 71.26619136333466 32
1774351083907 71.55912563204765 33
1774351097495 68.71606513857841 34
1774351110949 67.99026295542717 35
1774351124274 66.71019768714905 36
1774351137702 66.14439758658409 37
1774351151181 64.35369318723679 38
1774351164696 63.0942123234272 39
1774351178133 66.72895282506943 40
1774351191569 62.865025371313095 41
1774351204954 63.10816818475723 42
1774351218342 61.103018790483475 43
1774351231830 61.06648135185242 44
1774351245330 66.49289512634277 45
1774351258774 60.76957497000694 46
1774351272256 59.85577246546745 47
1774351285561 59.606743693351746 48
1774351298981 57.687143951654434 49
1774351312410 58.111048728227615 50
1774351325794 56.58819106221199 51
1774351339328 55.53336238861084 52
1774351352725 57.42810922861099 53
1774351366231 54.708499163389206 54
1774351379613 53.973345041275024 55
1774351393086 53.88911819458008 56
1774351406566 54.245892345905304 57
1774351420058 54.27163079380989 58
1774351433521 53.7040590941906 59
1774351446961 51.330426663160324 60
1774351460370 50.86002731323242 61
1774351473863 52.12290206551552 62
1774351487253 51.62744575738907 63
1774351500781 51.0081267952919 64
1774351514285 49.47988826036453 65
1774351527756 48.9150615632534 66
