1774270360307 264.19686353206635 0
1774270375414 164.62250924110413 1
1774270390555 142.30790394544601 2
1774270405697 129.53018724918365 3
1774270420846 119.40525907278061 4
1774270436005 111.29091972112656 5
1774270451102 104.02636456489563 6
1774270466284 100.92340695858002 7
1774270481479 93.50670915842056 8
1774270496637 91.96166509389877 9
1774270511770 85.59489059448242 10
1774270527001 86.34662020206451 11
1774270542178 82.58969473838806 12
1774270557306 79.47017654776573 13
1774270572380 74.17525643110275 14
1774270587531 71.09435278177261 15
1774270602747 70.70472407341003 16
1774270617901 65.16186130046844 17
1774270633044 64.69405156373978 18
1774270648157 60.38715797662735 19
1774270663288 54.446558624506 20
1774270678486 53.03799223899841 21
1774270693718 50.208202853798866 22
1774270708840 51.69442996382713 23
1774270724044 47.35814329981804 24
1774270739179 52.85483732819557 25
1774270754321 47.63847577571869 26
1774270769544 42.82424756884575 27
1774270784799 44.903157114982605 28
1774270799906 43.3486515134573 29
1774270815085 44.32656006515026 30
1774270830285 42.54292817413807 31
1774270845575 35.55073010921478 32
1774270860817 36.56026966869831 33
1774270875941 39.92549668252468 34
1774270891207 32.86004485189915 35
1774270906313 31.325296264141798 36
1774270921461 30.17041228711605 37
1774270936598 27.08778266608715 38
1774270951688 25.168594367802143 39
1774270966796 33.55019348859787 40
1774270981979 30.017545729875565 41
1774270997203 31.66585472226143 42
1774271012386 33.42163451015949 43
1774271027499 27.53237348794937 44
1774271042670 44.2975040525198 45
1774271057815 36.2298770993948 46
1774271072974 29.984627917408943 47
1774271088185 24.593347623944283 48
1774271103501 30.9095242023468 49
1774271118704 30.776404954493046 50
1774271133981 28.02322744578123 51
1774271149224 25.51795206964016 52
1774271164467 23.49530628323555 53
1774271179540 19.98136430233717 54
1774271194744 20.21377995610237 55
1774271210014 19.899758227169514 56
1774271225122 20.856162503361702 57
1774271240335 20.553361631929874 58
1774271255436 20.4242487475276 59
1774271270531 18.194936901330948 60
1774271285573 19.243175581097603 61
1774271300744 21.518396869301796 62
1774271315908 15.402561757713556 63
