1774144501466 0.787995457649231 0
1774144501655 0.4867321848869324 1
1774144501832 0.4318096935749054 2
1774144502009 0.39929306507110596 3
1774144502185 0.3784193992614746 4
1774144502367 0.3631393611431122 5
1774144502543 0.3506105840206146 6
1774144502719 0.34007254242897034 7
1774144502897 0.33095359802246094 8
1774144503076 0.3211211860179901 9
1774144503262 0.31284260749816895 10
1774144503450 0.30325138568878174 11
1774144503651 0.2955852448940277 12
1774144503852 0.2864247262477875 13
1774144504054 0.2775351405143738 14
1774144504259 0.27036648988723755 15
1774144504461 0.26161810755729675 16
1774144504663 0.2539069354534149 17
1774144504867 0.24573440849781036 18
1774144505072 0.23862677812576294 19
1774144505278 0.22941669821739197 20
1774144505484 0.22214704751968384 21
1774144505691 0.21426770091056824 22
1774144505898 0.20691122114658356 23
1774144506105 0.19902460277080536 24
1774144506291 0.1923896074295044 25
1774144506479 0.1837814897298813 26
1774144506666 0.17755571007728577 27
1774144506853 0.170781672000885 28
1774144507042 0.16388297080993652 29
1774144507230 0.15724247694015503 30
1774144507420 0.15112394094467163 31
1774144507609 0.14475025236606598 32
1774144507800 0.13853375613689423 33
1774144507991 0.13254714012145996 34
1774144508182 0.12649686634540558 35
1774144508373 0.12099320441484451 36
1774144508566 0.11677854508161545 37
1774144508758 0.11172120273113251 38
