1774144501469 0.5228658536585366 0
1774144501660 0.8401735459662288 1
1774144501836 0.848968105065666 2
1774144502014 0.8565900562851783 3
1774144502189 0.8629221388367729 4
1774144502371 0.8717166979362101 5
1774144502547 0.8778142589118199 6
1774144502724 0.8841463414634146 7
1774144502901 0.8889540337711069 8
1774144503080 0.8952861163227017 9
1774144503267 0.8977485928705441 10
1774144503454 0.9033771106941839 11
1774144503656 0.9070121951219512 12
1774144503857 0.9111163227016885 13
1774144504058 0.9149859287054409 14
1774144504264 0.9188555347091932 15
1774144504466 0.9246013133208255 16
1774144504668 0.9281191369606003 17
1774144504872 0.9316369606003753 18
1774144505077 0.9350375234521576 19
1774144505283 0.9386726078799249 20
1774144505489 0.9419559099437148 21
1774144505696 0.9455909943714822 22
1774144505903 0.948874296435272 23
1774144506110 0.9533302063789869 24
1774144506296 0.9550891181988743 25
1774144506484 0.9595450281425891 26
1774144506671 0.9611866791744841 27
1774144506858 0.9645872420262664 28
1774144507048 0.9676360225140713 29
1774144507236 0.9686913696060038 30
1774144507425 0.9717401500938087 31
1774144507615 0.9731472795497186 32
1774144507805 0.9745544090056285 33
1774144507997 0.9770168855534709 34
1774144508188 0.9787757973733584 35
1774144508379 0.9794793621013134 36
1774144508572 0.9798311444652908 37
1774144508764 0.9821763602251408 38
