1774131422756 0.5023512814483894 0
1774131423128 0.501528332941453 1
1774131423655 0.5185751234422761 2
1774131423982 0.5304490947566424 3
1774131424324 0.5494944744885962 4
1774131424808 0.5633670350340936 5
1774131425144 0.5893486950387962 6
1774131425651 0.6058076651775217 7
1774131425997 0.6226193275335058 8
1774131426340 0.6368445802962615 9
1774131427048 0.6649423936045145 10
1774131427378 0.6779920056430755 11
1774131427725 0.6956266165059958 12
1774131428235 0.7083235363272984 13
1774131428595 0.7234893016694098 14
1774131428968 0.7314836585939337 15
1774131429487 0.7471196802257231 16
1774131429822 0.7561721138020221 17
1774131430175 0.7608746766988008 18
1774131430695 0.7821537738067247 19
1774131431046 0.7763931342581707 20
1774131431414 0.7881495415001175 21
1774131431971 0.7893251822243122 22
1774131432497 0.8024923583352928 23
1774131432866 0.8135433811427227 24
1774131433413 0.8131906889254644 25
1774131433763 0.8196567129085351 26
1774131434110 0.8245944039501528 27
1774131434689 0.8269456853985422 28
1774131435078 0.8282388901951564 29
1774131435468 0.8303550434987068 30
1774131436009 0.8416411944509757 31
1774131436367 0.8362332471196803 32
1774131436721 0.842464142957912 33
1774131437269 0.8462261932753351 34
1774131437630 0.8465788854925934 35
1774131437994 0.848224782506466 36
1774131438695 0.8516341406066306 37
1774131439100 0.8538678579826006 38
1774131439484 0.8551610627792147 39
1774131440051 0.8548083705619562 40
1774131440411 0.857747472372443 41
1774131440794 0.8640959322830943 42
1774131441352 0.8628027274864801 43
1774131441735 0.8691511873971315 44
1774131442105 0.8679755466729367 45
1774131442684 0.8687984951798731 46
1774131443080 0.8664472137314837 47
1774131443471 0.8719727251351986 48
1774131444053 0.8717375969903598 49
1774131444438 0.8719727251351986 50
1774131444957 0.8739713143663297 51
1774131445533 0.8816129790735951 52
1774131445936 0.8818481072184341 53
