1774131079285 0.08681078122862225 0
1774131080115 0.23731016554932274 1
1774131081155 0.3692023532631003 2
1774131081964 0.4725680667669996 3
1774131082793 0.5610206594609386 4
1774131083835 0.6342180872896429 5
1774131084864 0.6804624435627309 6
1774131085691 0.7148720755233274 7
1774131086710 0.7378574360377617 8
1774131087550 0.7595430291421535 9
1774131088336 0.7780818169380216 10
1774131089327 0.7921740320153235 11
1774131090171 0.8046244356273088 12
1774131091143 0.8163907511287454 13
1774131092123 0.8259679846764263 14
1774131092922 0.8372554385004789 15
1774131093724 0.8485428923245314 16
1774131094729 0.8596251197154193 17
1774131095564 0.8667396360651252 18
1774131096375 0.8824736626077438 19
1774131097453 0.8860993295936517 20
1774131098461 0.8964290600629361 21
1774131099292 0.9024490354357642 22
1774131100299 0.9043644821453003 23
1774131101142 0.911547407306061 24
1774131101980 0.9213982760979614 25
1774131102836 0.9268025721712957 26
1774131103892 0.9327541387330688 27
1774131104910 0.9374059378847995 28
1774131105840 0.9391845669722261 29
1774131106931 0.940689560815433 30
1774131107767 0.947735668354084 31
1774131108665 0.9467779449993159 32
1774131109656 0.9532083732384731 33
1774131110488 0.9545765494595704 34
1774131111471 0.9554658640032836 35
1774131112529 0.9569708578464906 36
1774131113385 0.9608701600766179 37
1774131114296 0.9625803803529894 38
1774131115318 0.9650430975509645 39
1774131116229 0.9670953618826105 40
1774131117135 0.9662060473388973 41
1774131118317 0.9692160350253113 42
1774131119160 0.9722260227117253 43
1774131120041 0.9730469284443837 44
1774131121055 0.9750991927760295 45
1774131121910 0.9742098782323163 46
1774131122858 0.9763305513750171 47
1774131123873 0.974893966342865 48
1774131124748 0.9778355452182241 49
1774131125800 0.9776303187850596 50
1774131126841 0.9759200985086879 51
1774131127716 0.9793405390614311 52
1774131128587 0.9785196333287728 53
1774131129641 0.9791353126282665 54
1774131130482 0.981392803393077 55
1774131131568 0.9813243945820221 56
1774131132562 0.9822821179367902 57
1774131133379 0.9818716650704611 58
