1774350049877 33.6 0
1774350059888 66.9 1
1774350069898 79.3 2
1774350079906 86.2 3
1774350089914 65.2 4
1774350099922 94.2 5
1774350109929 80.5 6
1774350119937 80.2 7
1774350129945 86.4 8
1774350139954 76.7 9
1774350149963 79.9 10
1774350159969 67.9 11
1774350169976 81.6 12
1774350179984 92.5 13
1774350189991 73.2 14
1774350199998 80.1 15
1774350210005 80.7 16
1774350220018 77.7 17
1774350230032 82.7 18
1774350240046 76.5 19
1774350250053 79.5 20
1774350260061 78.7 21
1774350270071 81.3 22
1774350280082 91.1 23
1774350290089 93.4 24
1774350300099 80.2 25
1774350310107 81.5 26
1774350320114 80.2 27
1774350330127 76.5 28
1774350340134 68.2 29
1774350350142 82.9 30
1774350360154 76.9 31
1774350370162 80.2 32
1774350380169 76.9 33
1774350390176 81.2 34
1774350400190 83.4 35
1774350410201 87.3 36
1774350420209 71.4 37
1774350430217 77.8 38
1774350440230 85.8 39
1774350450238 80.4 40
1774350460245 84.7 41
1774350470252 66.9 42
1774350480261 80.0 43
1774350490277 79.0 44
1774350500291 85.7 45
1774350510300 82.2 46
1774350520308 77.6 47
1774350530324 82.6 48
1774350540335 77.4 49
1774350550351 87.1 50
1774350560359 79.8 51
1774350570369 77.6 52
1774350580378 85.3 53
1774350590396 85.3 54
1774350600404 68.3 55
1774350610417 80.4 56
1774350620429 87.5 57
