1774350049877 2.5 0
1774350059888 12.0 1
1774350069898 13.1 2
1774350079906 15.5 3
1774350089914 16.8 4
1774350099922 16.8 5
1774350109929 16.8 6
1774350119937 16.8 7
1774350129945 16.8 8
1774350139954 16.8 9
1774350149963 16.8 10
1774350159969 16.8 11
1774350169976 16.8 12
1774350179984 16.8 13
1774350189991 16.8 14
1774350199998 16.8 15
1774350210005 16.8 16
1774350220018 16.8 17
1774350230032 16.8 18
1774350240046 16.8 19
1774350250053 16.8 20
1774350260061 16.8 21
1774350270071 16.8 22
1774350280082 16.8 23
1774350290089 16.8 24
1774350300099 16.8 25
1774350310107 16.8 26
1774350320114 18.1 27
1774350330127 18.1 28
1774350340134 18.1 29
1774350350142 18.1 30
1774350360154 18.1 31
1774350370162 18.1 32
1774350380169 18.1 33
1774350390176 18.1 34
1774350400190 18.1 35
1774350410201 18.1 36
1774350420209 18.1 37
1774350430217 18.1 38
1774350440230 18.1 39
1774350450238 18.1 40
1774350460245 18.1 41
1774350470252 18.1 42
1774350480261 18.1 43
1774350490277 18.1 44
1774350500291 18.1 45
1774350510300 18.1 46
1774350520308 18.1 47
1774350530324 18.1 48
1774350540335 18.1 49
1774350550351 18.1 50
1774350560359 18.1 51
1774350570369 18.1 52
1774350580378 18.1 53
1774350590396 18.1 54
1774350600404 18.1 55
1774350610417 18.1 56
1774350620429 18.1 57
