1774135632397 0.5380246134427265 0
1774135632507 0.790470179867466 1
1774135632608 0.8122436099715998 2
1774135632708 0.8267592300410224 3
1774135632810 0.8425370779425686 4
1774135632912 0.8475859892710634 5
1774135633027 0.8504260018933417 6
1774135633142 0.8646260650047334 7
1774135633257 0.8693594193751972 8
1774135633381 0.8785105711580941 9
1774135633493 0.8841905964026506 10
1774135633600 0.8892395077311455 11
1774135633708 0.8933417481855475 12
1774135633815 0.9005995582202587 13
1774135633924 0.895550646891764 14
1774135634032 0.9059640265067844 15
1774135634140 0.912275165667403 16
1774135634248 0.9097507100031555 17
1774135634357 0.9138529504575575 18
1774135634466 0.9160618491637741 19
1774135634576 0.9154307352477122 20
1774135634686 0.9198485326601451 21
1774135634796 0.9271063426948564 22
1774135634921 0.9233196591984854 23
1774135635033 0.9264752287787946 24
1774135635146 0.9233196591984854 25
1774135635258 0.9299463553171348 26
1774135635371 0.9302619122751656 27
1774135635484 0.9302619122751656 28
1774135635599 0.9308930261912275 29
1774135635713 0.9365730514357842 30
1774135635828 0.9334174818554749 31
1774135635943 0.9375197223098769 32
1774135636058 0.9362574944777532 33
1774135636176 0.9431997475544336 34
1774135636306 0.9438308614704954 35
1774135636425 0.9394130640580625 36
1774135636543 0.9403597349321553 37
1774135636662 0.9403597349321553 38
1774135636780 0.9447775323445882 39
1774135636900 0.9510886715052067 40
1774135637020 0.9532975702114231 41
1774135637140 0.9551909119596087 42
1774135637261 0.949510886715052 43
1774135637383 0.9460397601767119 44
1774135637506 0.9491953297570211 45
1774135637634 0.954244241085516 46
1774135637763 0.9548753550015778 47
1774135637894 0.9529820132533923 48
1774135638022 0.9567686967497633 49
