1774135632394 0.8071120381355286 0
1774135632502 0.46476009488105774 1
1774135632604 0.42910054326057434 2
1774135632704 0.4058718979358673 3
1774135632806 0.3880607783794403 4
1774135632907 0.3725728988647461 5
1774135633023 0.359668105840683 6
1774135633138 0.34811732172966003 7
1774135633253 0.3361283242702484 8
1774135633373 0.3249795734882355 9
1774135633488 0.31738516688346863 10
1774135633596 0.31098443269729614 11
1774135633703 0.30137497186660767 12
1774135633810 0.29563504457473755 13
1774135633920 0.289446622133255 14
1774135634027 0.28395363688468933 15
1774135634135 0.2757512629032135 16
1774135634243 0.2729141414165497 17
1774135634352 0.2659994661808014 18
1774135634461 0.259552538394928 19
1774135634571 0.25645193457603455 20
1774135634681 0.25032898783683777 21
1774135634792 0.24515752494335175 22
1774135634916 0.24204181134700775 23
1774135635028 0.2378191500902176 24
1774135635141 0.23313455283641815 25
1774135635254 0.2285715937614441 26
1774135635366 0.22566640377044678 27
1774135635479 0.22189030051231384 28
1774135635594 0.21793515980243683 29
1774135635708 0.21415367722511292 30
1774135635823 0.21355773508548737 31
1774135635937 0.20870159566402435 32
1774135636053 0.20610198378562927 33
1774135636171 0.20258116722106934 34
1774135636301 0.1976975053548813 35
1774135636419 0.19646517932415009 36
1774135636538 0.1942792683839798 37
1774135636656 0.19132627546787262 38
1774135636775 0.18990322947502136 39
1774135636894 0.18501189351081848 40
1774135637015 0.1831706017255783 41
1774135637135 0.17968691885471344 42
1774135637256 0.1773335188627243 43
1774135637377 0.1760326772928238 44
1774135637500 0.17658188939094543 45
1774135637627 0.17339427769184113 46
1774135637757 0.16954077780246735 47
1774135637888 0.16895361244678497 48
1774135638016 0.16675931215286255 49
