1774809917565 0.8251306414604187 0
1774809917758 0.4413611888885498 1
1774809917936 0.4069526195526123 2
1774809918115 0.38603201508522034 3
1774809918293 0.36936819553375244 4
1774809918473 0.35554131865501404 5
1774809918653 0.345257967710495 6
1774809918833 0.3367611765861511 7
1774809919014 0.3278094530105591 8
1774809919195 0.31862813234329224 9
1774809919377 0.31094464659690857 10
1774809919560 0.30226919054985046 11
1774809919743 0.29376420378685 12
1774809919926 0.2853967249393463 13
1774809920110 0.27659061551094055 14
1774809920294 0.2675999402999878 15
