1774199426208 239.3314299583435 0
1774199442035 162.7034455537796 1
1774199457793 141.49411380290985 2
1774199473702 123.57748490571976 3
1774199489503 114.7195742726326 4
1774199505407 105.06067490577698 5
1774199521122 93.00626903772354 6
1774199536954 83.44676059484482 7
1774199552693 82.1586012840271 8
1774199568517 74.42101147770882 9
1774199584482 66.46606689691544 10
1774199600255 60.87565425038338 11
1774199616081 53.9758477807045 12
1774199631941 53.35856086015701 13
1774199647745 44.93762291967869 14
1774199663515 40.39720940589905 15
1774199679331 39.78740018606186 16
1774199695116 31.012020230293274 17
1774199710911 29.943045429885387 18
1774199726792 25.45454815775156 19
1774199742565 21.76798389852047 20
1774199758367 18.170842297375202 21
1774199774104 16.493198111653328 22
1774199789886 16.436512138694525 23
1774199805522 20.89571211487055 24
1774199821338 18.597034342586994 25
1774199837092 15.498551025986671 26
1774199852984 10.67061784863472 27
1774199868695 11.642864718101919 28
1774199884703 10.497762560844421 29
1774199900445 15.337131258100271 30
1774199916304 13.352212890982628 31
1774199932078 8.019459869712591 32
1774199948038 6.99619609490037 33
1774199963834 8.939435437321663 34
1774199979717 9.262485843151808 35
1774199995488 10.362598737701774 36
1774200011412 9.973206629045308 37
1774200027147 8.02496088296175 38
1774200043081 7.106551576405764 39
1774200058860 8.816822603344917 40
1774200074724 7.557927260175347 41
1774200090450 6.731916812248528 42
1774200106245 8.970980087295175 43
1774200122072 9.620133807882667 44
1774200137955 7.380052221007645 45
1774200153738 8.970521613955498 46
1774200169598 10.464317260310054 47
1774200185169 7.43280537519604 48
