1774354102539 0.48386491557223266 0
1774354102962 0.5048780487804878 1
1774354103527 0.5 2
1774354103921 0.4979362101313321 3
1774354104345 0.5016885553470919 4
1774354104884 0.500187617260788 5
1774354105271 0.5684803001876173 6
1774354105670 0.6105065666041276 7
1774354106232 0.7305816135084428 8
1774354106681 0.7619136960600376 9
1774354107106 0.801500938086304 10
1774354107860 0.8028142589118199 11
1774354108270 0.8377110694183865 12
1774354108674 0.8538461538461538 13
1774354109229 0.8647279549718574 14
1774354109639 0.8868667917448405 15
1774354110049 0.8938086303939963 16
1774354110626 0.9037523452157599 17
1774354111051 0.9076923076923077 18
1774354111617 0.9166979362101313 19
1774354112013 0.9281425891181989 20
1774354112440 0.9313320825515947 21
1774354113021 0.9345215759849906 22
1774354113470 0.9382739212007505 23
1774354113897 0.9405253283302064 24
1774354114602 0.9455909943714822 25
1774354115057 0.9500938086303939 26
