1774718091173 0.6340290806754222 0
1774718092068 0.7389774859287055 1
1774718092958 0.7576219512195121 2
1774718093851 0.7571529080675422 3
1774718094718 0.7706378986866792 4
1774718095678 0.7752110694183865 5
1774718096551 0.7806050656660413 6
1774718097496 0.7802532833020638 7
1774718098397 0.7928001876172608 8
1774718099272 0.7908067542213884 9
1774718100135 0.797373358348968 10
1774718100999 0.8065196998123827 11
1774718101959 0.8105065666041276 12
1774718102903 0.8130863039399625 13
1774718103772 0.8187148217636022 14
1774718104638 0.8215290806754222 15
1774718105562 0.8282129455909943 16
1774718106438 0.8354831144465291 17
1774718107335 0.8406425891181989 18
1774718108205 0.8406425891181989 19
1774718109155 0.8445121951219512 20
1774718110062 0.8502579737335835 21
1774718110937 0.8606941838649156 22
1774718111807 0.8597560975609756 23
1774718112731 0.8680816135084428 24
1774718113600 0.8696060037523452 25
1774718114487 0.8689024390243902 26
1774718115350 0.8769934333958724 27
1774718116306 0.8789868667917449 28
1774718117195 0.8796904315196998 29
1774718118132 0.8887195121951219 30
1774718119017 0.8932926829268293 31
1774718119900 0.8956378986866792 32
1774718120769 0.8963414634146342 33
1774718121641 0.9025562851782364 34
1774718122533 0.9024390243902439 35
1774718123448 0.9029080675422139 36
1774718124395 0.9104127579737336 37
1774718125381 0.9173311444652908 38
1774718126259 0.9141651031894934 39
1774718127138 0.9120544090056285 40
1774718128017 0.9143996247654784 41
1774718128919 0.9209662288930581 42
1774718129850 0.9202626641651032 43
1774718130780 0.9260084427767354 44
1774718131660 0.9246013133208255 45
1774718132528 0.9262429643527205 46
1774718133397 0.9329268292682927 47
1774718134264 0.9308161350844277 48
1774718135177 0.9319887429643527 49
1774718136050 0.9352720450281425 50
1774718136927 0.93656191369606 51
1774718137851 0.9403142589118199 52
