1774718091169 42.50693243741989 0
1774718092063 35.27494651079178 1
1774718092954 33.295250952243805 2
1774718093846 32.988399028778076 3
1774718094714 31.949025005102158 4
1774718095670 31.50630673766136 5
1774718096547 30.795554667711258 6
1774718097489 30.43087273836136 7
1774718098391 29.566566467285156 8
1774718099264 29.30385196208954 9
1774718100130 28.686551988124847 10
1774718100994 27.6608766913414 11
1774718101949 27.270254373550415 12
1774718102894 27.08252441883087 13
1774718103767 26.40558212995529 14
1774718104633 25.670549482107162 15
1774718105552 24.935670405626297 16
1774718106431 24.41244488954544 17
1774718107327 23.730379581451416 18
1774718108198 23.458944857120514 19
1774718109144 22.700764417648315 20
1774718110052 22.45595520734787 21
1774718110931 20.842723473906517 22
1774718111802 21.203877583146095 23
1774718112719 20.421213746070862 24
1774718113595 20.19400106370449 25
1774718114479 19.555273309350014 26
1774718115344 18.965138122439384 27
1774718116298 19.033545941114426 28
1774718117187 18.60004672408104 29
1774718118122 18.061633422970772 30
1774718119009 16.770813167095184 31
1774718119892 16.59882117807865 32
1774718120764 16.6011630743742 33
1774718121636 15.302449971437454 34
1774718122527 15.773453176021576 35
1774718123441 15.127687782049179 36
1774718124384 14.166278570890427 37
1774718125370 13.828012481331825 38
1774718126254 14.247119344770908 39
1774718127133 14.104845613241196 40
1774718128012 14.175967156887054 41
1774718128913 12.90355633199215 42
1774718129841 12.862456023693085 43
1774718130775 12.343227364122868 44
1774718131652 12.400413662195206 45
1774718132522 12.33374858647585 46
1774718133392 11.059918738901615 47
1774718134258 11.653119213879108 48
1774718135166 11.329325899481773 49
1774718136044 11.138320662081242 50
1774718136919 10.345322832465172 51
1774718137841 10.159461751580238 52
