1774386585328 0.6443000590667454 0
1774386585707 0.7062020082693443 1
1774386586092 0.7137625516834022 2
1774386586507 0.7191966922622564 3
1774386586936 0.718960425280567 4
1774386587357 0.7290017720023627 5
1774386587745 0.728883638511518 6
1774386588115 0.7373892498523331 7
1774386588568 0.7424689899586533 8
1774386589002 0.7412876550502068 9
1774386589430 0.7482575310100413 10
1774386589958 0.7525103366804489 11
1774386590323 0.7601890135853514 12
1774386590675 0.7634967513290017 13
1774386591036 0.7612522150029534 14
1774386591399 0.7718842291789723 15
1774386591847 0.7788541051388068 16
1774386592349 0.7744831659775546 17
1774386592860 0.7871234494979327 18
1774386593214 0.7855877141169522 19
1774386593572 0.7903130537507383 20
1774386593933 0.7916125221500295 21
1774386594323 0.7943295924394566 22
1774386594825 0.8003544004725339 23
1774386595188 0.8144122858830478 24
1774386595547 0.8118133490844655 25
