1774183802318 42.1 0
1774183812332 90.1 1
1774183822344 88.7 2
1774183832361 89.9 3
1774183842373 78.7 4
1774183852383 89.2 5
1774183862390 85.4 6
1774183872397 87.4 7
1774183882412 76.1 8
1774183892419 126.5 9
1774183902435 95.5 10
1774183912444 83.1 11
1774183922451 109.0 12
1774183932460 83.9 13
1774183942467 104.6 14
1774183952474 109.2 15
1774183962483 88.0 16
1774183972508 160.6 17
1774183982516 95.0 18
1774183992523 136.1 19
1774184002531 110.6 20
1774184012541 108.0 21
1774184022556 85.1 22
1774184032571 86.5 23
1774184042584 80.9 24
1774184052593 91.2 25
1774184062601 83.7 26
1774184072611 94.1 27
1774184082618 81.9 28
1774184092626 94.1 29
1774184102634 94.0 30
1774184112656 97.8 31
1774184122664 96.4 32
1774184132673 115.9 33
1774184142682 114.3 34
1774184152708 149.8 35
1774184162720 92.1 36
1774184172729 103.0 37
1774184182739 116.6 38
1774184192753 99.9 39
1774184202768 99.7 40
1774184212776 87.9 41
1774184222787 80.7 42
1774184232805 149.8 43
1774184242814 84.5 44
1774184252825 81.1 45
1774184262844 122.1 46
1774184272855 85.0 47
1774184282864 86.5 48
1774184292883 111.4 49
1774184302898 173.6 50
1774184312915 112.7 51
1774184322923 108.5 52
1774184332932 108.3 53
1774184342960 159.3 54
1774184352968 94.1 55
1774184362976 94.0 56
1774184372984 93.5 57
1774184383001 158.8 58
1774184393011 108.6 59
1774184403020 117.9 60
1774184413040 122.6 61
1774184423049 89.5 62
1774184433064 81.3 63
1774184443076 138.6 64
1774184453088 114.4 65
1774184463096 77.8 66
1774184473105 93.2 67
1774184483128 124.1 68
1774184493149 117.2 69
1774184503158 102.5 70
1774184513167 130.6 71
1774184523181 83.9 72
1774184533190 92.5 73
1774184543209 144.2 74
1774184553217 100.6 75
1774184563227 102.7 76
1774184573239 165.1 77
1774184583259 117.5 78
1774184593273 121.5 79
1774184603282 104.2 80
1774184613291 98.2 81
1774184623309 123.2 82
1774184633336 121.0 83
1774184643349 87.5 84
1774184653366 94.9 85
1774184663377 136.9 86
1774184673386 96.0 87
1774184683396 132.4 88
1774184693405 76.5 89
1774184703420 114.4 90
1774184713439 91.0 91
1774184723454 106.6 92
1774184733463 98.8 93
1774184743474 106.2 94
1774184753486 144.3 95
1774184763498 104.7 96
1774184773509 86.4 97
1774184783521 101.4 98
1774184793532 126.7 99
1774184803561 109.8 100
1774184813574 91.5 101
1774184823586 174.8 102
1774184833606 119.3 103
1774184843621 99.2 104
1774184853645 101.4 105
1774184863655 95.5 106
1774184873670 180.9 107
1774184883694 85.7 108
1774184893705 103.2 109
1774184903726 116.8 110
1774184913739 112.5 111
1774184923749 78.3 112
1774184933761 80.3 113
1774184943779 90.9 114
1774184953802 76.3 115
1774184963812 128.6 116
1774184973822 90.0 117
