1774183802318 5468.7 0
1774183812332 6001.4 1
1774183822344 6019.3 2
1774183832361 6091.4 3
1774183842373 6097.5 4
1774183852383 6094.0 5
1774183862390 6103.7 6
1774183872397 6113.2 7
1774183882412 6123.6 8
1774183892419 6130.3 9
1774183902435 6135.2 10
1774183912444 6187.9 11
1774183922451 6135.3 12
1774183932460 6139.3 13
1774183942467 6150.3 14
1774183952474 6153.5 15
1774183962483 6146.3 16
1774183972508 6146.8 17
1774183982516 6144.1 18
1774183992523 6156.9 19
1774184002531 6121.0 20
1774184012541 6398.0 21
1774184022556 6120.4 22
1774184032571 6123.2 23
1774184042584 6125.3 24
1774184052593 6134.3 25
1774184062601 6084.1 26
1774184072611 6089.7 27
1774184082618 6082.6 28
1774184092626 6084.0 29
1774184102634 6088.9 30
1774184112656 6110.2 31
1774184122664 6083.9 32
1774184132673 6076.7 33
1774184142682 6184.8 34
1774184152708 6067.1 35
1774184162720 6077.0 36
1774184172729 6091.8 37
1774184182739 6102.4 38
1774184192753 6096.1 39
1774184202768 6092.0 40
1774184212776 6089.1 41
1774184222787 6093.3 42
1774184232805 6096.2 43
1774184242814 6431.2 44
1774184252825 6117.4 45
1774184262844 6097.0 46
1774184272855 6095.5 47
1774184282864 6102.7 48
1774184292883 6112.4 49
1774184302898 6124.2 50
1774184312915 6126.7 51
1774184322923 6114.9 52
1774184332932 6115.8 53
1774184342960 6114.5 54
1774184352968 6122.8 55
1774184362976 6131.7 56
1774184372984 6384.2 57
1774184383001 6120.0 58
1774184393011 6119.7 59
1774184403020 6124.2 60
1774184413040 6144.1 61
1774184423049 6148.5 62
1774184433064 6150.7 63
1774184443076 6140.4 64
1774184453088 6139.5 65
1774184463096 6137.1 66
1774184473105 6144.5 67
1774184483128 6159.2 68
1774184493149 6158.1 69
1774184503158 6251.7 70
1774184513167 6528.9 71
1774184523181 6141.7 72
1774184533190 6149.0 73
1774184543209 6153.6 74
1774184553217 6157.5 75
1774184563227 6148.3 76
1774184573239 6158.8 77
1774184583259 6083.2 78
1774184593273 6091.9 79
1774184603282 6378.8 80
1774184613291 6103.6 81
1774184623309 6116.3 82
1774184633336 6162.3 83
1774184643349 6101.4 84
1774184653366 6112.5 85
1774184663377 6117.4 86
1774184673386 6134.8 87
1774184683396 6108.7 88
1774184693405 6109.5 89
1774184703420 6103.9 90
1774184713439 6115.5 91
1774184723454 6124.6 92
1774184733463 6340.3 93
1774184743474 6108.4 94
1774184753486 6150.0 95
1774184763498 6164.7 96
1774184773509 6167.6 97
1774184783521 6123.9 98
1774184793532 6123.2 99
1774184803561 6121.2 100
1774184813574 6124.3 101
1774184823586 6118.2 102
1774184833606 6191.7 103
1774184843621 6142.4 104
1774184853645 6146.5 105
1774184863655 6179.9 106
1774184873670 6136.9 107
1774184883694 6139.2 108
1774184893705 6122.0 109
1774184903726 6158.3 110
1774184913739 6155.6 111
1774184923749 6143.6 112
1774184933761 6134.6 113
1774184943779 6142.3 114
1774184953802 6158.9 115
1774184963812 6364.2 116
1774184973822 6093.7 117
