1774809609723 3.2127068042755127 0
1774809610717 1.8346315622329712 1
1774809611683 1.6906228065490723 2
1774809612650 1.5967628955841064 3
1774809613616 1.5119835138320923 4
1774809614582 1.4530245065689087 5
1774809615550 1.3986505270004272 6
1774809616517 1.3520523309707642 7
1774809617485 1.308555006980896 8
1774809618490 1.2726730108261108 9
1774809619470 1.236283540725708 10
1774809620453 1.2024214267730713 11
1774809621433 1.1655243635177612 12
1774809622417 1.1370152235031128 13
1774809623401 1.1085089445114136 14
1774809624384 1.078758955001831 15
1774809625368 1.0578668117523193 16
1774809626351 1.0290931463241577 17
1774809627368 1.0107605457305908 18
1774809628387 0.987095296382904 19
1774809629408 0.9597305059432983 20
1774809630430 0.9375044703483582 21
1774809631454 0.9184720516204834 22
1774809632478 0.8974087834358215 23
1774809633500 0.8815206289291382 24
1774809634529 0.8618369698524475 25
1774809635561 0.8373221158981323 26
1774809636596 0.8198702931404114 27
1774809637625 0.7989064455032349 28
1774809638651 0.7817426919937134 29
1774809639678 0.7631421685218811 30
1774809640703 0.7486513257026672 31
1774809641729 0.7290794253349304 32
1774809642758 0.713117778301239 33
1774809643784 0.6958584785461426 34
1774809644810 0.6789795756340027 35
1774809645841 0.6633920669555664 36
1774809646869 0.6452586650848389 37
1774809647896 0.6343927979469299 38
1774809648929 0.6203979849815369 39
1774809649957 0.6037943363189697 40
1774809650986 0.5876984000205994 41
1774809652017 0.5725215077400208 42
1774809653050 0.5576861500740051 43
1774809654082 0.5418283343315125 44
1774809655117 0.5311776995658875 45
1774809656117 0.5110874772071838 46
1774809657116 0.5000177025794983 47
1774809658149 0.4878878593444824 48
1774809659182 0.4774188995361328 49
1774809660219 0.4591749310493469 50
1774809661224 0.449022501707077 51
1774809662232 0.43525415658950806 52
1774809663238 0.4236994683742523 53
1774809664278 0.413237988948822 54
1774809665320 0.40064558386802673 55
1774809666331 0.39041075110435486 56
1774809667337 0.3793439567089081 57
1774809668345 0.3683454096317291 58
1774809669358 0.3543691039085388 59
1774809670372 0.3474379777908325 60
1774809671379 0.3369002938270569 61
1774809672387 0.32645413279533386 62
1774809673428 0.3145865499973297 63
1774809674439 0.30747169256210327 64
1774809675449 0.29571110010147095 65
1774809676463 0.28692132234573364 66
1774809677473 0.27999451756477356 67
1774809678487 0.2719467282295227 68
1774809679501 0.26496171951293945 69
1774809680516 0.2543458044528961 70
1774809681531 0.24632610380649567 71
1774809682545 0.24127644300460815 72
1774809683564 0.2313053160905838 73
1774809684580 0.22498372197151184 74
1774809685597 0.21677514910697937 75
1774809686615 0.21101629734039307 76
1774809687631 0.20489875972270966 77
