1774809609727 0.056026816253933506 0
1774809610721 0.7135038993022301 1
1774809611688 0.7343685866739637 2
1774809612655 0.7459296757422356 3
1774809613620 0.7608427965521959 4
1774809614587 0.770830482966206 5
1774809615554 0.7791079491038446 6
1774809616522 0.7841702011219045 7
1774809617490 0.7878642769188672 8
1774809618496 0.7862908742646053 9
1774809619475 0.7906006293610617 10
1774809620458 0.797988780954987 11
1774809621439 0.8014092215077302 12
1774809622423 0.8076344233137228 13
1774809623406 0.8108496374333014 14
1774809624390 0.8122178136543987 15
1774809625374 0.8112600902996306 16
1774809626357 0.8126966753317827 17
1774809627374 0.8189902859488302 18
1774809628393 0.8244629908332193 19
1774809629414 0.8300041045286632 20
1774809630437 0.8334245450814065 21
1774809631461 0.8378027089889177 22
1774809632484 0.8384867970994664 23
1774809633507 0.8419756464632645 24
1774809634535 0.8458065398823369 25
1774809635568 0.848748118757696 26
1774809636603 0.851279244766726 27
1774809637632 0.8575728553837735 28
1774809638658 0.8567519496511151 29
1774809639684 0.8644137364892598 30
1774809640710 0.8643453276782049 31
1774809641735 0.8676289506088384 32
1774809642764 0.8696812149404843 33
1774809643790 0.8735805171706116 34
1774809644817 0.8777534546449582 35
1774809645848 0.8830893419072376 36
1774809646876 0.8834313859625119 37
1774809647903 0.8875359146258038 38
1774809648935 0.88692023532631 39
1774809649964 0.8912299904227664 40
1774809650993 0.8949240662197291 41
1774809652024 0.8973183746066493 42
1774809653057 0.9038856204679163 43
1774809654089 0.9038856204679163 44
1774809655124 0.9058694759885073 45
1774809656124 0.9118894513613354 46
1774809657123 0.9110001368176222 47
1774809658156 0.9153783007251334 48
1774809659189 0.918114653167328 49
1774809660227 0.9217403201532357 50
1774809661231 0.9237925844848817 51
1774809662240 0.92461349021754 52
1774809663246 0.9270077986044603 53
1774809664286 0.9305650567793132 54
1774809665328 0.9329593651662335 55
1774809666339 0.9346011766315502 56
1774809667344 0.9357641264194828 57
1774809668352 0.9389793405390614 58
1774809669366 0.9447940894787249 59
1774809670380 0.9431522780134082 60
1774809671387 0.9473252154877548 61
1774809672395 0.9473936242988097 62
1774809673436 0.9506772472294431 63
1774809674447 0.9521138322615953 64
1774809675457 0.9558763168696128 65
1774809676471 0.9571076754686003 66
1774809677481 0.9575181283349296 67
1774809678496 0.9612122041318922 68
1774809679509 0.9599808455329046 69
1774809680524 0.9621699274866603 70
1774809681539 0.9635381037077576 71
1774809682554 0.9669585442605008 72
1774809683572 0.9656587768504583 73
1774809684588 0.967847858804214 74
1774809685606 0.970857846490628 75
1774809686623 0.971405116979067 76
1774809687640 0.9735941989328225 77
