1774131403854 0.5085821772866213 0
1774131404181 0.5007053844345168 1
1774131404679 0.49941217963790263 2
1774131405027 0.5628967787444157 3
1774131405374 0.672113802022102 4
1774131405873 0.6916294380437338 5
1774131406204 0.7472372442981425 6
1774131406716 0.7628732659299318 7
1774131407055 0.7806254408652715 8
1774131407386 0.7852104396896309 9
1774131408102 0.8031977427698096 10
1774131408425 0.8121326122736892 11
1774131408784 0.8207147895603104 12
1774131409306 0.8252997883846697 13
1774131409654 0.8324711968022572 14
1774131409999 0.838937220785328 15
1774131410540 0.8422290148130731 16
1774131410915 0.8423465788854926 17
1774131411285 0.8549259346343757 18
1774131411842 0.8572772160827651 19
1774131412230 0.8616270867622855 20
1774131412613 0.861509522689866 21
1774131413158 0.8617446508347049 22
1774131413707 0.8687984951798731 23
1774131414088 0.8713849047731014 24
1774131414613 0.8771455443216553 25
