1768648833511 0.5604279332236068 0
1768648834104 0.68363508111921 1
1768648834740 0.739830707735716 2
1768648835131 0.773218904302845 3
1768648835485 0.7963790265694803 4
1768648835851 0.8233011991535387 5
1768648836226 0.8456383729132377 6
1768648836609 0.8581001645897014 7
1768648836988 0.8823183635081119 8
1768648837359 0.893134258170703 9
1768648837719 0.9058311779920056 10
1768648838076 0.9130025864095932 11
1768648838427 0.9276980954620268 12
1768648838781 0.9301669409828357 13
1768648839144 0.936045144603809 14
1768648839520 0.9472137314836586 15
1768648839883 0.9480366799905948 16
1768648840240 0.949565012932048 17
1768648840611 0.9556783446978603 18
1768648840963 0.958617446508347 19
1768648841326 0.9597930872325418 20
1768648841841 0.9632024453327063 21
1768648842193 0.9667293675052904 22
1768648842563 0.9689630848812603 23
