1767881190671 0.8292460441589355 0
1767881191104 0.4924508333206177 1
1767881191561 0.472247838973999 2
1767881192008 0.45580458641052246 3
1767881192448 0.4384472668170929 4
1767881192879 0.42713385820388794 5
1767881193321 0.41638827323913574 6
1767881193760 0.4058774411678314 7
1767881194227 0.3964526951313019 8
1767881194679 0.38888707756996155 9
1767881195131 0.38066983222961426 10
1767881195579 0.3724113404750824 11
1767881196033 0.3652118444442749 12
1767881196489 0.3582600951194763 13
1767881196943 0.3525194525718689 14
1767881197401 0.34435099363327026 15
1767881197854 0.3385079503059387 16
1767881198319 0.3344022333621979 17
1767881198779 0.32751184701919556 18
1767881199383 0.3230825364589691 19
1767881199841 0.31627315282821655 20
1767881200294 0.31109800934791565 21
1767881200754 0.30297431349754333 22
