1768651145007 0.4969512195121951 0
1768651145199 0.8477954971857411 1
1768651145377 0.8540103189493433 2
1768651145561 0.8630393996247655 3
1768651145761 0.8658536585365854 4
1768651145947 0.8711303939962477 5
1768651146148 0.8764071294559099 6
1768651146350 0.8823874296435272 7
1768651146550 0.8890712945590994 8
1768651146740 0.8931754221388368 9
1768651146921 0.8984521575984991 10
1768651147126 0.9012664165103189 11
1768651147328 0.9034943714821764 12
1768651147543 0.9077157598499062 13
1768651147747 0.911468105065666 14
1768651147952 0.9155722326454033 15
1768651148160 0.9192073170731707 16
1768651148344 0.9221388367729831 17
1768651148535 0.9264774859287055 18
1768651148719 0.9280018761726079 19
1768651148908 0.9337476547842402 20
1768651149094 0.937734521575985 21
1768651149280 0.9401969981238274 22
1768651149469 0.9430112570356473 23
1768651149657 0.9457082551594747 24
1768651149847 0.9503986866791745 25
1768651150036 0.9523921200750469 26
1768651150228 0.9577861163227017 27
1768651150424 0.9580206378986866 28
1768651150615 0.9620075046904315 29
1768651150806 0.9637664165103189 30
