1774585111373 0.8725593025196784 0
1774585111858 0.7111887861371712 1
1774585112506 0.7074578382060854 2
1774585113019 0.7038750942607758 3
1774585113533 0.6932719923541872 4
1774585114200 0.6799392878002789 5
1774585114699 0.6391180515512964 6
1774585115389 0.6007845708174285 7
1774585115900 0.5525336098939349 8
1774585116609 0.5021476367065651 9
1774585117315 0.4450424738493914 10
1774585117831 0.3972705175460615 11
1774585118330 0.38866972649298737 12
1774585119005 0.33791915482472745 13
1774585119501 0.3150592166196562 14
1774585120017 0.2967250954366759 15
1774585120717 0.28359744769099954 16
1774585121239 0.2790862120562154 17
1774585121750 0.2591538446873259 18
1774585122410 0.252509407209858 19
1774585122913 0.23365967512466224 20
1774585123410 0.2254156101823524 21
1774585124089 0.21538695036023017 22
1774585124782 0.21408723554736453 23
1774585125441 0.20518049541825872 24
