1768618000633 2.601535277761991 0
1768618007747 1.599018848485473 1
1768618014864 1.0852709663747713 2
1768618021993 0.830901974071832 3
1768618029136 0.6555865296816463 4
1768618036305 0.5668560253936104 5
1768618043454 0.45771563488198524 6
1768618050605 0.3734152651319166 7
1768618057777 0.34184190121329355 8
1768618064956 0.28711506318648056 9
1768618072107 0.25278786327937086 10
1768618079259 0.22692463861263343 11
1768618086412 0.1935314607032674 12
1768618093566 0.1833204434029396 13
1768618100718 0.16940440528858278 14
1768618107872 0.16727579948652263 15
1768618115051 0.15493391200192635 16
1768618122201 0.1410050431315102 17
1768618129343 0.134867427678225 18
1768618136505 0.137497527558723 19
1768618143666 0.1410991974630635 20
1768618150904 0.13191186326746657 21
1768618158053 0.12567445544969663 22
1768618165201 0.11796306374991604 23
1768618172346 0.12324845904217062 24
1768618179526 0.11130101951638094 25
1768618186675 0.11070857094497585 26
1768618193827 0.10238205139620928 27
1768618200982 0.09711727299757443 28
1768618208144 0.10729513550986342 29
1768618215307 0.09659195426004924 30
