1773958071250 1.6991160303203396 0
1773958074312 1.0283145046964817 1
1773958077367 0.8064226360861882 2
1773958080385 0.6626470072811907 3
1773958083413 0.5500483343825978 4
1773958086458 0.45916662594658486 5
1773958089495 0.3669780532639988 6
1773958092523 0.3031825316859133 7
1773958095550 0.2713076431018283 8
1773958098574 0.22657524974259066 9
1773958101646 0.20020492803134643 10
1773958104765 0.1725905967800117 11
1773958107822 0.15175015822089652 12
1773958110862 0.1372107312670402 13
1773958113908 0.1112826465887579 14
1773958116942 0.12003934316317741 15
1773958119961 0.10693354660920103 16
1773958122999 0.1054560955237194 17
1773958126037 0.09851257800739903 18
1773958129073 0.08849106657776595 19
1773958132126 0.08117781777303365 20
1773958135201 0.07570790734005979 21
1773958138308 0.07932525989698277 22
1773958141356 0.07412061406043864 23
1773958144396 0.07773189170405581 24
