1774271338308 267.59636414051056 0
1774271354563 168.9214245080948 1
1774271370831 141.25610584020615 2
1774271386875 127.11799496412277 3
1774271402940 115.12639433145523 4
1774271419231 108.64887183904648 5
1774271435366 99.25613260269165 6
1774271451534 92.7929715514183 7
1774271467789 93.91825044155121 8
1774271483897 87.8490287065506 9
1774271500110 77.95838975906372 10
1774271516183 71.97870400547981 11
1774271532434 69.43382081389427 12
1774271548524 66.41149213910103 13
1774271564792 64.57217863202095 14
1774271580960 58.32221066951752 15
1774271597242 53.566213607788086 16
1774271613508 56.007729172706604 17
1774271629611 52.43914258480072 18
1774271645819 47.47779832780361 19
1774271662028 42.782565265893936 20
1774271678375 40.20005865395069 21
1774271694679 38.03347933292389 22
1774271710670 37.883180662989616 23
1774271726742 40.07245081663132 24
1774271742972 37.37502256035805 25
1774271759148 32.968437135219574 26
1774271775297 28.830223873257637 27
1774271791536 29.64003663510084 28
1774271807767 41.346013367176056 29
1774271823972 29.401408165693283 30
1774271840126 23.728236496448517 31
1774271856377 24.250988848507404 32
1774271872514 20.775480423122644 33
1774271888717 18.40576247870922 34
1774271904934 20.50315895676613 35
1774271921151 25.460286676883698 36
1774271937458 20.007870733737946 37
1774271953704 18.344438895583153 38
1774271969877 16.77449481934309 39
1774271986134 18.464925944805145 40
1774272002203 21.613455660641193 41
1774272018469 17.97943364828825 42
