1774706073869 292.6741497516632 0
1774706089108 201.52693498134613 1
1774706104363 169.22825372219086 2
1774706119612 153.30324637889862 3
1774706134875 144.9761482477188 4
1774706150089 140.09507888555527 5
1774706165404 134.46229356527328 6
1774706180765 132.0288981795311 7
1774706195972 124.23741966485977 8
1774706211173 119.69071167707443 9
1774706226396 115.76897484064102 10
1774706241670 113.06013840436935 11
1774706257002 111.41734975576401 12
1774706272339 109.04429286718369 13
1774706287573 108.16131323575974 14
1774706303006 121.95524084568024 15
1774706318292 114.93985044956207 16
1774706333628 107.84607458114624 17
1774706348974 104.26157867908478 18
1774706364247 102.58008748292923 19
1774706379582 98.54553198814392 20
1774706394947 98.28792369365692 21
1774706410174 97.58243972063065 22
1774706425444 95.15951865911484 23
1774706440729 93.73476600646973 24
1774706456080 92.61054253578186 25
1774706471449 92.40861374139786 26
1774706486832 93.30247819423676 27
1774706501986 91.16216897964478 28
1774706517346 87.59654593467712 29
1774706532574 85.1734008193016 30
1774706547829 85.70344629883766 31
1774706563098 83.79097291827202 32
1774706578405 84.81837975978851 33
1774706593681 82.79249820113182 34
1774706608927 82.63321995735168 35
1774706624311 93.26222968101501 36
1774706639625 82.69970577955246 37
1774706655013 79.41644340753555 38
1774706670460 81.64539164304733 39
1774706685655 77.81271988153458 40
1774706700931 76.31978422403336 41
1774706716241 81.08463996648788 42
1774706731606 82.07954373955727 43
1774706746919 76.9121450483799 44
1774706762244 79.52151349186897 45
1774706777540 76.21044605970383 46
1774706792889 75.27381458878517 47
1774706808162 73.2870634496212 48
1774706823414 72.7292033135891 49
1774706838757 72.87098523974419 50
1774706854092 70.9169274866581 51
1774706869409 68.85500112175941 52
1774706884667 70.04122188687325 53
1774706899905 69.87391382455826 54
1774706915177 68.35698610544205 55
1774706930493 69.70584723353386 56
1774706945807 66.03551495075226 57
1774706961140 66.33096307516098 58
1774706976444 65.71103096008301 59
1774706991724 64.13855254650116 60
1774707006867 63.36718553304672 61
1774707022156 61.51306727528572 62
1774707037449 65.57115265727043 63
1774707052758 65.37260022759438 64
1774707067988 62.08787113428116 65
1774707083255 63.39927792549133 66
1774707098566 64.84253776073456 67
1774707113941 61.684483766555786 68
1774707129264 61.01081466674805 69
1774707144542 61.42429822683334 70
1774707159829 59.571629136800766 71
1774707175224 62.3998661339283 72
1774707190490 59.3698727786541 73
1774707205771 57.678262412548065 74
