1774198332908 2.8 0
1774198342923 20.4 1
1774198352937 22.2 2
1774198362945 22.2 3
1774198372953 22.2 4
1774198382961 22.2 5
1774198392970 22.2 6
1774198402980 24.3 7
1774198412989 24.3 8
1774198422996 24.3 9
1774198433008 24.3 10
1774198443022 24.3 11
1774198453030 24.3 12
1774198463037 24.3 13
1774198473044 24.3 14
1774198483056 24.3 15
1774198493066 24.3 16
1774198503077 24.3 17
1774198513085 26.3 18
1774198523093 26.3 19
1774198533101 26.3 20
1774198543109 26.3 21
1774198553116 26.3 22
1774198563125 26.3 23
1774198573133 26.3 24
1774198583141 26.3 25
1774198593151 26.3 26
