1774273830193 0.524390243902439 0
1774273830562 0.6316838649155723 1
1774273831060 0.7379221388367729 2
1774273831374 0.7953799249530957 3
1774273831700 0.8422842401500938 4
1774273832197 0.8701923076923077 5
1774273832513 0.8923545966228893 6
1774273832819 0.9093574108818011 7
1774273833141 0.925891181988743 8
1774273833636 0.9399624765478424 9
1774273833948 0.949108818011257 10
1774273834456 0.9542682926829268 11
1774273834794 0.9627110694183865 12
1774273835123 0.9659943714821764 13
1774273835799 0.974671669793621 14
1774273836122 0.9736163227016885 15
1774273836466 0.9759615384615384 16
1774273836812 0.9777204502814258 17
1774273837310 0.9818245778611632 18
1774273837627 0.9808864915572233 19
1774273838177 0.9834662288930581 20
