1767881157862 0.49939491730536506 0
1767881158197 0.7918515530455829 1
1767881158537 0.8055667607906414 2
1767881158882 0.8160548608309802 3
1767881159224 0.8221056877773296 4
1767881159580 0.8295011429339788 5
1767881159946 0.8329971762807584 6
1767881160314 0.8387790775850478 7
1767881160681 0.845502218636547 8
1767881161027 0.8495361032674466 9
1767881161383 0.8543767648245261 10
1767881161742 0.8573349468871857 11
1767881162102 0.8655371789700148 12
1767881162468 0.8702433777060643 13
1767881162829 0.8703778405270942 14
1767881163180 0.8748151136210838 15
1767881163539 0.8771009815785935 16
1767881163910 0.881672717493613 17
1767881164277 0.8878580072609923 18
1767881164638 0.8886647841871722 19
1767881165005 0.8855721393034826 20
1767881165387 0.8939088342073417 21
1767881165755 0.8949845367755815 22
1767881166143 0.8951189995966116 23
1767881166516 0.8968670162700013 24
1767881166894 0.9057415624579803 25
1767881167265 0.9021110662901708 26
1767881167637 0.9056070996369504 27
