1773972522230 2.4878811122746844 0
1773972533490 1.3725027691013512 1
1773972544736 0.9940402838823841 2
1773972556005 0.7401443987312797 3
1773972567293 0.5661345466265602 4
1773972578573 0.4274571608724259 5
1773972589779 0.3243037495069808 6
1773972600988 0.2673475009804055 7
1773972612210 0.2116209686201698 8
1773972623389 0.17558093725979088 9
1773972634618 0.14999162090056073 10
1773972645815 0.11971243139447782 11
1773972656986 0.11725915673674354 12
1773972668207 0.09728515052885442 13
1773972679448 0.08617513953842995 14
1773972690585 0.08093000135694049 15
1773972701797 0.07715808448894328 16
1773972713030 0.06458476637156865 17
1773972724193 0.057207348098245486 18
1773972735382 0.053917874548820764 19
1773972746618 0.050475761926704374 20
1773972757788 0.04777681065224125 21
1773972768991 0.054159334121782095 22
1773972780220 0.05264545921380135 23
1773972791612 0.05129718496467694 24
