1774382743402 308.368834733963 0
1774382762940 235.24968123435974 1
1774382782583 191.7774519920349 2
1774382802074 166.66089761257172 3
1774382821589 151.70012962818146 4
1774382841127 144.18988919258118 5
1774382860697 135.5979420542717 6
1774382880277 131.85244154930115 7
1774382899858 126.71822988986969 8
1774382919445 123.69256222248077 9
1774382939000 118.15155851840973 10
1774382958597 115.17556059360504 11
1774382978151 114.8403160572052 12
1774382997744 110.9298500418663 13
1774383017324 107.9029335975647 14
1774383036957 108.06053727865219 15
1774383056573 107.65887582302094 16
1774383076089 102.80532360076904 17
1774383095730 100.85672533512115 18
1774383115325 99.51470232009888 19
1774383134958 98.70453178882599 20
1774383154455 96.39564144611359 21
1774383174086 95.75268530845642 22
1774383193685 92.94969761371613 23
1774383213264 92.1658087670803 24
1774383232859 90.98488819599152 25
1774383252483 89.27324590086937 26
1774383272027 87.37188744544983 27
1774383291646 86.85295742750168 28
1774383311278 86.60507357120514 29
1774383330913 85.49368333816528 30
1774383350504 83.3940858244896 31
1774383370081 83.10620051622391 32
1774383389636 81.93777123093605 33
1774383409201 79.72071051597595 34
1774383428857 78.17932897806168 35
1774383448473 78.50708657503128 36
1774383468059 77.15972980856895 37
1774383487682 81.71259874105453 38
1774383507275 77.4793050289154 39
1774383526883 75.39362266659737 40
1774383546471 75.11730095744133 41
1774383566100 72.76000982522964 42
1774383585716 72.71875759959221 43
1774383605348 71.92134669423103 44
1774383624901 76.47046303749084 45
1774383644525 73.30243608355522 46
1774383664069 71.61119574308395 47
1774383683608 70.06149291992188 48
1774383703201 69.16530001163483 49
1774383722811 67.96111336350441 50
1774383742333 67.68897649645805 51
1774383761940 66.35536542534828 52
1774383781646 66.8267442882061 53
1774383801237 66.63799932599068 54
1774383820837 66.23356691002846 55
1774383840374 63.068879812955856 56
1774383859973 63.88349348306656 57
1774383879598 66.58742746710777 58
1774383899196 66.86230945587158 59
1774383918722 62.37946060299873 60
1774383938354 61.13338956236839 61
1774383957966 64.90843427181244 62
1774383977577 63.916710555553436 63
1774383997121 65.47913441061974 64
1774384016743 62.07973128557205 65
1774384036381 61.692046999931335 66
1774384055900 60.51306223869324 67
1774384075608 60.43343871831894 68
1774384095276 60.05889156460762 69
1774384114926 58.793774247169495 70
1774384134601 56.925438314676285 71
1774384154215 58.149553924798965 72
1774384173802 63.02596414089203 73
1774384193482 60.01670694351196 74
