1773589554006 1.850227195450995 0
1773589555254 1.070897680012957 1
1773589556487 0.8538760953431319 2
1773589557720 0.6884689598863764 3
1773589558965 0.5758914504287377 4
1773589560214 0.48797523127255876 5
1773589561461 0.4069545320144087 6
1773589562695 0.34847252962445413 7
1773589563948 0.2862077347250248 8
1773589565194 0.23819649299431603 9
1773589566428 0.20613994888521966 10
1773589567774 0.180116453066719 11
1773589569023 0.17461750698670234 12
1773589570370 0.15488282426068387 13
1773589571821 0.1313970043841392 14
1773589573068 0.11774667246117607 15
1773589574320 0.0972633788835898 16
1773589575577 0.09419718333162579 17
1773589576821 0.09009460470311569 18
1773589578071 0.09392668538836321 19
1773589579331 0.08371562362104586 20
1773589580582 0.08824683315027493 21
1773589581861 0.08197834085530892 22
1773589583130 0.08671585535269981 23
1773589584579 0.08243727333765216 24
1773589585969 0.06710565256642682 25
1773589587323 0.06282755981046155 26
1773589588577 0.05814756096665258 27
1773589589825 0.07035481435167637 28
1773589591209 0.06635203701924985 29
1773589592459 0.05123899665042271 30
1773589593711 0.05858556009721501 31
