1773589554010 0.4403475167601587 0
1773589555259 0.6818306197838282 1
1773589556492 0.7443562730879737 2
1773589557725 0.7907374469831714 3
1773589558970 0.8264468463538104 4
1773589560220 0.8536735531536462 5
1773589561467 0.8788479956218361 6
1773589562701 0.8970447393624299 7
1773589563954 0.9159255712135723 8
1773589565200 0.9297441510466548 9
1773589566434 0.9384320700506226 10
1773589567780 0.9473936242988097 11
1773589569029 0.9493774798194008 12
1773589570376 0.9569024490354358 13
1773589571827 0.9634012860856478 14
1773589573074 0.9679162676152688 15
1773589574326 0.9737310165549323 16
1773589575583 0.9718839786564509 17
1773589576827 0.974346695854426 18
1773589578077 0.9716787522232864 19
1773589579337 0.9757832808865782 20
1773589580588 0.974893966342865 21
1773589581868 0.975851689697633 22
1773589583136 0.9755096456423588 23
1773589584585 0.9759885073197427 24
1773589585976 0.9805034888493638 25
1773589587330 0.981392803393077 26
1773589588585 0.9827609796141743 27
1773589589832 0.9790669038172116 28
1773589591215 0.9796825831167054 29
1773589592466 0.9861130113558626 30
1773589593718 0.9830346148583937 31
