1774582382208 0.047475714872075525 0
1774582383193 0.7113832261595293 1
1774582384189 0.7409358325352305 2
1774582385153 0.7548228211793679 3
1774582386114 0.7724038856204679 4
1774582387075 0.7772609112053632 5
1774582388070 0.7826652072786975 6
1774582389064 0.784922698043508 7
1774582390059 0.7895744971952388 8
1774582391055 0.7977151457107675 9
1774582392064 0.799972636475578 10
1774582393074 0.8039403475167601 11
1774582394084 0.8079080585579422 12
1774582395094 0.8114653167327952 13
1774582396071 0.817622109727733 14
1774582397047 0.8172116568614037 15
1774582398029 0.8207689150362567 16
1774582399010 0.8237789027226706 17
1774582399989 0.8268572992201395 18
1774582400967 0.8308250102613216 19
1774582401982 0.8316459159939801 20
1774582402996 0.8339034067587905 21
1774582404016 0.8388972499657956 22
1774582405038 0.8438910931728006 23
1774582406061 0.8462854015597209 24
1774582407081 0.8497058421124641 25
1774582408098 0.8543576412641948 26
1774582409115 0.8559994527295116 27
1774582410133 0.8615405664249556 28
1774582411155 0.8616089752360104 29
1774582412173 0.8666712272540703 30
1774582413194 0.8683814475304419 31
1774582414215 0.8715282528389656 32
1774582415240 0.8739225612258859 33
1774582416268 0.8797373101655493 34
1774582417289 0.8802161718429333 35
1774582418311 0.88185798330825 36
1774582419335 0.8852784238609933 37
1774582420357 0.8912983992338214 38
1774582421382 0.8935558899986318 39
1774582422405 0.8961554248187167 40
1774582423431 0.8984129155835272 41
1774582424459 0.9026542618689287 42
1774582425487 0.9059378847995622 43
1774582426513 0.9072376522096046 44
1774582427541 0.9112053632507867 45
1774582428572 0.9155151183472431 46
1774582429608 0.9196880558215899 47
1774582430639 0.9172937474346696 48
1774582431636 0.925639622383363 49
1774582432667 0.9255712135723081 50
1774582433698 0.9252975783280887 51
1774582434728 0.9278971131481735 52
1774582435763 0.933164591599398 53
1774582436766 0.9356273087973731 54
1774582437773 0.934669585442605 55
1774582438777 0.9398002462717198 56
1774582439777 0.9419893282254754 57
1774582440812 0.9466411273772062 58
1774582441846 0.9473252154877548 59
1774582442847 0.9484881652756875 60
1774582443850 0.9506088384183883 61
1774582444851 0.9533451908605829 62
1774582445856 0.9540292789711314 63
1774582446864 0.9551922287590642 64
1774582447868 0.958749486933917 65
1774582448872 0.9582706252565331 66
1774582449878 0.9601860719660692 67
1774582450885 0.962854015597209 68
1774582451901 0.9652483239841292 69
1774582452909 0.9664112737720618 70
1774582453918 0.9677110411821043 71
1774582454926 0.9698317143248051 72
1774582455936 0.9701053495690245 73
