1774595767051 0.49929643527204504 0
1774595767213 0.8570590994371482 1
1774595767360 0.8678470919324578 2
1774595767506 0.8746482176360225 3
1774595767652 0.8800422138836773 4
1774595767801 0.8883677298311444 5
1774595767948 0.8927063789868668 6
1774595768098 0.8997420262664165 7
1774595768250 0.9027908067542214 8
1774595768402 0.9059568480300187 9
1774595768555 0.9100609756097561 10
1774595768708 0.912875234521576 11
1774595768861 0.9162757973733584 12
1774595769015 0.9203799249530957 13
1774595769192 0.9230769230769231 14
1774595769370 0.9275328330206379 15
1774595769533 0.9288227016885553 16
1774595769711 0.9336303939962477 17
1774595769875 0.9385553470919324 18
1774595770053 0.9400797373358349 19
1774595770232 0.9441838649155723 20
1774595770421 0.9462945590994372 21
1774595770609 0.9472326454033771 22
1774595770794 0.9513367729831145 23
1774595770976 0.9541510318949343 24
1774595771141 0.9574343339587242 25
1774595771321 0.9595450281425891 26
1774595771479 0.962359287054409 27
1774595771660 0.9643527204502814 28
1774595771818 0.9674015009380863 29
1774595771979 0.9688086303939962 30
1774595772139 0.9722091932457786 31
1774595772300 0.9730300187617261 32
1774595772462 0.9743198874296435 33
1774595772625 0.976078799249531 34
1774595772791 0.9771341463414634 35
1774595772957 0.9785412757973734 36
1774595773123 0.9817073170731707 37
1774595773288 0.9804174484052532 38
1774595773454 0.9822936210131332 39
1774595773619 0.9844043151969981 40
1774595773786 0.9841697936210131 41
1774595773953 0.9862804878048781 42
