1774595767047 0.8343608975410461 0
1774595767209 0.4666571021080017 1
1774595767356 0.4136775732040405 2
1774595767502 0.37999188899993896 3
1774595767648 0.35913968086242676 4
1774595767796 0.345129132270813 5
1774595767944 0.334568589925766 6
1774595768093 0.3236750364303589 7
1774595768245 0.3150826096534729 8
1774595768398 0.3063972592353821 9
1774595768550 0.29803717136383057 10
1774595768703 0.2906179130077362 11
1774595768856 0.28308722376823425 12
1774595769010 0.27519044280052185 13
1774595769187 0.26782479882240295 14
1774595769365 0.2605529725551605 15
1774595769528 0.2530002295970917 16
1774595769706 0.24534961581230164 17
1774595769870 0.23788288235664368 18
1774595770048 0.23108775913715363 19
1774595770227 0.22335240244865417 20
1774595770415 0.21730662882328033 21
1774595770604 0.2101586014032364 22
1774595770789 0.20251010358333588 23
1774595770971 0.19692285358905792 24
1774595771136 0.19002284109592438 25
1774595771316 0.18330533802509308 26
1774595771474 0.1780145764350891 27
1774595771654 0.1711030751466751 28
1774595771813 0.16528423130512238 29
1774595771974 0.1596827208995819 30
1774595772134 0.15261495113372803 31
1774595772295 0.14824749529361725 32
1774595772456 0.14251907169818878 33
1774595772619 0.1380341798067093 34
1774595772785 0.1316869705915451 35
1774595772951 0.12742814421653748 36
1774595773118 0.12150002270936966 37
1774595773282 0.11780596524477005 38
1774595773448 0.11399707943201065 39
1774595773614 0.10853355377912521 40
1774595773781 0.10527540743350983 41
1774595773947 0.10125643014907837 42
