1774219220048 7.9 0
1774219230056 59.6 1
1774219240070 77.6 2
1774219250092 77.1 3
1774219260101 78.0 4
1774219270109 74.6 5
1774219280118 75.1 6
1774219290125 108.5 7
1774219300132 70.8 8
1774219310143 120.2 9
1774219320154 73.9 10
1774219330166 78.7 11
1774219340180 75.9 12
1774219350189 106.4 13
1774219360196 107.6 14
1774219370205 78.6 15
1774219380214 105.9 16
1774219390222 83.5 17
1774219400230 110.4 18
1774219410240 78.0 19
1774219420250 84.6 20
1774219430259 77.0 21
1774219440268 87.4 22
