1774718341188 2926.7 0
1774718351196 3474.3 1
1774718361208 3488.9 2
1774718371217 3494.5 3
1774718381224 3504.0 4
1774718391230 3502.2 5
1774718401243 3627.5 6
1774718411254 3632.7 7
1774718421274 3639.1 8
1774718431281 3643.0 9
1774718441293 3651.5 10
1774718451301 3643.3 11
1774718461309 3877.1 12
1774718471322 3651.0 13
1774718481332 3641.5 14
1774718491341 3647.3 15
1774718501349 3654.4 16
1774718511356 3644.9 17
1774718521364 3653.7 18
1774718531371 3653.0 19
1774718541382 3659.8 20
1774718551394 3642.8 21
1774718561401 3655.1 22
1774718571409 3653.1 23
1774718581417 3652.7 24
1774718591425 3869.2 25
1774718601433 3667.3 26
1774718611449 3661.2 27
1774718621459 3653.2 28
1774718631466 3646.1 29
1774718641476 3649.6 30
1774718651485 3657.9 31
1774718661494 3554.8 32
1774718671501 3556.6 33
1774718681513 3557.9 34
1774718691520 3547.6 35
