1774277401213 0.30004104528663295 0
1774277416284 0.5424134628540156 1
1774277431486 0.6147215761390067 2
1774277446737 0.6533725543850047 3
1774277461896 0.6878505951566561 4
1774277477126 0.7103570939937064 5
1774277492353 0.7308113284991107 6
1774277507638 0.748734436995485 7
1774277522799 0.7587221234094952 8
1774277538005 0.7678889040908469 9
1774277553229 0.7778081816938022 10
1774277568390 0.774319332330004 11
1774277583593 0.7891640443289095 12
1774277598707 0.8006567245861267 13
1774277613894 0.8026405801067178 14
1774277629087 0.8113284991106855 15
1774277644213 0.8230264058010672 16
1774277659406 0.8350663565467232 17
1774277674658 0.8424545081406485 18
1774277689953 0.8497058421124641 19
1774277705193 0.8503899302230127 20
1774277720351 0.8661923655766863 21
1774277735494 0.8702968942399781 22
1774277750821 0.8802845806539882 23
1774277765981 0.8857572855383773 24
1774277781256 0.8800793542208236 25
1774277796520 0.896018607196607 26
1774277811618 0.8777534546449582 27
1774277826868 0.8769325489122999 28
1774277842100 0.8401286085647831 29
1774277857307 0.8682446299083322 30
1774277872595 0.8906827199343276 31
1774277887744 0.9001915446709536 32
1774277902970 0.8988233684498563 33
1774277918045 0.910042413462854 34
1774277933264 0.9181830619783828 35
1774277948463 0.9242030373512108 36
1774277963594 0.9289916541250514 37
1774277978733 0.9282391572034479 38
1774277993957 0.9325489122999042 39
1774278009218 0.9368586673963607 40
1774278024452 0.9444520454234505 41
1774278039676 0.9352168559310439 42
1774278054807 0.94219455465864 43
1774278070045 0.9219455465864004 44
1774278085256 0.9385688876727323 45
1774278100472 0.9510877000957724 46
1774278115660 0.9498563414967848 47
1774278130767 0.941715692981256 48
1774278145951 0.9545081406485155 49
1774278161176 0.9559447256806677 50
1774278176482 0.9280339307702832 51
1774278191791 0.9311807360788069 52
1774278207101 0.9399370638938295 53
1774278222205 0.952797920372144 54
1774278237537 0.9564235873580517 55
1774278252799 0.960801751265563 56
1774278267917 0.9497195238746751 57
