1774142826765 3.075608158555202 0
1774142828926 2.87083001700451 1
1774142831266 2.575664497136189 2
1774142833410 2.1450303451260426 3
1774142835543 1.783552701666672 4
1774142837906 1.4943157392383877 5
1774142840293 1.2792367578319361 6
1774142842602 1.1096334412871347 7
1774142845008 0.9647563541044792 8
1774142847209 0.8448935389306709 9
1774142849378 0.7430190141361835 10
1774142851724 0.6528052650213666 11
1774142853902 0.577506819140293 12
1774142856228 0.5080410772438887 13
1774142858581 0.4502063393225861 14
1774142860762 0.4077017125588857 15
1774142862908 0.3622027765482945 16
1774142865292 0.3300405023304802 17
1774142867455 0.3056429579012011 18
1774142869584 0.27528177540790594 19
1774142871887 0.2475756698833769 20
1774142874249 0.23288819821364642 21
1774142876428 0.21689553573505385 22
1774142878759 0.19887713420886904 23
1774142880917 0.1823528538178869 24
1774142883094 0.16972711286803802 25
1774142885270 0.15929821613329448 26
1774142887645 0.14398906696860483 27
1774142889942 0.1388658762675399 28
1774142892121 0.1308543607786263 29
1774142894479 0.1242122953154431 30
1774142896643 0.1136976438730584 31
1774142898806 0.10378274503819576 32
1774142901141 0.09417008199302292 33
1774142903320 0.09872624679496732 34
1774142905649 0.09293187218813159 35
1774142908056 0.08935505215765138 36
1774142910235 0.08737524519122108 37
1774142912426 0.08296398163649138 38
