1774142826769 0.06485155288001095 0
1774142828930 0.12156245724449309 1
1774142831270 0.18490901628129702 2
1774142833415 0.30544534135996715 3
1774142835548 0.4244766725954303 4
1774142837912 0.5082774661376386 5
1774142840299 0.5844164728417021 6
1774142842607 0.6419482829388425 7
1774142845014 0.6920919414420578 8
1774142847214 0.7306061020659461 9
1774142849384 0.7638527842386099 10
1774142851731 0.797988780954987 11
1774142853908 0.8219318648241893 12
1774142856234 0.8475851689697633 13
1774142858587 0.8660555479545765 14
1774142860768 0.8791216308660555 15
1774142862914 0.8928033930770283 16
1774142865298 0.9041592557121357 17
1774142867461 0.9099055958407443 18
1774142869590 0.9220139553974552 19
1774142871893 0.9298809686687646 20
1774142874255 0.9357641264194828 21
1774142876434 0.9389793405390614 22
1774142878765 0.9473936242988097 23
1774142880923 0.949240662197291 24
1774142883100 0.9558763168696128 25
1774142885276 0.9576549459570393 26
1774142887652 0.9620331098645506 27
1774142889948 0.9640853741961964 28
1774142892127 0.964359009440416 29
1774142894485 0.9690108085921467 30
1774142896650 0.9714735257901218 31
1774142898813 0.9742782870433712 32
1774142901147 0.977903954029279 33
1774142903327 0.9759200985086879 34
1774142905662 0.9769462306745109 35
1774142908063 0.9787248597619373 36
1774142910243 0.9774250923518949 37
1774142912433 0.9807087152825283 38
