1768605983239 210168.6 0
1768605993253 210168.8 1
1768606003271 210168.8 2
1768606013279 210168.8 3
1768606023299 210168.9 4
1768606033307 210168.9 5
1768606043315 210168.9 6
1768606053325 210168.9 7
1768606063335 210169.0 8
1768606073345 210169.0 9
1768606083352 210169.0 10
1768606093363 210169.0 11
1768606103371 210169.0 12
1768606113382 210169.0 13
1768606123407 210169.1 14
1768606133415 210169.1 15
1768606143425 210169.1 16
1768606153433 210169.1 17
1768606163440 210169.1 18
1768606173448 210169.2 19
1768606183460 210169.2 20
