1768605983239 0.0 0
1768605993253 1.4770369999987452 1
1768606003271 2.6674629999997705 2
1768606013279 3.3835239999989426 3
1768606023299 4.856094999999186 4
1768606033307 6.07140999999865 5
1768606043315 6.779268999998749 6
1768606053325 8.231682999999975 7
1768606063335 9.406452999999601 8
1768606073345 10.10371699999996 9
1768606083352 11.603703999999198 10
1768606093363 12.81458500000008 11
1768606103371 13.493011999998998 12
1768606113382 15.054516000000149 13
1768606123407 16.25557299999855 14
1768606133415 16.9972259999995 15
1768606143425 18.460445999999138 16
1768606153433 19.692995999999766 17
1768606163440 20.39436399999977 18
1768606173448 21.87336299999879 19
1768606183460 23.08539799999926 20
