1774803799461 0.0 0
1774803809470 12.7 1
1774803819485 10.8 2
1774803829492 18.2 3
1774803839505 12.6 4
1774803849514 10.4 5
1774803859522 14.5 6
1774803869532 15.8 7
1774803879541 10.2 8
1774803889559 12.9 9
1774803899572 17.5 10
1774803909584 10.4 11
1774803919590 12.9 12
1774803929598 17.2 13
1774803939607 10.7 14
1774803949615 13.1 15
1774803959621 17.5 16
1774803969628 10.5 17
1774803979635 13.1 18
1774803989650 13.0 19
1774803999662 14.9 20
1774804009671 12.9 21
1774804019682 12.6 22
1774804029693 14.9 23
1774804039701 12.7 24
1774804049715 12.6 25
1774804059727 15.1 26
1774804069736 12.3 27
1774804079744 13.4 28
1774804089753 14.9 29
1774804099761 10.8 30
1774804109769 14.8 31
1774804119779 10.4 32
1774804129786 14.9 33
1774804139795 14.8 34
1774804149803 10.3 35
1774804159811 14.9 36
1774804169828 14.9 37
1774804179837 10.4 38
1774804189852 15.4 39
1774804199862 15.2 40
1774804209873 10.4 41
1774804219885 14.0 42
1774804229893 16.1 43
1774804239902 10.4 44
1774804249910 10.4 45
1774804259918 19.9 46
1774804269928 10.4 47
1774804279943 10.3 48
1774804289951 19.0 49
1774804299960 10.6 50
1774804309969 10.3 51
1774804319981 20.2 52
1774804329990 10.7 53
1774804340001 10.3 54
1774804350010 17.5 55
1774804360018 13.4 56
1774804370030 10.6 57
1774804380038 15.2 58
1774804390051 15.0 59
1774804400063 10.2 60
1774804410075 14.6 61
1774804420091 15.3 62
1774804430100 10.2 63
1774804440117 15.1 64
1774804450125 15.3 65
1774804460133 10.4 66
1774804470144 15.0 67
1774804480155 11.9 68
1774804490168 14.0 69
1774804500184 13.4 70
1774804510195 12.1 71
1774804520204 14.8 72
1774804530217 11.6 73
1774804540226 13.6 74
1774804550235 14.8 75
1774804560249 10.8 76
1774804570257 14.7 77
1774804580266 14.5 78
1774804590275 10.4 79
1774804600291 14.7 80
1774804610301 10.5 81
1774804620323 14.9 82
1774804630338 14.9 83
1774804640349 10.3 84
1774804650359 15.3 85
1774804660368 14.8 86
1774804670379 10.2 87
1774804680388 14.8 88
1774804690399 15.0 89
1774804700422 10.4 90
1774804710447 14.6 91
