1774803799461 140.4 0
1774803809470 864.0 1
1774803819485 1071.6 2
1774803829492 1178.5 3
1774803839505 1287.6 4
1774803849514 1287.6 5
1774803859522 1287.6 6
1774803869532 1287.6 7
1774803879541 1289.7 8
1774803889559 1289.7 9
1774803899572 1289.7 10
1774803909584 1289.7 11
1774803919590 1289.7 12
1774803929598 1289.7 13
1774803939607 1289.7 14
1774803949615 1289.7 15
1774803959621 1289.7 16
1774803969628 1289.7 17
1774803979635 1289.7 18
1774803989650 1289.7 19
1774803999662 1289.7 20
1774804009671 1289.7 21
1774804019682 1289.7 22
1774804029693 1289.7 23
1774804039701 1289.7 24
1774804049715 1289.7 25
1774804059727 1289.7 26
1774804069736 1289.7 27
1774804079744 1289.7 28
1774804089753 1289.7 29
1774804099761 1289.7 30
1774804109769 1289.7 31
1774804119779 1289.7 32
1774804129786 1289.7 33
1774804139795 1289.7 34
1774804149803 1289.7 35
1774804159811 1289.7 36
1774804169828 1289.7 37
1774804179837 1289.7 38
1774804189852 1289.7 39
1774804199862 1289.7 40
1774804209873 1289.7 41
1774804219885 1289.7 42
1774804229893 1289.7 43
1774804239902 1289.7 44
1774804249910 1289.7 45
1774804259918 1289.7 46
1774804269928 1289.7 47
1774804279943 1289.7 48
1774804289951 1289.7 49
1774804299960 1289.7 50
1774804309969 1289.7 51
1774804319981 1289.7 52
1774804329990 1289.7 53
1774804340001 1289.7 54
1774804350010 1289.7 55
1774804360018 1289.7 56
1774804370030 1289.7 57
1774804380038 1289.7 58
1774804390051 1289.7 59
1774804400063 1289.7 60
1774804410075 1289.7 61
1774804420091 1289.7 62
1774804430100 1289.7 63
1774804440117 1289.7 64
1774804450125 1289.7 65
1774804460133 1289.7 66
1774804470144 1289.7 67
1774804480155 1289.7 68
1774804490168 1289.7 69
1774804500184 1289.7 70
1774804510195 1289.7 71
1774804520204 1405.0 72
1774804530217 1405.0 73
1774804540226 1405.0 74
1774804550235 1405.0 75
1774804560249 1405.0 76
1774804570257 1405.0 77
1774804580266 1405.0 78
1774804590275 1405.0 79
1774804600291 1405.0 80
1774804610301 1405.0 81
1774804620323 1405.0 82
1774804630338 1405.0 83
1774804640349 1405.0 84
1774804650359 1405.0 85
1774804660368 1405.0 86
1774804670379 1405.0 87
1774804680388 1405.0 88
1774804690399 1405.0 89
1774804700422 1405.0 90
1774804710447 1405.0 91
