1774803799461 1.6 0
1774803809470 10.1 1
1774803819485 12.5 2
1774803829492 13.7 3
1774803839505 15.0 4
1774803849514 15.0 5
1774803859522 15.0 6
1774803869532 15.0 7
1774803879541 15.0 8
1774803889559 15.0 9
1774803899572 15.0 10
1774803909584 15.0 11
1774803919590 15.0 12
1774803929598 15.0 13
1774803939607 15.0 14
1774803949615 15.0 15
1774803959621 15.0 16
1774803969628 15.0 17
1774803979635 15.0 18
1774803989650 15.0 19
1774803999662 15.0 20
1774804009671 15.0 21
1774804019682 15.0 22
1774804029693 15.0 23
1774804039701 15.0 24
1774804049715 15.0 25
1774804059727 15.0 26
1774804069736 15.0 27
1774804079744 15.0 28
1774804089753 15.0 29
1774804099761 15.0 30
1774804109769 15.0 31
1774804119779 15.0 32
1774804129786 15.0 33
1774804139795 15.0 34
1774804149803 15.0 35
1774804159811 15.0 36
1774804169828 15.0 37
1774804179837 15.0 38
1774804189852 15.0 39
1774804199862 15.0 40
1774804209873 15.0 41
1774804219885 15.0 42
1774804229893 15.0 43
1774804239902 15.0 44
1774804249910 15.0 45
1774804259918 15.0 46
1774804269928 15.0 47
1774804279943 15.0 48
1774804289951 15.0 49
1774804299960 15.0 50
1774804309969 15.0 51
1774804319981 15.0 52
1774804329990 15.0 53
1774804340001 15.0 54
1774804350010 15.0 55
1774804360018 15.0 56
1774804370030 15.0 57
1774804380038 15.0 58
1774804390051 15.0 59
1774804400063 15.0 60
1774804410075 15.0 61
1774804420091 15.0 62
1774804430100 15.0 63
1774804440117 15.0 64
1774804450125 15.0 65
1774804460133 15.0 66
1774804470144 15.0 67
1774804480155 15.0 68
1774804490168 15.0 69
1774804500184 15.0 70
1774804510195 15.0 71
1774804520204 16.4 72
1774804530217 16.4 73
1774804540226 16.4 74
1774804550235 16.4 75
1774804560249 16.4 76
1774804570257 16.4 77
1774804580266 16.4 78
1774804590275 16.4 79
1774804600291 16.4 80
1774804610301 16.4 81
1774804620323 16.4 82
1774804630338 16.4 83
1774804640349 16.4 84
1774804650359 16.4 85
1774804660368 16.4 86
1774804670379 16.4 87
1774804680388 16.4 88
1774804690399 16.4 89
1774804700422 16.4 90
1774804710447 16.4 91
