1774140668757 239.6 0
1774140678766 4377.3 1
1774140688773 4377.3 2
1774140698791 4377.3 3
1774140708799 4377.3 4
1774140718821 4377.3 5
1774140728835 4377.3 6
1774140738843 4377.3 7
1774140748850 4377.3 8
1774140758857 4377.3 9
1774140768872 4377.3 10
1774140778879 4377.3 11
1774140788887 4377.3 12
1774140798898 4377.3 13
1774140808906 4377.3 14
1774140818913 4377.3 15
1774140828937 4377.3 16
1774140838944 4377.3 17
1774140848959 4377.3 18
1774140858968 4377.3 19
1774140868988 4377.3 20
1774140878995 4377.3 21
1774140889003 4377.3 22
1774140899010 4377.3 23
1774140909017 4377.3 24
1774140919026 4377.3 25
1774140929050 4377.3 26
1774140939063 4377.3 27
1774140949080 4377.3 28
1774140959088 4377.3 29
1774140969103 4377.3 30
1774140979110 4377.3 31
1774140989124 4377.3 32
1774140999132 4377.3 33
1774141009148 4377.3 34
1774141019156 4377.3 35
1774141029171 4377.3 36
1774141039179 4377.3 37
1774141049187 4377.3 38
1774141059199 4377.3 39
1774141069206 4377.3 40
1774141079221 4377.3 41
1774141089230 4377.3 42
1774141099239 4377.3 43
1774141109246 4377.3 44
1774141119269 4377.3 45
1774141129276 4377.3 46
1774141139286 4377.3 47
1774141149295 4377.3 48
1774141159308 4377.3 49
1774141169316 4377.3 50
1774141179325 4377.3 51
1774141189333 4377.3 52
1774141199343 4377.3 53
1774141209371 4377.3 54
1774141219390 4377.3 55
1774141229416 4377.3 56
1774141239435 4377.3 57
1774141249456 4377.3 58
1774141259465 4377.3 59
1774141269473 4377.3 60
1774141279482 4377.3 61
1774141289490 4377.3 62
1774141299500 4377.3 63
1774141309518 4377.3 64
1774141319527 4377.3 65
1774141329542 4377.3 66
1774141339550 4377.3 67
1774141349558 4377.3 68
1774141359567 4377.3 69
1774141369576 4377.3 70
1774141379590 4377.3 71
1774141389598 4377.3 72
1774141399608 4377.3 73
1774141409617 4377.3 74
1774141419625 4377.3 75
1774141429633 4377.3 76
1774141439644 4377.3 77
1774141449659 4377.3 78
1774141459673 4377.3 79
1774141469686 4377.3 80
1774141479695 4377.3 81
1774141489707 4377.3 82
1774141499721 4377.3 83
1774141509730 4377.3 84
1774141519740 4377.3 85
1774141529760 4377.3 86
1774141539774 4377.3 87
1774141549784 4377.3 88
1774141559793 4377.3 89
1774141569805 4377.3 90
1774141579815 4377.3 91
1774141589835 4377.3 92
1774141599844 4377.3 93
1774141609853 4377.3 94
1774141619865 4377.3 95
1774141629878 4377.3 96
1774141639887 4377.3 97
1774141649905 4377.3 98
1774141659916 4377.3 99
1774141669926 4377.3 100
1774141679934 4377.3 101
1774141689950 4377.3 102
1774141699960 4377.3 103
1774141709975 4377.3 104
1774141719991 4377.3 105
1774141730002 4377.3 106
1774141740012 4377.3 107
1774141750027 4377.3 108
1774141760037 4377.3 109
1774141770051 4377.3 110
1774141780062 4377.3 111
1774141790071 4377.3 112
1774141800080 4377.3 113
1774141810089 4377.3 114
1774141820104 4377.3 115
1774141830118 4377.3 116
1774141840127 4377.3 117
1774141850139 4377.3 118
1774141860154 4377.3 119
1774141870176 4377.3 120
1774141880194 4377.3 121
1774141890205 4377.3 122
1774141900221 4377.3 123
1774141910237 4377.3 124
1774141920249 4377.3 125
1774141930259 4377.3 126
1774141940269 4377.3 127
1774141950279 4377.3 128
1774141960288 4377.3 129
1774141970299 4377.3 130
1774141980312 4377.3 131
1774141990322 4377.3 132
1774142000343 4377.3 133
1774142010359 4377.3 134
1774142020373 4377.3 135
1774142030382 4377.3 136
1774142040392 4377.3 137
