1774140668757 2.8 0
1774140678766 51.0 1
1774140688773 51.0 2
1774140698791 51.0 3
1774140708799 51.0 4
1774140718821 51.0 5
1774140728835 51.0 6
1774140738843 51.0 7
1774140748850 51.0 8
1774140758857 51.0 9
1774140768872 51.0 10
1774140778879 51.0 11
1774140788887 51.0 12
1774140798898 51.0 13
1774140808906 51.0 14
1774140818913 51.0 15
1774140828937 51.0 16
1774140838944 51.0 17
1774140848959 51.0 18
1774140858968 51.0 19
1774140868988 51.0 20
1774140878995 51.0 21
1774140889003 51.0 22
1774140899010 51.0 23
1774140909017 51.0 24
1774140919026 51.0 25
1774140929050 51.0 26
1774140939063 51.0 27
1774140949080 51.0 28
1774140959088 51.0 29
1774140969103 51.0 30
1774140979110 51.0 31
1774140989124 51.0 32
1774140999132 51.0 33
1774141009148 51.0 34
1774141019156 51.0 35
1774141029171 51.0 36
1774141039179 51.0 37
1774141049187 51.0 38
1774141059199 51.0 39
1774141069206 51.0 40
1774141079221 51.0 41
1774141089230 51.0 42
1774141099239 51.0 43
1774141109246 51.0 44
1774141119269 51.0 45
1774141129276 51.0 46
1774141139286 51.0 47
1774141149295 51.0 48
1774141159308 51.0 49
1774141169316 51.0 50
1774141179325 51.0 51
1774141189333 51.0 52
1774141199343 51.0 53
1774141209371 51.0 54
1774141219390 51.0 55
1774141229416 51.0 56
1774141239435 51.0 57
1774141249456 51.0 58
1774141259465 51.0 59
1774141269473 51.0 60
1774141279482 51.0 61
1774141289490 51.0 62
1774141299500 51.0 63
1774141309518 51.0 64
1774141319527 51.0 65
1774141329542 51.0 66
1774141339550 51.0 67
1774141349558 51.0 68
1774141359567 51.0 69
1774141369576 51.0 70
1774141379590 51.0 71
1774141389598 51.0 72
1774141399608 51.0 73
1774141409617 51.0 74
1774141419625 51.0 75
1774141429633 51.0 76
1774141439644 51.0 77
1774141449659 51.0 78
1774141459673 51.0 79
1774141469686 51.0 80
1774141479695 51.0 81
1774141489707 51.0 82
1774141499721 51.0 83
1774141509730 51.0 84
1774141519740 51.0 85
1774141529760 51.0 86
1774141539774 51.0 87
1774141549784 51.0 88
1774141559793 51.0 89
1774141569805 51.0 90
1774141579815 51.0 91
1774141589835 51.0 92
1774141599844 51.0 93
1774141609853 51.0 94
1774141619865 51.0 95
1774141629878 51.0 96
1774141639887 51.0 97
1774141649905 51.0 98
1774141659916 51.0 99
1774141669926 51.0 100
1774141679934 51.0 101
1774141689950 51.0 102
1774141699960 51.0 103
1774141709975 51.0 104
1774141719991 51.0 105
1774141730002 51.0 106
1774141740012 51.0 107
1774141750027 51.0 108
1774141760037 51.0 109
1774141770051 51.0 110
1774141780062 51.0 111
1774141790071 51.0 112
1774141800080 51.0 113
1774141810089 51.0 114
1774141820104 51.0 115
1774141830118 51.0 116
1774141840127 51.0 117
1774141850139 51.0 118
1774141860154 51.0 119
1774141870176 51.0 120
1774141880194 51.0 121
1774141890205 51.0 122
1774141900221 51.0 123
1774141910237 51.0 124
1774141920249 51.0 125
1774141930259 51.0 126
1774141940269 51.0 127
1774141950279 51.0 128
1774141960288 51.0 129
1774141970299 51.0 130
1774141980312 51.0 131
1774141990322 51.0 132
1774142000343 51.0 133
1774142010359 51.0 134
1774142020373 51.0 135
1774142030382 51.0 136
1774142040392 51.0 137
