1774140668757 5339.6 0
1774140678766 5811.2 1
1774140688773 6121.4 2
1774140698791 5841.7 3
1774140708799 5903.5 4
1774140718821 5920.3 5
1774140728835 5928.4 6
1774140738843 5937.7 7
1774140748850 5951.0 8
1774140758857 5946.3 9
1774140768872 5974.3 10
1774140778879 5955.0 11
1774140788887 5957.5 12
1774140798898 5981.4 13
1774140808906 5981.8 14
1774140818913 6189.2 15
1774140828937 5960.0 16
1774140838944 5966.0 17
1774140848959 5976.3 18
1774140858968 6037.4 19
1774140868988 5987.1 20
1774140878995 5987.1 21
1774140889003 5978.2 22
1774140899010 5987.8 23
1774140909017 5986.3 24
1774140919026 6020.1 25
1774140929050 6001.6 26
1774140939063 6002.6 27
1774140949080 6098.9 28
1774140959088 5986.0 29
1774140969103 5997.1 30
1774140979110 6010.6 31
1774140989124 6000.5 32
1774140999132 5996.3 33
1774141009148 5999.0 34
1774141019156 6019.3 35
1774141029171 6009.2 36
1774141039179 6015.4 37
1774141049187 6304.6 38
1774141059199 6014.9 39
1774141069206 6005.7 40
1774141079221 6007.2 41
1774141089230 6025.7 42
1774141099239 6031.7 43
1774141109246 6025.0 44
1774141119269 6032.2 45
1774141129276 6030.9 46
1774141139286 6024.4 47
1774141149295 6038.0 48
1774141159308 6028.7 49
1774141169316 6039.1 50
1774141179325 6216.6 51
1774141189333 6039.9 52
1774141199343 6051.0 53
1774141209371 6047.7 54
1774141219390 6059.4 55
1774141229416 6044.0 56
1774141239435 6042.1 57
1774141249456 6040.4 58
1774141259465 6032.9 59
1774141269473 6043.6 60
1774141279482 6065.5 61
1774141289490 6058.9 62
1774141299500 6049.7 63
1774141309518 6105.2 64
1774141319527 6104.5 65
1774141329542 6058.8 66
1774141339550 6078.6 67
1774141349558 6072.2 68
1774141359567 6072.9 69
1774141369576 6017.2 70
1774141379590 5995.9 71
1774141389598 6010.2 72
1774141399608 6079.7 73
1774141409617 6289.9 74
1774141419625 6021.2 75
1774141429633 6012.3 76
1774141439644 6012.0 77
1774141449659 6013.5 78
1774141459673 6026.4 79
1774141469686 6028.2 80
1774141479695 6029.3 81
1774141489707 6020.3 82
1774141499721 6007.9 83
1774141509730 6015.8 84
1774141519740 6027.3 85
1774141529760 6034.9 86
1774141539774 6243.8 87
1774141549784 6023.4 88
1774141559793 6015.4 89
1774141569805 6026.4 90
1774141579815 6029.2 91
1774141589835 6034.2 92
1774141599844 6030.9 93
1774141609853 6033.8 94
1774141619865 6023.0 95
1774141629878 6035.5 96
1774141639887 6046.0 97
1774141649905 6047.7 98
1774141659916 6040.8 99
1774141669926 6082.0 100
1774141679934 6049.8 101
1774141689950 6035.7 102
1774141699960 5988.4 103
1774141709975 5994.2 104
1774141719991 5979.2 105
1774141730002 5974.8 106
1774141740012 5981.5 107
1774141750027 5985.2 108
1774141760037 5998.1 109
1774141770051 6261.3 110
1774141780062 6023.3 111
1774141790071 5981.3 112
1774141800080 5988.6 113
1774141810089 5993.9 114
1774141820104 5915.4 115
1774141830118 5995.3 116
1774141840127 5919.4 117
1774141850139 5921.9 118
1774141860154 5920.0 119
1774141870176 5915.5 120
1774141880194 5939.4 121
1774141890205 5943.9 122
1774141900221 6245.6 123
1774141910237 5959.5 124
1774141920249 5926.2 125
1774141930259 5931.9 126
1774141940269 5944.4 127
1774141950279 5947.4 128
1774141960288 5958.9 129
1774141970299 5957.9 130
1774141980312 5933.9 131
1774141990322 5949.3 132
1774142000343 5962.1 133
1774142010359 5965.8 134
1774142020373 5962.1 135
1774142030382 6034.6 136
1774142040392 5956.2 137
