1774718224777 46.21195447444916 0
1774718225665 45.369469583034515 1
1774718226575 44.46852296590805 2
1774718227487 42.80866414308548 3
1774718228411 40.10960465669632 4
1774718229281 37.88429945707321 5
1774718230206 36.40796431899071 6
1774718231147 35.565627574920654 7
1774718232068 35.48140060901642 8
1774718232933 34.961430966854095 9
1774718233798 34.75405517220497 10
1774718234664 34.56379297375679 11
1774718235549 34.11141473054886 12
1774718236415 33.77822878956795 13
1774718237285 33.788127303123474 14
1774718238152 33.0617650449276 15
1774718239048 33.172086626291275 16
1774718239929 33.22446882724762 17
1774718240799 33.18732559680939 18
1774718241687 32.63174721598625 19
1774718242557 32.80565032362938 20
1774718243499 32.43202477693558 21
1774718244418 32.775099605321884 22
1774718245364 32.41430899500847 23
1774718246241 32.452621161937714 24
1774718247158 32.193031281232834 25
1774718248095 32.00441411137581 26
1774718249004 32.2706356048584 27
1774718249883 31.932092487812042 28
1774718250800 31.82324105501175 29
1774718251696 31.81922835111618 30
1774718252639 31.863834261894226 31
1774718253518 31.29651865363121 32
1774718254411 31.5819453895092 33
1774718255336 31.61188581585884 34
1774718256250 31.095667868852615 35
1774718257137 30.466857761144638 36
1774718258052 30.618040591478348 37
1774718258972 30.963043093681335 38
1774718259858 30.68226408958435 39
1774718260764 30.362696826457977 40
1774718261654 29.973641365766525 41
1774718262543 30.044529408216476 42
1774718263422 30.031619369983673 43
1774718264304 29.913495182991028 44
1774718265184 29.522144943475723 45
1774718266063 29.529843270778656 46
1774718266990 29.25017186999321 47
1774718267871 29.52550107240677 48
1774718268857 29.24595507979393 49
1774718269737 28.477551609277725 50
1774718270672 28.528060168027878 51
1774718271551 28.60816130042076 52
1774718272448 28.553940773010254 53
1774718273380 28.14655166864395 54
1774718274333 28.101175993680954 55
1774718275227 27.791411101818085 56
1774718276168 28.05389279127121 57
1774718277104 27.543422639369965 58
1774718278017 27.64208233356476 59
1774718278902 28.028847098350525 60
1774718279782 27.001120388507843 61
1774718280683 26.609091967344284 62
1774718281606 26.968627333641052 63
1774718282540 26.65481385588646 64
1774718283429 26.080103248357773 65
1774718284349 26.350120455026627 66
1774718285303 26.3218777179718 67
1774718286181 26.06096777319908 68
