1774711965500 0.2167875222328636 0
1774711980824 0.41414694212614583 1
1774711995985 0.5006840881105487 2
1774712011281 0.5539061431112328 3
1774712026610 0.5778492269804351 4
1774712041865 0.5980982350526748 5
1774712057216 0.6253249418525106 6
1774712072377 0.6237515391982488 7
1774712087697 0.6473525790121768 8
1774712102952 0.6523464222191818 9
1774712118190 0.6657545491859351 10
1774712133489 0.675331782733616 11
1774712148816 0.6821726638391025 12
1774712164107 0.6872349158571625 13
1774712179339 0.6920235326310029 14
1774712194536 0.6935969352852648 15
1774712209962 0.7020796278560678 16
1774712225261 0.7069366534409632 17
1774712240517 0.7182241072650157 18
1774712255835 0.7176084279655219 19
1774712271160 0.7226706799835819 20
1774712286584 0.7225338623614722 21
1774712301821 0.7275961143795321 22
1774712317235 0.7268436174579286 23
1774712332454 0.7362156245724449 24
1774712347856 0.7394308386920235 25
1774712363132 0.7378574360377617 26
1774712378508 0.7449035435764126 27
1774712393793 0.7473662607743877 28
1774712409060 0.7579012176768368 29
1774712424342 0.7565330414557395 30
1774712439692 0.7620741551511835 31
1774712455024 0.755780544534136 32
1774712470249 0.7659734573813107 33
1774712485613 0.7726775208646873 34
1774712500988 0.7702148036667122 35
1774712516169 0.7686414010124504 36
1774712531452 0.7734984265973457 37
1774712546688 0.7749350116294978 38
1774712562045 0.779381584348064 39
1774712577238 0.7871801888083185 40
1774712592446 0.7844438363661239 41
1774712607756 0.7907374469831714 42
1774712623025 0.7921740320153235 43
1774712638370 0.7901217676836777 44
1774712653685 0.7896429060062936 45
1774712669012 0.7958681078122862 46
1774712684258 0.7947735668354085 47
1774712699483 0.7962101518675605 48
1774712714780 0.8008619510192913 49
1774712730031 0.8049664796825832 50
1774712745423 0.8018196743740594 51
1774712760614 0.8122178136543987 52
1774712775961 0.8028458065398824 53
1774712791274 0.8047612532494185 54
1774712806574 0.8153646189629224 55
1774712821952 0.8109180462443563 56
1774712837348 0.8137912163086606 57
1774712852480 0.8147489396634287 58
1774712867692 0.810576002189082 59
1774712883018 0.8023669448624983 60
1774712898194 0.801477630318785 61
1774712913426 0.8167327951840198 62
1774712928816 0.8148857572855384 63
1774712944035 0.8079764673689971 64
1774712959405 0.8179641537830072 65
1774712974646 0.8209057326583664 66
1774712989908 0.8202216445478178 67
1774713005156 0.8271993432754139 68
1774713020405 0.828157066630182 69
1774713035733 0.8209741414694213 70
1774713051149 0.8291831987960049 71
1774713066525 0.8334929538924614 72
1774713081850 0.8371186208783691 73
1774713097170 0.8423860993295936 74
1774713112493 0.8362977151457107 75
1774713127835 0.8383499794773567 76
1774713143021 0.8395813380763443 77
1774713158379 0.845259269393898 78
1774713173719 0.844233137228075 79
1774713188977 0.8480640306471473 80
1774713204286 0.8474483513476536 81
1774713219482 0.8516896976330551 82
1774713234716 0.8411547407306061 83
1774713249899 0.8490901628129703 84
1774713265172 0.8531262826652073 85
1774713280509 0.8527842386099329 86
1774713295656 0.8522369681214941 87
1774713311020 0.8516212888220003 88
1774713326184 0.8488849363798057 89
1774713341581 0.8529894650430976 90
1774713356715 0.8160487070734711 91
1774713372060 0.8440963196059652 92
1774713387314 0.8476535777808182 93
1774713402664 0.8562046791626762 94
1774713418051 0.8504583390340675 95
1774713433381 0.8506635654672322 96
