1774569840166 0.4978893058161351 0
1774569840583 0.5207551594746717 1
1774569841143 0.5707082551594747 2
1774569841535 0.7013367729831145 3
1774569841936 0.7689962476547842 4
1774569842491 0.775093808630394 5
1774569842889 0.8448639774859287 6
1774569843455 0.8685506566604128 7
1774569843870 0.8869606003752345 8
1774569844470 0.9108818011257036 9
1774569845064 0.9262429643527205 10
1774569845464 0.936796435272045 11
1774569845843 0.9559099437148217 12
1774569846393 0.9662288930581614 13
1774569846784 0.9684568480300187 14
1774569847199 0.9737335834896811 15
1774569847764 0.9804174484052532 16
1774569848158 0.9797138836772983 17
1774569848573 0.9838180112570356 18
1774569849164 0.9869840525328331 19
1774569849622 0.9880393996247655 20
1774569850059 0.9892120075046904 21
1774569850639 0.989329268292683 22
1774569851231 0.9897983114446529 23
1774569851865 0.9917917448405253 24
1774569852395 0.9933161350844277 25
