1774569840161 0.7268793030482966 0
1774569840577 0.688556745061284 1
1774569841137 0.6427798078834004 2
1774569841531 0.5717187348270953 3
1774569841932 0.49027882787568483 4
1774569842487 0.4719622186044367 5
1774569842885 0.3610593475275594 6
1774569843450 0.31306117974347514 7
1774569843864 0.26956810898673467 8
1774569844462 0.22015289145942923 9
1774569845057 0.18265906141242658 10
1774569845460 0.1540178616040196 11
1774569845838 0.11804479763163411 12
1774569846389 0.09283118762117837 13
1774569846780 0.08121389339330272 14
1774569847194 0.06942166709542051 15
1774569847759 0.05794099120049271 16
1774569848152 0.0545970538725437 17
1774569848568 0.047686737778598325 18
1774569849156 0.03877018168428825 19
1774569849611 0.03719201715449902 20
1774569850053 0.03355154884703052 21
1774569850634 0.03136168224265271 22
1774569851219 0.031256667808341264 23
1774569851858 0.024530448120849216 24
1774569852389 0.022574974569941102 25
