1773963702254 0.5161107970604861 0
1773963702660 0.5012247974373469 1
1773963703051 0.500847936687394 2
1773963703413 0.4953834558130771 3
1773963703834 0.4967024684379122 4
1773963704213 0.4901074053137366 5
1773963704584 0.49368758243828903 6
1773963704950 0.5019785189372526 7
1773963705311 0.5029206708121349 8
1773963705681 0.5031091011871114 9
1773963706048 0.5066892783116639 10
1773963706425 0.5129074806858865 11
1773963706794 0.5645374034294328 12
1773963707160 0.649896363293763 13
1773963707529 0.7312982852835878 14
1773963707891 0.7606934237799133 15
1773963708265 0.798567929150179 16
1773963708640 0.837384586395327 17
1773963709013 0.8569813453928773 18
1773963709394 0.8679103071415112 19
1773963709772 0.8873186357640852 20
1773963710157 0.8978707367627662 21
1773963710549 0.9040889391369888 22
1773963711084 0.907103825136612 23
1773963711571 0.919728660260034 24
1773963711964 0.9276427360090447 25
1773963712359 0.935368381383079 26
1773963712755 0.9327303561334087 27
1773963713145 0.9449783305068777 28
1773963713535 0.949312229131336 29
1773963713929 0.949312229131336 30
1773963714319 0.9521386847559826 31
1773963714712 0.9528924062558884 32
1773963715230 0.9534576973808178 33
1773963715615 0.9608064820048992 34
1773963716008 0.9668362540041455 35
