1774137369244 0.27384047065262007 0
1774137424958 0.48891777260911207 1
1774137480963 0.5597208920508961 2
1774137537530 0.5797646736899713 3
1774137594402 0.64824189355589 4
1774137650283 0.6783417704200301 5
1774137706597 0.7063209741414694 6
1774137763019 0.7343685866739637 7
1774137819676 0.7592009850868792 8
1774137876130 0.7666575454918594 9
1774137932563 0.79648378711178 10
1774137989205 0.8061294294705158 11
1774138045876 0.8155014365850322 12
1774138102456 0.8257627582432617 13
1774138158280 0.8453960870160077 14
1774138214346 0.863866466000821 15
1774138270876 0.868313038719387 16
1774138327280 0.8842522916951704 17
1774138383022 0.8975920098508688 18
1774138439512 0.9054590231221782 19
1774138496000 0.9103844575181284 20
1774138552001 0.9008072239704474 21
1774138608133 0.9302230127240388 22
1774138664872 0.9443152278013408 23
1774138721517 0.9388425229169517 24
1774138778382 0.9530031468053085 25
1774138834894 0.9616226569982214 26
1774138891202 0.9646326446846354 27
1774138947135 0.9699685319469148 28
