1768650388714 0.1853274789608489 0
1768650391550 0.4570069520673253 1
1768650394123 0.5956824002927186 2
1768650396677 0.6999634101719722 3
1768650399230 0.7590559824368825 4
1768650401792 0.8108305890962313 5
1768650404351 0.8562019758507134 6
1768650407204 0.880168313208928 7
1768650409765 0.9048664471276985 8
1768650412319 0.9224295645810465 9
1768650414873 0.9374313940724479 10
1768650417436 0.9496889864617636 11
1768650419985 0.9546286132455177 12
1768650422553 0.9617636297109403 13
1768650425130 0.9679839004756677 14
1768650427796 0.9659714599341384 15
1768650430340 0.9667032564946945 16
1768650432910 0.977863154043176 17
1768650435484 0.9796926454445664 18
1768650438035 0.9818880351262349 19
1768650440646 0.9855470179290158 20
1768650443199 0.9829857299670691 21
1768650445741 0.9826198316867911 22
1768650448311 0.986827661909989 23
1768650450870 0.9851811196487377 24
1768650453436 0.9873765093304061 25
