1774351549493 0.23094814612122042 0
1774351564797 0.4610069776987276 1
1774351580050 0.5300314680530852 2
1774351595396 0.5710083458749486 3
1774351610685 0.601997537282802 4
1774351625964 0.6198522369681215 5
1774351641154 0.6353126282665207 6
1774351656544 0.6507046107538651 7
1774351671924 0.6584348064030647 8
1774351687158 0.6678068135175811 9
1774351702609 0.6811465316732795 10
1774351717975 0.6916130797646737 11
1774351733370 0.694965111506362 12
1774351748758 0.700027363524422 13
1774351764170 0.7089889177726091 14
1774351779251 0.7067314270077986 15
1774351794455 0.7048843891093173 16
1774351809785 0.7134354904911753 17
1774351825088 0.7204131892187714 18
1774351840355 0.7290326994116842 19
1774351855679 0.7332056368860309 20
1774351871016 0.7226022711725271 21
1774351886249 0.7193186482418935 22
1774351901612 0.7265699822137092 23
1774351916972 0.7360103981392804 24
1774351932320 0.7425776440005473 25
1774351947734 0.7453824052537967 26
1774351962972 0.7550280476125325 27
1774351978347 0.7589957586537146 28
1774351993730 0.7535230537693255 29
1774352008994 0.759269393897934 30
1774352024242 0.7620057463401286 31
1774352039522 0.754275550690929 32
1774352054772 0.7661786838144753 33
1774352069940 0.7151457107675468 34
1774352085363 0.7433985497332056 35
1774352100714 0.7594062115200437 36
1774352115928 0.7644000547270489 37
1774352131233 0.7774661376385278 38
1774352146544 0.7700779860446025 39
1774352161849 0.7705568477219866 40
1774352177060 0.7704884389109318 41
1774352192290 0.7786290874264605 42
1774352207682 0.7806129429470516 43
1774352223072 0.7793131755370092 44
1774352238362 0.7888220002736352 45
1774352253607 0.7908742646052812 46
1774352268937 0.7912847174716103 47
1774352284314 0.7836913394445204 48
1774352299585 0.7959365166233411 49
1774352314934 0.7944999315911889 50
1774352330211 0.789437679573129 51
1774352345558 0.7856751949651115 52
1774352360837 0.8007935422082364 53
1774352376293 0.796962648789164 54
1774352391540 0.8047612532494185 55
1774352406782 0.8090025995348201 56
1774352422193 0.8103707757559173 57
1774352437530 0.8092078259679847 58
1774352452781 0.8074976056916131 59
1774352468126 0.8056505677931317 60
1774352483492 0.8098235052674785 61
1774352498813 0.805513750171022 62
1774352514132 0.8046244356273088 63
1774352529504 0.817074839239294 64
1774352544723 0.8198111916814885 65
1774352560074 0.8210425502804761 66
1774352575419 0.8193323300041045 67
1774352590825 0.8204268709809823 68
1774352606136 0.8220002736352442 69
1774352621408 0.8300725133397182 70
1774352636835 0.8279518401970174 71
1774352652133 0.8313038719387057 72
1774352667389 0.8265152551648652 73
1774352682665 0.8351347653577781 74
1774352697814 0.827130934464359 75
1774352713125 0.822068682446299 76
1774352728348 0.8301409221507731 77
1774352743656 0.838692023532631 78
1774352758979 0.8436858667396361 79
1774352774257 0.8438226843617458 80
1774352789627 0.8425913257627582 81
1774352804925 0.8471747161034341 82
1774352820210 0.844711998905459 83
1774352835459 0.839718155698454 84
1774352850774 0.8424545081406485 85
1774352866167 0.8464906279928854 86
1774352881396 0.8475851689697633 87
1774352896792 0.8497058421124641 88
1774352912188 0.8471063072923792 89
1774352927603 0.8513476535777809 90
1774352942725 0.8580517170611575 91
1774352958021 0.8470378984813244 92
1774352973426 0.8566835408400602 93
1774352988783 0.8566835408400602 94
1774353003973 0.8531262826652073 95
1774353019397 0.8526474209878232 96
1774353034721 0.858256943494322 97
1774353050177 0.8549049117526337 98
