1774185532867 6.24618399143219 0
1774185532987 6.1900569796562195 1
1774185533099 6.085364818572998 2
1774185533207 5.828240156173706 3
1774185533315 5.1621593832969666 4
1774185533422 4.93730565905571 5
1774185533529 4.5513346791267395 6
1774185533636 4.210751593112946 7
1774185533746 3.674089953303337 8
1774185533853 3.7848112881183624 9
1774185533960 3.4113211929798126 10
1774185534069 3.1029112488031387 11
1774185534179 3.2266826778650284 12
1774185534286 2.471457615494728 13
1774185534396 2.503548249602318 14
1774185534505 2.230467811226845 15
1774185534615 2.0128665417432785 16
1774185534724 2.0984531939029694 17
1774185534833 2.604586347937584 18
