1767881118246 0.875995934009552 0
1767881118524 0.517708957195282 1
1767881118809 0.4928304851055145 2
1767881119094 0.4783233106136322 3
1767881119388 0.4692012667655945 4
1767881119673 0.4589225649833679 5
1767881119961 0.44984519481658936 6
1767881120258 0.4433603584766388 7
1767881120574 0.4373806118965149 8
1767881120890 0.43062275648117065 9
1767881121411 0.42651668190956116 10
1767881121726 0.42043524980545044 11
1767881122046 0.4156149923801422 12
1767881122380 0.41112974286079407 13
1767881122694 0.40827667713165283 14
1767881123005 0.404323935508728 15
1767881123341 0.3989678621292114 16
1767881123653 0.3956814408302307 17
1767881123968 0.3935622572898865 18
1767881124287 0.3903741240501404 19
1767881124605 0.3867247998714447 20
1767881124923 0.38294753432273865 21
1767881125242 0.3805593252182007 22
1767881125566 0.37841787934303284 23
1767881125888 0.37672457098960876 24
1767881126444 0.37369149923324585 25
1767881126766 0.37151777744293213 26
1767881127108 0.3682846426963806 27
1767881127429 0.36615175008773804 28
1767881127780 0.3652937114238739 29
