1774218716636 263.35937893390656 0
1774218725348 179.44782304763794 1
1774218734019 150.62864434719086 2
1774218742783 131.8345541357994 3
1774218751398 120.81127506494522 4
1774218760139 111.05905187129974 5
1774218768658 106.49773859977722 6
1774218777285 92.8231595158577 7
1774218785914 84.15327137708664 8
1774218794711 76.67882889509201 9
1774218803361 72.04256445169449 10
1774218812012 67.7206601202488 11
1774218820790 61.108187049627304 12
1774218829557 54.35240498185158 13
1774218838154 48.8810171186924 14
1774218846920 44.64719578623772 15
1774218855564 44.116047993302345 16
1774218864316 35.79252988100052 17
1774218873068 33.10528647899628 18
1774218881762 31.05463184416294 19
1774218890545 29.850854694843292 20
1774218899138 25.446977384388447 21
1774218907925 25.034089535474777 22
1774218916557 21.7308636829257 23
1774218925345 25.20240544527769 24
1774218934060 20.218370761722326 25
1774218942713 16.260068636387587 26
1774218951377 16.240939795970917 27
1774218960162 14.792486002668738 28
1774218968717 12.377244345843792 29
1774218977288 13.098843690007925 30
1774218986056 13.936872587539256 31
1774218994809 11.923236478120089 32
1774219003375 9.893725499510765 33
1774219011990 12.177085243165493 34
1774219020740 11.675816150382161 35
1774219029543 11.019242241978645 36
1774219038142 9.958301724866033 37
1774219046649 8.74527115933597 38
1774219055434 9.360643710941076 39
1774219064229 8.480541372671723 40
1774219073074 7.8464116752147675 41
1774219081846 8.23912774398923 42
1774219090703 9.881829963997006 43
1774219099384 8.956382410600781 44
1774219108057 11.195596201345325 45
1774219116759 12.602578911930323 46
1774219125585 9.968708472326398 47
1774219134248 11.07383089326322 48
1774219142838 10.513202905654907 49
1774219151513 7.107163551263511 50
1774219160160 6.185931551270187 51
1774219168786 6.28524340223521 52
1774219177393 7.180986170656979 53
1774219186086 5.394231920130551 54
1774219194917 5.639135934412479 55
