1774811430926 3.10367684179038 0
1774811432980 2.852921561187523 1
1774811435260 2.5408280761513637 2
1774811437324 2.271615195427666 3
1774811439447 2.0617435955613104 4
1774811441765 1.8866312091499629 5
1774811444064 1.7457789877302947 6
1774811446152 1.6416261964986647 7
1774811448471 1.5525808497449902 8
1774811450579 1.4945019128988373 9
1774811452700 1.4279369259030668 10
1774811454999 1.3915067727824442 11
1774811457072 1.3447919106545436 12
1774811459365 1.3036338575138473 13
1774811461489 1.2728031255556598 14
1774811463775 1.2435368781768927 15
1774811465852 1.2288234912023155 16
1774811467938 1.2027547802281193 17
1774811470227 1.1888106630967015 18
1774811472348 1.1880138104355666 19
1774811474437 1.1655638143878937 20
1774811476920 1.150591928617363 21
1774811478994 1.1335908466788744 22
1774811481094 1.1342028839543477 23
1774811483383 1.1214735955998907 24
1774811485470 1.1103052804270754 25
1774811487586 1.1118659035812766 26
1774811489898 1.101830812873193 27
1774811492247 1.093887181300963 28
1774811494422 1.0861920791442783 29
1774811496724 1.083720812361745 30
1774811498830 1.0737812879196775 31
1774811500918 1.0743150902864365 32
1774811503191 1.07070980143459 33
1774811505310 1.0654069939265092 34
1774811507550 1.0595333269086382 35
1774811509863 1.0564381661991167 36
1774811511972 1.0550700628671035 37
1774811514076 1.0530595600172798 38
1774811516369 1.0465415259166984 39
1774811518485 1.0468631519764389 40
1774811520630 1.0421820672498812 41
1774811522925 1.03431578330978 42
1774811525186 1.042453100913232 43
1774811527288 1.0309090066957545 44
1774811529606 1.0208079859029253 45
1774811531736 1.0149673617054131 46
1774811533870 1.0182542475846386 47
1774811536231 1.0089451870851076 48
1774811538507 1.009457520509585 49
1774811540625 1.007438525241513 50
1774811542738 1.005367306804083 51
1774811545028 0.9994210381402837 52
1774811547208 1.0118553682821265 53
1774811549536 1.0034828211967948 54
1774811551639 1.0063955743558464 55
1774811553778 0.9917679491439748 56
1774811556036 0.9896599063633209 57
1774811558338 0.9896453195108176 58
1774811560430 1.0016669337996413 59
1774811562518 0.9955389731754632 60
1774811564835 0.989403687793655 61
1774811566963 0.9930987595892063 62
1774811569111 0.9924821901915093 63
1774811571627 0.9797668588326199 64
1774811573754 0.9829027987746473 65
1774811575867 0.9734324756375187 66
1774811578208 0.9766930726634965 67
1774811580355 0.9835572920903769 68
1774811582504 0.9735724736065721 69
1774811584875 0.97022691835113 70
1774811586954 0.9752942789985635 71
1774811589206 0.9621268902746136 72
1774811591478 0.9718699542111616 73
1774811593571 0.9659958909027292 74
1774811595696 0.9643973974249304 75
1774811597989 0.9708697754277594 76
1774811600100 0.9709160640491215 77
1774811602232 0.9630418423018389 78
1774811604556 0.9595722465675627 79
1774811606857 0.9607035104806649 80
1774811608982 0.9496432294645295 81
1774811611352 0.9677312801190547 82
1774811613474 0.9621753361372244 83
1774811615616 0.9544335215129871 84
1774811617924 0.9701039004316081 85
1774811620075 0.9507391762351807 86
1774811622355 0.9533425016056776 87
1774811624702 0.9604423518366128 88
1774811626791 0.9537009146915185 89
1774811628917 0.9540267910786409 90
1774811631281 0.9397479342703193 91
1774811633402 0.9372141097912727 92
1774811635587 0.9457228526662649 93
1774811638122 0.9541359016581817 94
1774811640215 0.9420434561420326 95
1774811642385 0.9420319975017767 96
1774811644573 0.9497403127662067 97
1774811646851 0.9472692852177491 98
1774811648990 0.9484489458353286 99
1774811651326 0.9459483422647832 100
1774811653429 0.9442289483532532 101
1774811655719 0.9392529892063546 102
1774811658072 0.9510052581299246 103
1774811660204 0.9401737770004758 104
1774811662327 0.9454344903612156 105
1774811664466 0.935742916902972 106
1774811666782 0.9382707224219715 107
1774811668945 0.9396420347656331 108
1774811671500 0.9423228529429596 109
1774811673645 0.9445575986356706 110
1774811675782 0.9375836748743468 111
