1774273755751 0.4964821763602251 0
1774273756266 0.5107879924953096 1
1774273756939 0.5161819887429644 2
1774273757459 0.510670731707317 3
1774273757989 0.5099671669793621 4
1774273758679 0.5090290806754222 5
1774273759185 0.5174718574108818 6
1774273759867 0.5322467166979362 7
1774273760364 0.600609756097561 8
1774273760894 0.5341228893058161 9
1774273761781 0.6836303939962477 10
1774273762307 0.6857410881801126 11
1774273762796 0.7008677298311444 12
1774273763485 0.7872889305816135 13
1774273764009 0.8101547842401501 14
1774273764533 0.8269230769230769 15
1774273765245 0.8490853658536586 16
1774273765768 0.861749530956848 17
1774273766305 0.875234521575985 18
1774273767020 0.8888367729831145 19
1774273767572 0.899859287054409 20
1774273768115 0.9080675422138836 21
1774273768809 0.9104127579737336 22
1774273769458 0.9167448405253283 23
1774273769959 0.9192073170731707 24
1774273770653 0.9238977485928705 25
1774273771185 0.9333958724202627 26
1774273771714 0.9329268292682927 27
1774273772406 0.936796435272045 28
1774273772941 0.9428939962476548 29
1774273773485 0.9454737335834896 30
