1768608906920 3.273695945739746 0
1768608907790 1.8171745538711548 1
1768608908668 1.6519404649734497 2
1768608909544 1.5581934452056885 3
1768608910386 1.4972938299179077 4
1768608911227 1.4404337406158447 5
1768608912075 1.3839460611343384 6
1768608912927 1.3307689428329468 7
1768608913780 1.2867364883422852 8
1768608914629 1.2451034784317017 9
1768608915482 1.2085214853286743 10
1768608916341 1.175925374031067 11
1768608917210 1.1473008394241333 12
1768608918073 1.1176031827926636 13
1768608918935 1.0856643915176392 14
1768608919799 1.0526717901229858 15
1768608920660 1.0258965492248535 16
1768608921554 1.0006051063537598 17
1768608922445 0.9857078790664673 18
1768608923341 0.9549165964126587 19
1768608924244 0.9300491213798523 20
1768608925144 0.9091510772705078 21
1768608926046 0.8871793150901794 22
1768608926950 0.8651903867721558 23
1768608927849 0.8399310111999512 24
1768608928748 0.8245924115180969 25
1768608929651 0.8072325587272644 26
1768608930549 0.775989830493927 27
1768608931449 0.759039044380188 28
1768608932347 0.7426252961158752 29
1768608933257 0.7290930151939392 30
1768608934159 0.705318033695221 31
1768608935062 0.6884853839874268 32
1768608935974 0.6662135124206543 33
1768608936888 0.6532288789749146 34
1768608937790 0.6307835578918457 35
1768608938698 0.6154040098190308 36
1768608939602 0.6007594466209412 37
1768608940502 0.5822232365608215 38
1768608941405 0.5639100670814514 39
1768608942322 0.5534816980361938 40
1768608943235 0.5333359241485596 41
1768608944147 0.5186432600021362 42
1768608945060 0.5037341117858887 43
1768608945982 0.48288485407829285 44
1768608946908 0.47207069396972656 45
1768608947841 0.4619882106781006 46
1768608948765 0.43985772132873535 47
1768608949677 0.4287397563457489 48
1768608950588 0.41415923833847046 49
1768608951500 0.3985426723957062 50
1768608952414 0.3865935206413269 51
1768608953302 0.37404030561447144 52
1768608954187 0.3627046048641205 53
1768608955071 0.35278478264808655 54
1768608955966 0.3355066478252411 55
1768608956856 0.3279169201850891 56
1768608957740 0.3184365928173065 57
1768608958655 0.3045414686203003 58
1768608959571 0.2947424650192261 59
1768608960461 0.2843511402606964 60
1768608961347 0.27288374304771423 61
1768608962238 0.2627640664577484 62
1768608963124 0.24991023540496826 63
1768608964013 0.24647295475006104 64
1768608964903 0.2362717241048813 65
1768608965795 0.23029637336730957 66
1768608966680 0.21819472312927246 67
1768608967574 0.21019378304481506 68
1768608968470 0.20201723277568817 69
1768608969364 0.19479817152023315 70
1768608970262 0.1862819343805313 71
1768608971160 0.18325123190879822 72
1768608972059 0.17712749540805817 73
