1768608906923 0.05397727272727273 0
1768608907795 0.7226835664335665 1
1768608908672 0.747923951048951 2
1768608909549 0.7650786713286714 3
1768608910390 0.7748033216783217 4
1768608911231 0.7832167832167832 5
1768608912079 0.7852928321678322 6
1768608912932 0.791083916083916 7
1768608913785 0.8016826923076923 8
1768608914634 0.805506993006993 9
1768608915487 0.8063811188811189 10
1768608916348 0.806708916083916 11
1768608917215 0.8116258741258742 12
1768608918079 0.8146853146853147 13
1768608918941 0.8216783216783217 14
1768608919804 0.828125 15
1768608920666 0.8326048951048951 16
1768608921560 0.8293269230769231 17
1768608922451 0.8332604895104895 18
1768608923347 0.8378496503496503 19
1768608924250 0.8382867132867133 20
1768608925150 0.8451704545454546 21
1768608926052 0.8468094405594405 22
1768608926956 0.8519449300699301 23
1768608927855 0.859375 24
1768608928754 0.859375 25
1768608929657 0.8635270979020979 26
1768608930555 0.8683347902097902 27
1768608931455 0.8694274475524476 28
1768608932354 0.8721590909090909 29
1768608933264 0.8755463286713286 30
1768608934165 0.8802447552447552 31
1768608935069 0.8840690559440559 32
1768608935981 0.8898601398601399 33
1768608936895 0.8899694055944056 34
1768608937797 0.8988199300699301 35
1768608938704 0.8999125874125874 36
1768608939608 0.900458916083916 37
1768608940509 0.9052666083916084 38
1768608941412 0.907888986013986 39
1768608942329 0.9089816433566433 40
1768608943242 0.9134615384615384 41
1768608944153 0.9159746503496503 42
1768608945066 0.9192526223776224 43
1768608945990 0.9247159090909091 44
1768608946916 0.9271197552447552 45
1768608947848 0.9294143356643356 46
1768608948772 0.9322552447552448 47
1768608949684 0.935423951048951 48
1768608950595 0.9377185314685315 49
1768608951507 0.9429632867132867 50
1768608952421 0.9423076923076923 51
1768608953309 0.9442744755244755 52
1768608954195 0.9478802447552448 53
1768608955079 0.9515952797202797 54
1768608955973 0.9560751748251748 55
1768608956863 0.9583697552447552 56
1768608957747 0.9561844405594405 57
1768608958662 0.9594624125874126 58
1768608959578 0.9623033216783217 59
1768608960468 0.9605550699300699 60
1768608961354 0.9667832167832168 61
1768608962246 0.9663461538461539 62
1768608963132 0.9676573426573427 63
1768608964021 0.9683129370629371 64
1768608964911 0.9718094405594405 65
1768608965802 0.9733391608391608 66
1768608966688 0.9758522727272727 67
1768608967582 0.9742132867132867 68
1768608968478 0.9766171328671329 69
1768608969372 0.9774912587412588 70
1768608970270 0.980659965034965 71
1768608971168 0.9800043706293706 72
1768608972068 0.982736013986014 73
