1774353504211 0.9060342311859131 0
1774353504372 0.3613642752170563 1
1774353504531 0.3237711489200592 2
1774353504700 0.297699898481369 3
1774353504869 0.2781939208507538 4
1774353505040 0.2628780007362366 5
1774353505191 0.24971115589141846 6
1774353505343 0.23901619017124176 7
1774353505513 0.2272741049528122 8
1774353505686 0.2168232500553131 9
1774353505866 0.20749853551387787 10
1774353506049 0.19737866520881653 11
1774353506210 0.1884566694498062 12
1774353506372 0.17970068752765656 13
1774353506535 0.170942485332489 14
1774353506697 0.1617581844329834 15
1774353506862 0.15442505478858948 16
1774353507027 0.14527012407779694 17
1774353507192 0.13936981558799744 18
1774353507354 0.13154569268226624 19
1774353507514 0.12378522008657455 20
1774353507672 0.11805873364210129 21
1774353507831 0.11070982366800308 22
1774353507990 0.1047901138663292 23
1774353508151 0.09997177124023438 24
1774353508312 0.09369402378797531 25
