1774811108079 0.065330414557395 0
1774811110142 0.12265699822137091 1
1774811112468 0.2012587221234095 2
1774811114555 0.3079080585579423 3
1774811116650 0.3640032836229306 4
1774811118962 0.4123683130387194 5
1774811121285 0.4586126693118074 6
1774811123357 0.492953892461349 7
1774811125678 0.5121083595567109 8
1774811127805 0.534204405527432 9
1774811129944 0.5569161307976468 10
1774811132198 0.5658092762347791 11
1774811134285 0.5892734984265974 12
1774811136530 0.5937884799562183 13
1774811138819 0.6000820905732659 14
1774811140946 0.6138322615952935 15
1774811143058 0.6137638527842386 16
1774811145438 0.6247092625530168 17
1774811147517 0.6315501436585033 18
1774811149595 0.6353126282665207 19
1774811151848 0.6344917225338623 20
1774811154101 0.64317964153783 21
1774811156172 0.6424955534272815 22
1774811158512 0.6493364345327678 23
1774811160603 0.6508414283759748 24
1774811162699 0.6582295799699002 25
1774811164805 0.6553564099055958 26
1774811167124 0.6611027500342044 27
1774811169336 0.6648652346422219 28
1774811171418 0.6673963606512519 29
1774811173700 0.6699274866602818 30
1774811175811 0.6683540840060199 31
1774811177942 0.6665070461075386 32
1774811180232 0.6708168012039951 33
1774811182338 0.6695854426050075 34
1774811184586 0.6730058831577507 35
1774811186892 0.6730058831577507 36
1774811188981 0.674374059378848 37
1774811191104 0.6784101792310849 38
1774811193424 0.6762895060883842 39
1774811195485 0.682925160760706 40
1774811197597 0.6812833492953893 41
1774811200026 0.678889040908469 42
1774811202162 0.6831303871938705 43
1774811204262 0.6857299220139554 44
1774811206602 0.6818306197838282 45
1774811208732 0.6840197017375838 46
1774811210857 0.6816253933506635 47
1774811213179 0.6893555889998632 48
1774811215304 0.6866876453687235 49
1774811217574 0.6867560541797784 50
1774811219875 0.6887399097003694 51
1774811221982 0.6901764947325215 52
1774811224089 0.6903817211656862 53
1774811226403 0.6898344506772472 54
1774811228518 0.6888083185114243 55
1774811230782 0.6968121494048434 56
1774811233088 0.6912710357093994 57
1774811235216 0.6931180736078807 58
1774811237350 0.6962648789164044 59
1774811239618 0.6925023943083869 60
1774811241744 0.6917498973867834 61
1774811243908 0.6963332877274593 62
1774811246223 0.6910658092762347 63
1774811248545 0.6938021617184293 64
1774811250700 0.700027363524422 65
1774811252827 0.6984539608701601 66
1774811255128 0.6936653440963196 67
1774811257254 0.6959228348611302 68
1774811259593 0.6942126145847585 69
1774811261731 0.6961280612942947 70
1774811264009 0.7018744014229032 71
1774811266339 0.7003009987686414 72
1774811268466 0.6967437405937885 73
1774811270571 0.7051580243535367 74
1774811272672 0.7042003009987686 75
1774811275052 0.6998221370912574 76
1774811277187 0.7010534956902449 77
1774811279506 0.698522369681215 78
1774811281788 0.7022164454781776 79
1774811283920 0.7034478040771651 80
1774811286286 0.7013271309344643 81
1774811288422 0.6957176084279655 82
1774811290569 0.7000957723354768 83
1774811292704 0.7052264331645915 84
1774811295028 0.7048159802982624 85
1774811297146 0.6999589547133671 86
1774811299633 0.7042687098098235 87
1774811301768 0.7062525653304146 88
1774811303906 0.7016007661786838 89
1774811306257 0.7061841565193597 90
1774811308419 0.7048159802982624 91
1774811310598 0.7007114516349706 92
1774811312744 0.7058421124640853 93
1774811315216 0.7098098235052674 94
1774811317342 0.7061157477083049 95
1774811319687 0.7063893829525243 96
1774811321805 0.7067314270077986 97
1774811323949 0.7086468737173348 98
1774811326342 0.7048843891093173 99
1774811328488 0.712067314270078 100
1774811330789 0.7111095909153099 101
1774811332929 0.7071418798741278 102
1774811335282 0.7085100560952251 103
1774811337419 0.7057737036530305 104
1774811339801 0.7070050622520181 105
1774811341965 0.704473936242988 106
1774811344112 0.7056368860309208 107
1774811346500 0.7082364208510056 108
1774811348821 0.7055000684088111 109
1774811350992 0.707073471063073 110
1774811353131 0.7106307292379258 111
1774811355440 0.7118620878369134 112
1774811357588 0.7092625530168286 113
1774811359949 0.7054316595977562 114
1774811362081 0.7096730058831577 115
1774811364418 0.7093309618278835 116
1774811366794 0.7089205089615542 117
1774811368927 0.7067314270077986 118
1774811371122 0.7112464085374196 119
1774811373304 0.7132986728690656 120
1774811375635 0.7057737036530305 121
1774811377792 0.7077575591736216 122
1774811380148 0.7092625530168286 123
1774811382454 0.7128198111916815 124
1774811384614 0.7124777671364072 125
1774811387023 0.7102202763715967 126
1774811389183 0.713025037624846 127
1774811391358 0.7124093583253523 128
1774811393503 0.7187029689423998 129
1774811395840 0.708031194417841 130
1774811398179 0.7114516349705842 131
1774811400524 0.7062525653304146 132
1774811402699 0.7113832261595293 133
1774811404854 0.7104255028047612 134
1774811407263 0.7113832261595293 135
1774811409442 0.7099466411273772 136
1774811411629 0.7113832261595293 137
1774811413790 0.7093309618278835 138
1774811416276 0.7113148173484745 139
1774811418437 0.7117252702148037 140
