1774596907103 0.4991189944790321 0
1774596907758 0.49994126629860214 1
1774596908240 0.49994126629860214 2
1774596908854 0.5026430165629038 3
1774596909288 0.546458357805709 4
1774596909742 0.6521790203218607 5
1774596910333 0.6658052390461647 6
1774596910772 0.680136262187243 7
1774596911422 0.7090332432749912 8
1774596911874 0.7045694819687537 9
1774596912315 0.7298249735698343 10
1774596912925 0.7298249735698343 11
1774596913386 0.7514389756842477 12
1774596913903 0.7509691060730648 13
1774596914640 0.7529660519205921 14
1774596915234 0.7674145424644662 15
1774596915712 0.7624809115470457 16
1774596916346 0.7695289557147892 17
1774596916832 0.7715259015623165 18
1774596917306 0.7769294020909198 19
1774596917922 0.7835075766474803 20
1774596918398 0.7864442617173735 21
1774596918853 0.7911429578292024 22
1774596919503 0.7963115235522142 23
1774596919971 0.7965464583578057 24
1774596920415 0.7998355456360859 25
1774596921026 0.7963115235522142 26
1774596921493 0.806648654998238 27
1774596921961 0.8034770351227535 28
