1774596907095 0.7827170002016578 0
1774596907751 0.692260914272894 1
1774596908232 0.6894551941486723 2
1774596908847 0.6831809126377162 3
1774596909281 0.674023016455814 4
1774596909737 0.6666082104434562 5
1774596910329 0.6362693179204043 6
1774596910768 0.6210824635002793 7
1774596911413 0.6029004069594593 8
1774596911865 0.6019806444581913 9
1774596912310 0.5807981759180239 10
1774596912920 0.5696413765625207 11
1774596913377 0.5523541158925741 12
1774596913897 0.5426598625570714 13
1774596914633 0.5346683063952942 14
1774596915229 0.5228668270737867 15
1774596915701 0.5199301618254312 16
1774596916340 0.5068786070459698 17
1774596916821 0.5080823379916757 18
1774596917300 0.495188393289525 19
1774596917916 0.48194605111725725 20
1774596918386 0.47879001232511526 21
1774596918846 0.46964526646610266 22
1774596919496 0.4648975439620861 23
1774596919959 0.46671798738444104 24
1774596920409 0.45931942805229503 25
1774596921020 0.46145339897428655 26
1774596921486 0.4498508793829079 27
1774596921952 0.44853137497068446 28
