1774717501146 0.0 0
1774717511154 94.0 1
1774717521164 91.0 2
1774717531172 92.0 3
1774717541180 92.0 4
1774717551192 90.0 5
1774717561200 90.0 6
1774717571208 94.0 7
1774717581216 91.0 8
1774717591223 93.0 9
1774717601240 94.0 10
1774717611248 94.0 11
1774717621262 94.0 12
1774717631269 94.0 13
1774717641277 93.0 14
1774717651286 91.0 15
1774717661305 90.0 16
1774717671316 94.0 17
1774717681335 92.0 18
1774717691349 94.0 19
1774717701360 94.0 20
1774717711374 94.0 21
1774717721381 94.0 22
1774717731392 91.0 23
1774717741401 92.0 24
1774717751415 94.0 25
1774717761426 91.0 26
1774717771433 90.0 27
1774717781441 94.0 28
1774717791448 89.0 29
1774717801455 94.0 30
1774717811463 90.0 31
1774717821471 93.0 32
1774717831484 90.0 33
1774717841491 92.0 34
1774717851498 92.0 35
1774717861510 94.0 36
1774717871520 81.0 37
1774717881528 91.0 38
1774717891537 94.0 39
1774717901548 91.0 40
1774717911556 94.0 41
1774717921572 93.0 42
1774717931581 94.0 43
1774717941590 94.0 44
1774717951603 91.0 45
1774717961610 94.0 46
