1774717501146 22.2 0
1774717511154 50.0 1
1774717521164 48.2 2
1774717531172 60.1 3
1774717541180 52.6 4
1774717551192 59.7 5
1774717561200 59.5 6
1774717571208 52.2 7
1774717581216 63.1 8
1774717591223 51.2 9
1774717601240 45.8 10
1774717611248 52.4 11
1774717621262 54.1 12
1774717631269 46.2 13
1774717641277 50.6 14
1774717651286 52.1 15
1774717661305 61.5 16
1774717671316 57.1 17
1774717681335 58.9 18
1774717691349 51.4 19
1774717701360 52.1 20
1774717711374 54.9 21
1774717721381 61.0 22
1774717731392 59.2 23
1774717741401 55.4 24
1774717751415 49.0 25
1774717761426 45.0 26
1774717771433 53.1 27
1774717781441 55.4 28
1774717791448 52.5 29
1774717801455 43.4 30
1774717811463 52.4 31
1774717821471 51.3 32
1774717831484 41.4 33
1774717841491 53.5 34
1774717851498 55.6 35
1774717861510 61.0 36
1774717871520 51.6 37
1774717881528 52.4 38
1774717891537 47.6 39
1774717901548 40.3 40
1774717911556 59.2 41
1774717921572 55.9 42
1774717931581 60.6 43
1774717941590 51.5 44
1774717951603 43.6 45
1774717961610 54.4 46
