1774273711897 1.0124216051754764 0
1774273712406 0.7696162962108347 1
1774273713073 0.7136157020842604 2
1774273713569 0.6992206577959472 3
1774273714066 0.6953026014913091 4
1774273714731 0.6945451193857819 5
1774273715233 0.6934050521752176 6
1774273715912 0.6926207748184061 7
1774273716426 0.6937949335373812 8
1774273716943 0.6916629197897204 9
1774273717826 0.691850852451897 10
1774273718341 0.6902396371395906 11
1774273718860 0.6895529659111996 12
1774273719561 0.6872084295101059 13
1774273720075 0.6857913529000631 14
1774273720598 0.6843542642262371 15
1774273721372 0.6802012184547439 16
1774273721918 0.6753463173673032 17
1774273722473 0.6735046527175473 18
1774273723177 0.6658076996203882 19
1774273723744 0.6646069523093848 20
1774273724275 0.6579466364844432 21
1774273725047 0.6466184750506847 22
1774273725754 0.6378885712229959 23
1774273726310 0.6187580279293025 24
1774273727022 0.595552846034517 25
1774273727567 0.5702713939307107 26
1774273728134 0.5493738121208062 27
1774273728868 0.5166098095238991 28
1774273729396 0.4861486354531759 29
1774273729938 0.44806997855429803 30
1774273730658 0.42513398571712213 31
1774273731182 0.3928564697448129 32
1774273731752 0.3696675757977126 33
1774273732454 0.3349556882654301 34
1774273732993 0.30913649085650524 35
1774273733532 0.2955510291440402 36
1774273734406 0.2736445019549322 37
1774273734970 0.26290560906532784 38
1774273735510 0.24680013792487962 39
1774273736224 0.2292178226792119 40
1774273736772 0.217680039258209 41
1774273737313 0.20066323719820878 42
1774273738028 0.17704466443795425 43
1774273738601 0.16844296283446825 44
1774273739321 0.1756871782704545 45
1774273739883 0.15357583660569468 46
1774273740437 0.14788829768688103 47
1774273741137 0.1357951629033232 48
1774273741687 0.13478830512648005 49
1774273742230 0.127167583560295 50
1774273742898 0.12313206686758861 51
1774273743583 0.1207088376159516 52
1774273744133 0.11450601480971134 53
1774273744859 0.10943757660169763 54
1774273745404 0.09751744910823024 55
1774273745965 0.10197361416094299 56
1774273746706 0.09971707831460137 57
1774273747265 0.09262417491672187 58
