1774710582116 0.0 0
1774710592126 17.8 1
1774710602136 10.3 2
1774710612142 11.4 3
1774710622149 18.0 4
1774710632159 9.9 5
1774710642168 11.2 6
1774710652175 15.6 7
1774710662182 12.0 8
1774710672191 10.8 9
1774710682204 13.7 10
1774710692213 14.1 11
1774710702225 10.5 12
1774710712235 14.0 13
1774710722242 14.3 14
1774710732251 10.8 15
1774710742259 14.1 16
1774710752266 14.6 17
1774710762276 10.7 18
1774710772286 14.0 19
1774710782299 12.2 20
1774710792306 12.6 21
1774710802313 14.8 22
1774710812324 10.5 23
1774710822335 14.6 24
1774710832345 13.5 25
1774710842355 11.2 26
1774710852365 14.3 27
1774710862372 12.7 28
1774710872382 11.5 29
1774710882396 14.6 30
1774710892411 12.2 31
1774710902420 11.8 32
1774710912429 11.2 33
1774710922437 15.0 34
1774710932451 11.8 35
1774710942459 9.5 36
1774710952467 17.1 37
1774710962475 11.9 38
1774710972483 9.6 39
1774710982494 16.5 40
1774710992503 12.2 41
1774711002512 9.9 42
1774711012526 16.1 43
1774711022534 13.3 44
1774711032545 10.2 45
1774711042554 11.8 46
1774711052562 17.4 47
1774711062577 10.6 48
1774711072587 11.0 49
1774711082597 17.8 50
1774711092608 9.8 51
1774711102617 10.6 52
1774711112628 20.2 53
1774711122636 10.0 54
