1774710582116 0.0 0
1774710592126 90.0 1
1774710602136 68.0 2
1774710612142 90.0 3
1774710622149 88.0 4
1774710632159 89.0 5
1774710642168 89.0 6
1774710652175 89.0 7
1774710662182 89.0 8
1774710672191 90.0 9
1774710682204 89.0 10
1774710692213 88.0 11
1774710702225 89.0 12
1774710712235 88.0 13
1774710722242 90.0 14
1774710732251 89.0 15
1774710742259 88.0 16
1774710752266 86.0 17
1774710762276 89.0 18
1774710772286 89.0 19
1774710782299 89.0 20
1774710792306 88.0 21
1774710802313 89.0 22
1774710812324 89.0 23
1774710822335 87.0 24
1774710832345 89.0 25
1774710842355 86.0 26
1774710852365 89.0 27
1774710862372 88.0 28
1774710872382 89.0 29
1774710882396 89.0 30
1774710892411 89.0 31
1774710902420 90.0 32
1774710912429 87.0 33
1774710922437 89.0 34
1774710932451 88.0 35
1774710942459 88.0 36
1774710952467 89.0 37
1774710962475 90.0 38
1774710972483 89.0 39
1774710982494 88.0 40
1774710992503 89.0 41
1774711002512 89.0 42
1774711012526 89.0 43
1774711022534 89.0 44
1774711032545 89.0 45
1774711042554 86.0 46
1774711052562 91.0 47
1774711062577 90.0 48
1774711072587 89.0 49
1774711082597 89.0 50
1774711092608 89.0 51
1774711102617 89.0 52
1774711112628 89.0 53
1774711122636 89.0 54
