1774710582116 1.6 0
1774710592126 7.6 1
1774710602136 7.6 2
1774710612142 7.6 3
1774710622149 7.6 4
1774710632159 8.7 5
1774710642168 9.9 6
1774710652175 9.9 7
1774710662182 9.9 8
1774710672191 9.9 9
1774710682204 9.9 10
1774710692213 9.9 11
1774710702225 9.9 12
1774710712235 9.9 13
1774710722242 9.9 14
1774710732251 9.9 15
1774710742259 9.9 16
1774710752266 9.9 17
1774710762276 9.9 18
1774710772286 9.9 19
1774710782299 9.9 20
1774710792306 9.9 21
1774710802313 9.9 22
1774710812324 9.9 23
1774710822335 9.9 24
1774710832345 9.9 25
1774710842355 9.9 26
1774710852365 9.9 27
1774710862372 9.9 28
1774710872382 9.9 29
1774710882396 9.9 30
1774710892411 9.9 31
1774710902420 9.9 32
1774710912429 9.9 33
1774710922437 9.9 34
1774710932451 9.9 35
1774710942459 9.9 36
1774710952467 9.9 37
1774710962475 9.9 38
1774710972483 9.9 39
1774710982494 9.9 40
1774710992503 9.9 41
1774711002512 9.9 42
1774711012526 9.9 43
1774711022534 9.9 44
1774711032545 9.9 45
1774711042554 11.0 46
1774711052562 11.0 47
1774711062577 11.0 48
1774711072587 11.0 49
1774711082597 11.0 50
1774711092608 11.0 51
1774711102617 11.0 52
1774711112628 11.0 53
1774711122636 11.0 54
