1774710582116 33.3 0
1774710592126 79.6 1
1774710602136 76.1 2
1774710612142 79.0 3
1774710622149 78.9 4
1774710632159 79.1 5
1774710642168 90.5 6
1774710652175 79.0 7
1774710662182 78.9 8
1774710672191 78.9 9
1774710682204 79.0 10
1774710692213 79.0 11
1774710702225 81.1 12
1774710712235 79.4 13
1774710722242 79.2 14
1774710732251 63.3 15
1774710742259 58.3 16
1774710752266 75.0 17
1774710762276 78.1 18
1774710772286 79.6 19
1774710782299 91.2 20
1774710792306 72.6 21
1774710802313 75.0 22
1774710812324 66.1 23
1774710822335 78.9 24
1774710832345 73.9 25
1774710842355 79.4 26
1774710852365 79.3 27
1774710862372 79.4 28
1774710872382 79.0 29
1774710882396 79.2 30
1774710892411 64.6 31
1774710902420 84.3 32
1774710912429 79.2 33
1774710922437 79.1 34
1774710932451 79.3 35
1774710942459 88.4 36
1774710952467 78.9 37
1774710962475 79.2 38
1774710972483 67.8 39
1774710982494 76.7 40
1774710992503 79.4 41
1774711002512 78.9 42
1774711012526 80.2 43
1774711022534 76.8 44
1774711032545 79.6 45
1774711042554 72.4 46
1774711052562 79.0 47
1774711062577 78.8 48
1774711072587 75.5 49
1774711082597 76.5 50
1774711092608 73.4 51
1774711102617 84.5 52
1774711112628 72.5 53
1774711122636 69.3 54
