1774702541285 290.068009018898 0
1774702556581 209.90556633472443 1
1774702571888 174.15570044517517 2
1774702587225 158.30372166633606 3
1774702602611 147.99981999397278 4
1774702617778 142.4406197667122 5
1774702633037 136.70187109708786 6
1774702648351 130.0403099656105 7
1774702663704 129.32991153001785 8
1774702679037 123.30369234085083 9
1774702694359 119.84003925323486 10
1774702709715 118.20335984230042 11
1774702724932 116.20619487762451 12
1774702740260 112.90989911556244 13
1774702755606 110.02827924489975 14
1774702770872 108.25334358215332 15
1774702786299 105.80622160434723 16
1774702801355 102.34689658880234 17
1774702816732 100.49329698085785 18
1774702831974 99.08700519800186 19
1774702847141 97.64663034677505 20
1774702862468 96.91361975669861 21
1774702877811 94.61924707889557 22
1774702893178 96.35223591327667 23
1774702908467 92.54055100679398 24
1774702923794 95.62446892261505 25
1774702939091 90.88926738500595 26
1774702954275 89.0208745598793 27
1774702969610 87.09386450052261 28
1774702984810 87.44265103340149 29
1774703000287 86.05887293815613 30
1774703015641 84.22709429264069 31
1774703030924 83.9524314403534 32
1774703046275 82.6946684718132 33
1774703061570 81.31601306796074 34
1774703076866 81.0323234796524 35
1774703092180 79.6103512942791 36
1774703107601 77.31873095035553 37
1774703122816 80.01698005199432 38
1774703138143 76.411222666502 39
1774703153454 75.55743536353111 40
1774703168842 73.43525511026382 41
1774703184102 74.5263722538948 42
1774703199360 73.64366698265076 43
1774703214710 72.29873311519623 44
1774703230091 73.61375838518143 45
1774703245433 71.19939190149307 46
1774703260669 74.44127723574638 47
1774703276113 79.84176614880562 48
1774703291328 74.1878759264946 49
1774703306560 72.35499206185341 50
1774703321881 70.90384224057198 51
1774703337260 68.57213518023491 52
1774703352497 67.90984779596329 53
1774703367933 68.77389153838158 54
1774703383228 67.58232524991035 55
1774703398477 65.67039400339127 56
1774703413793 65.04985338449478 57
1774703429085 65.12733906507492 58
1774703444368 64.6223446726799 59
1774703459696 64.57851487398148 60
1774703474976 62.46915063261986 61
1774703490177 64.17432975769043 62
1774703505312 75.3642769753933 63
1774703520709 67.97124397754669 64
1774703535948 65.23768240213394 65
1774703551161 63.696891725063324 66
1774703566433 61.08648720383644 67
1774703581735 59.60084944963455 68
1774703597023 59.595821887254715 69
