1774214092482 0.0 0
1774214102493 86.0 1
1774214112505 84.0 2
1774214122513 86.0 3
1774214132521 86.0 4
1774214142529 85.0 5
1774214152546 85.0 6
1774214162553 86.0 7
1774214172562 66.0 8
1774214182571 85.0 9
1774214192580 86.0 10
1774214202587 85.0 11
1774214212595 87.0 12
1774214222603 85.0 13
1774214232612 85.0 14
1774214242622 85.0 15
1774214252635 86.0 16
1774214262646 86.0 17
1774214272656 86.0 18
1774214282663 76.0 19
1774214292670 84.0 20
1774214302677 86.0 21
1774214312688 86.0 22
1774214322703 85.0 23
1774214332714 86.0 24
1774214342728 84.0 25
1774214352737 86.0 26
1774214362745 85.0 27
1774214372753 84.0 28
1774214382762 87.0 29
1774214392775 87.0 30
1774214402784 86.0 31
1774214412792 86.0 32
1774214422807 85.0 33
1774214432818 85.0 34
1774214442827 85.0 35
1774214452836 85.0 36
1774214462851 86.0 37
1774214472862 85.0 38
1774214482872 84.0 39
1774214492894 87.0 40
1774214502907 85.0 41
1774214512926 86.0 42
1774214522948 84.0 43
1774214532959 85.0 44
1774214542969 86.0 45
1774214552983 87.0 46
1774214562991 84.0 47
1774214573002 84.0 48
1774214583010 85.0 49
1774214593019 84.0 50
1774214603030 85.0 51
1774214613051 86.0 52
1774214623066 84.0 53
1774214633082 86.0 54
1774214643094 85.0 55
1774214653118 85.0 56
1774214663127 84.0 57
1774214673135 86.0 58
1774214683154 86.0 59
1774214693166 86.0 60
