1774214092482 2.8 0
1774214102493 31.3 1
1774214112505 31.3 2
1774214122513 31.3 3
1774214132521 31.3 4
1774214142529 31.3 5
1774214152546 31.3 6
1774214162553 31.3 7
1774214172562 31.3 8
1774214182571 31.3 9
1774214192580 31.3 10
1774214202587 31.3 11
1774214212595 31.3 12
1774214222603 31.3 13
1774214232612 31.3 14
1774214242622 31.3 15
1774214252635 31.3 16
1774214262646 31.3 17
1774214272656 31.3 18
1774214282663 31.3 19
1774214292670 31.3 20
1774214302677 31.3 21
1774214312688 31.3 22
1774214322703 31.3 23
1774214332714 31.3 24
1774214342728 31.3 25
1774214352737 31.3 26
1774214362745 31.3 27
1774214372753 31.3 28
1774214382762 31.3 29
1774214392775 35.8 30
1774214402784 35.8 31
1774214412792 35.8 32
1774214422807 35.8 33
1774214432818 35.8 34
1774214442827 35.8 35
1774214452836 35.8 36
1774214462851 35.8 37
1774214472862 35.8 38
1774214482872 35.8 39
1774214492894 35.8 40
1774214502907 35.8 41
1774214512926 35.8 42
1774214522948 35.8 43
1774214532959 35.8 44
1774214542969 35.8 45
1774214552983 35.8 46
1774214562991 35.8 47
1774214573002 35.8 48
1774214583010 35.8 49
1774214593019 35.8 50
1774214603030 35.8 51
1774214613051 35.8 52
1774214623066 35.8 53
1774214633082 35.8 54
1774214643094 35.8 55
1774214653118 35.8 56
1774214663127 35.8 57
1774214673135 35.8 58
1774214683154 35.8 59
1774214693166 35.8 60
