1774277134931 0.9353824853897095 0
1774277135078 0.2895488739013672 1
1774277135218 0.22264009714126587 2
1774277135353 0.19184792041778564 3
1774277135487 0.16990138590335846 4
1774277135621 0.15344968438148499 5
1774277135755 0.13825099170207977 6
1774277135890 0.1272350549697876 7
1774277136025 0.11744356900453568 8
1774277136162 0.10689932107925415 9
1774277136299 0.09816643595695496 10
1774277136436 0.09067926555871964 11
1774277136588 0.0836467370390892 12
1774277136741 0.07848535478115082 13
1774277136893 0.07285195589065552 14
1774277137048 0.06765461713075638 15
1774277137202 0.062448691576719284 16
1774277137359 0.05805472657084465 17
1774277137518 0.053986113518476486 18
1774277137675 0.05022571608424187 19
1774277137831 0.04692913591861725 20
1774277137973 0.04338051751255989 21
1774277138115 0.04062696918845177 22
1774277138258 0.037592366337776184 23
1774277138401 0.035141363739967346 24
1774277138548 0.03285814821720123 25
1774277138694 0.03069545514881611 26
1774277138852 0.028835412114858627 27
1774277138998 0.026678286492824554 28
1774277139145 0.02528434433043003 29
1774277139291 0.02385391667485237 30
1774277139437 0.022547440603375435 31
1774277139584 0.020924130454659462 32
1774277139734 0.019864780828356743 33
1774277139883 0.01844729855656624 34
