1774582713438 0.047270488438910935 0
1774582714422 0.7013271309344643 1
1774582715383 0.7363524421945546 2
1774582716345 0.7654945957039266 3
1774582717307 0.7637159666165002 4
1774582718269 0.7661786838144753 5
1774582719262 0.7781502257490764 6
1774582720226 0.7785606786154057 7
1774582721188 0.7837597482555754 8
1774582722186 0.79142153509372 9
1774582723193 0.8011355862635108 10
1774582724204 0.8031878505951566 11
1774582725215 0.806061020659461 12
1774582726231 0.8070871528252839 13
1774582727209 0.8126282665207278 14
1774582728187 0.8116705431659598 15
1774582729167 0.819058694759885 16
1774582730147 0.8211793679025858 17
1774582731129 0.8259679846764263 18
1774582732113 0.826104802298536 19
1774582733095 0.8328772745929676 20
1774582734078 0.8348611301135587 21
1774582735094 0.8388972499657956 22
1774582736112 0.8420440552743194 23
1774582737134 0.8438226843617458 24
1774582738152 0.84922698043508 25
1774582739170 0.8492953892461349 26
1774582740191 0.8522369681214941 27
1774582741210 0.8531946914762621 28
1774582742232 0.8617457928581201 29
1774582743253 0.8636612395676563 30
1774582744276 0.8676973594198932 31
1774582745296 0.8696812149404843 32
1774582746320 0.8724175673826788 33
1774582747343 0.8754959638801477 34
1774582748366 0.8776166370228485 35
1774582749389 0.878916404432891 36
1774582750415 0.8843891093172801 37
1774582751447 0.888904090846901 38
1774582752474 0.8922561225885894 39
1774582753498 0.8938295252428513 40
1774582754524 0.8934874811875769 41
1774582755549 0.9008756327815023 42
1774582756577 0.9021069913804898 43
1774582757606 0.9047065262005747 44
1774582758636 0.9088794636749213 45
1774582759665 0.9112053632507867 46
1774582760692 0.9142153509372007 47
1774582761720 0.9179094267341633 48
1774582762751 0.9172937474346696 49
1774582763789 0.9198932822547544 50
1774582764826 0.9234505404296073 51
1774582765828 0.926665754549186 52
1774582766861 0.9270762074155151 53
1774582767907 0.9296757422355999 54
1774582768913 0.9324805034888494 55
1774582769948 0.9354220823642085 56
1774582770985 0.9361061704747572 57
1774582771985 0.9398686550827746 58
1774582773019 0.9408263784375428 59
1774582774052 0.9424681899028595 60
1774582775055 0.9453413599671637 61
1774582776060 0.948214530031468 62
1774582777065 0.9500615679299493 63
1774582778072 0.952797920372144 64
1774582779076 0.953755643726912 65
1774582780080 0.9559447256806677 66
1774582781085 0.9560815433027774 67
1774582782091 0.9582022164454782 68
1774582783098 0.9611437953208373 69
1774582784108 0.9644274182514708 70
1774582785115 0.9639485565740867 71
1774582786123 0.9652483239841292 72
1774582787133 0.9692160350253113 73
1774582788146 0.9673689971268299 74
