1774781267473 0.0 0
1774781277487 10.6 1
1774781287495 17.8 2
1774781297503 13.0 3
1774781307511 10.5 4
1774781317520 15.7 5
1774781327526 14.2 6
1774781337534 10.0 7
1774781347543 13.2 8
1774781357556 16.3 9
1774781367563 11.3 10
1774781377570 13.0 11
1774781387580 16.0 12
1774781397587 11.4 13
1774781407595 13.2 14
1774781417607 15.1 15
1774781427615 12.0 16
1774781437630 12.5 17
1774781447638 13.7 18
1774781457646 15.9 19
1774781467665 12.9 20
1774781477680 11.3 21
1774781487688 16.9 22
1774781497703 12.8 23
1774781507710 11.5 24
1774781517717 16.6 25
1774781527728 11.9 26
1774781537738 13.4 27
1774781547746 16.7 28
1774781557758 11.4 29
1774781567769 13.4 30
1774781577777 13.5 31
1774781587783 13.7 32
1774781597802 13.5 33
1774781607810 12.5 34
1774781617819 15.1 35
1774781627828 13.4 36
1774781637835 12.2 37
1774781647847 14.9 38
1774781657860 13.1 39
1774781667868 12.2 40
1774781677876 14.8 41
1774781687884 13.3 42
1774781697891 12.3 43
1774781707898 10.4 44
1774781717906 17.7 45
1774781727914 12.5 46
1774781737922 10.6 47
1774781747932 18.1 48
1774781757940 11.7 49
1774781767950 11.2 50
1774781777958 18.4 51
1774781787966 11.7 52
1774781797975 11.4 53
1774781807984 17.1 54
1774781817993 11.8 55
1774781828007 12.1 56
1774781838020 13.7 57
1774781848028 15.0 58
1774781858038 12.5 59
1774781868046 13.2 60
1774781878054 15.1 61
1774781888066 12.4 62
1774781898082 11.8 63
1774781908092 16.3 64
1774781918101 12.3 65
1774781928109 12.1 66
1774781938125 14.5 67
1774781948134 15.0 68
1774781958143 10.7 69
1774781968153 13.3 70
1774781978171 16.9 71
1774781988182 10.2 72
1774781998191 13.6 73
1774782008200 17.6 74
1774782018209 10.6 75
1774782028219 13.3 76
1774782038239 16.9 77
1774782048256 10.4 78
1774782058267 13.5 79
1774782068276 13.3 80
1774782078283 13.8 81
1774782088304 13.4 82
1774782098319 12.2 83
1774782108334 15.4 84
1774782118351 13.7 85
1774782128361 12.6 86
1774782138376 15.4 87
1774782148385 13.4 88
1774782158399 12.7 89
1774782168410 15.2 90
1774782178425 13.4 91
1774782188450 12.6 92
1774782198459 10.7 93
1774782208474 18.0 94
1774782218496 12.5 95
1774782228509 10.7 96
1774782238522 18.4 97
1774782248537 12.2 98
1774782258552 10.3 99
1774782268566 17.8 100
1774782278576 12.5 101
1774782288594 10.5 102
1774782298604 16.3 103
1774782308613 14.0 104
1774782318625 10.4 105
1774782328640 13.4 106
1774782338654 17.1 107
1774782348680 10.4 108
1774782358701 13.1 109
1774782368713 17.3 110
1774782378723 10.3 111
1774782388738 13.0 112
1774782398752 16.5 113
1774782408762 11.8 114
1774782418772 13.6 115
1774782428782 12.8 116
1774782438792 15.7 117
1774782448807 13.1 118
1774782458825 10.5 119
1774782468834 17.9 120
1774782478851 13.3 121
1774782488861 10.4 122
1774782498871 17.0 123
1774782508881 13.4 124
1774782518899 10.4 125
1774782528928 16.9 126
1774782538937 12.9 127
1774782548959 10.7 128
1774782558970 12.7 129
1774782568981 16.0 130
1774782579006 11.9 131
1774782589015 12.6 132
1774782599025 16.7 133
1774782609037 12.3 134
1774782619047 12.1 135
1774782629059 15.1 136
