1774781267473 4.5 0
1774781277487 63.1 1
1774781287495 52.3 2
1774781297503 49.9 3
1774781307511 69.8 4
1774781317520 52.1 5
1774781327526 49.4 6
1774781337534 44.6 7
1774781347543 54.7 8
1774781357556 50.0 9
1774781367563 47.0 10
1774781377570 52.3 11
1774781387580 51.1 12
1774781397587 50.3 13
1774781407595 53.3 14
1774781417607 51.4 15
1774781427615 47.1 16
1774781437630 48.9 17
1774781447638 53.4 18
1774781457646 52.0 19
1774781467665 61.7 20
1774781477680 42.5 21
1774781487688 46.9 22
1774781497703 52.3 23
1774781507710 51.2 24
1774781517717 46.4 25
1774781527728 55.9 26
1774781537738 50.8 27
1774781547746 51.6 28
1774781557758 63.6 29
1774781567769 50.5 30
1774781577777 46.0 31
1774781587783 50.5 32
1774781597802 65.4 33
1774781607810 60.6 34
1774781617819 52.5 35
1774781627828 55.4 36
1774781637835 53.0 37
1774781647847 50.5 38
1774781657860 48.9 39
1774781667868 50.2 40
1774781677876 47.7 41
1774781687884 47.7 42
1774781697891 50.5 43
1774781707898 53.7 44
1774781717906 57.0 45
1774781727914 52.7 46
1774781737922 53.4 47
1774781747932 49.7 48
1774781757940 60.4 49
1774781767950 56.0 50
1774781777958 70.1 51
1774781787966 48.8 52
1774781797975 59.6 53
1774781807984 47.0 54
1774781817993 52.1 55
1774781828007 51.5 56
1774781838020 53.2 57
1774781848028 53.8 58
1774781858038 53.0 59
1774781868046 48.0 60
1774781878054 57.0 61
1774781888066 50.1 62
1774781898082 51.8 63
1774781908092 49.7 64
1774781918101 55.8 65
1774781928109 49.6 66
1774781938125 63.3 67
1774781948134 42.8 68
1774781958143 50.7 69
1774781968153 49.5 70
1774781978171 73.5 71
1774781988182 48.8 72
1774781998191 52.1 73
1774782008200 51.6 74
1774782018209 53.4 75
1774782028219 44.3 76
1774782038239 74.2 77
1774782048256 49.9 78
1774782058267 49.5 79
1774782068276 50.9 80
1774782078283 53.1 81
1774782088304 86.4 82
1774782098319 62.1 83
1774782108334 59.8 84
1774782118351 52.0 85
1774782128361 61.2 86
1774782138376 47.1 87
1774782148385 54.7 88
1774782158399 63.8 89
1774782168410 50.5 90
1774782178425 43.2 91
1774782188450 55.0 92
1774782198459 50.7 93
1774782208474 53.2 94
1774782218496 63.4 95
1774782228509 48.8 96
1774782238522 74.3 97
1774782248537 48.9 98
1774782258552 50.8 99
1774782268566 49.1 100
1774782278576 51.4 101
1774782288594 51.7 102
1774782298604 61.0 103
1774782308613 51.6 104
1774782318625 49.9 105
1774782328640 57.2 106
1774782338654 48.9 107
1774782348680 59.6 108
1774782358701 60.2 109
1774782368713 64.0 110
1774782378723 45.0 111
1774782388738 48.4 112
1774782398752 69.9 113
1774782408762 46.5 114
1774782418772 51.8 115
1774782428782 49.7 116
1774782438792 48.1 117
1774782448807 48.8 118
1774782458825 78.7 119
1774782468834 42.2 120
1774782478851 77.1 121
1774782488861 49.9 122
1774782498871 49.5 123
1774782508881 41.9 124
1774782518899 52.0 125
1774782528928 68.2 126
1774782538937 53.0 127
1774782548959 50.7 128
1774782558970 52.9 129
1774782568981 47.3 130
1774782579006 60.5 131
1774782589015 60.9 132
1774782599025 51.2 133
1774782609037 50.8 134
1774782619047 74.4 135
1774782629059 50.9 136
