1774781267473 1.6 0
1774781277487 12.3 1
1774781287495 16.0 2
1774781297503 16.0 3
1774781307511 16.0 4
1774781317520 16.0 5
1774781327526 16.0 6
1774781337534 16.0 7
1774781347543 16.0 8
1774781357556 16.0 9
1774781367563 16.0 10
1774781377570 16.0 11
1774781387580 16.0 12
1774781397587 16.0 13
1774781407595 16.0 14
1774781417607 16.0 15
1774781427615 16.0 16
1774781437630 16.0 17
1774781447638 16.0 18
1774781457646 16.0 19
1774781467665 16.0 20
1774781477680 16.0 21
1774781487688 16.0 22
1774781497703 16.0 23
1774781507710 16.0 24
1774781517717 16.0 25
1774781527728 16.0 26
1774781537738 16.0 27
1774781547746 16.0 28
1774781557758 16.0 29
1774781567769 16.0 30
1774781577777 16.0 31
1774781587783 16.0 32
1774781597802 16.0 33
1774781607810 16.0 34
1774781617819 16.0 35
1774781627828 16.0 36
1774781637835 16.0 37
1774781647847 16.0 38
1774781657860 16.0 39
1774781667868 16.0 40
1774781677876 16.0 41
1774781687884 16.0 42
1774781697891 16.0 43
1774781707898 16.0 44
1774781717906 16.0 45
1774781727914 16.0 46
1774781737922 16.0 47
1774781747932 16.0 48
1774781757940 16.0 49
1774781767950 16.0 50
1774781777958 16.0 51
1774781787966 16.0 52
1774781797975 16.0 53
1774781807984 16.0 54
1774781817993 16.0 55
1774781828007 16.0 56
1774781838020 16.0 57
1774781848028 16.0 58
1774781858038 16.0 59
1774781868046 16.0 60
1774781878054 16.0 61
1774781888066 16.0 62
1774781898082 16.0 63
1774781908092 16.0 64
1774781918101 16.0 65
1774781928109 16.0 66
1774781938125 16.0 67
1774781948134 16.0 68
1774781958143 16.0 69
1774781968153 16.0 70
1774781978171 16.0 71
1774781988182 16.0 72
1774781998191 16.0 73
1774782008200 16.0 74
1774782018209 16.0 75
1774782028219 16.0 76
1774782038239 16.0 77
1774782048256 16.0 78
1774782058267 16.0 79
1774782068276 16.0 80
1774782078283 16.0 81
1774782088304 16.0 82
1774782098319 16.0 83
1774782108334 16.0 84
1774782118351 16.0 85
1774782128361 16.0 86
1774782138376 16.0 87
1774782148385 16.0 88
1774782158399 16.0 89
1774782168410 16.0 90
1774782178425 16.0 91
1774782188450 16.0 92
1774782198459 16.0 93
1774782208474 16.0 94
1774782218496 16.0 95
1774782228509 16.0 96
1774782238522 16.0 97
1774782248537 16.0 98
1774782258552 16.0 99
1774782268566 16.0 100
1774782278576 16.0 101
1774782288594 16.0 102
1774782298604 16.0 103
1774782308613 16.0 104
1774782318625 16.0 105
1774782328640 16.0 106
1774782338654 16.0 107
1774782348680 16.0 108
1774782358701 16.0 109
1774782368713 16.0 110
1774782378723 16.0 111
1774782388738 16.0 112
1774782398752 16.0 113
1774782408762 16.0 114
1774782418772 16.0 115
1774782428782 16.0 116
1774782438792 16.0 117
1774782448807 16.0 118
1774782458825 16.0 119
1774782468834 16.0 120
1774782478851 16.0 121
1774782488861 16.0 122
1774782498871 16.0 123
1774782508881 16.0 124
1774782518899 16.0 125
1774782528928 16.0 126
1774782538937 16.0 127
1774782548959 16.0 128
1774782558970 16.0 129
1774782568981 16.0 130
1774782579006 16.0 131
1774782589015 16.0 132
1774782599025 16.0 133
1774782609037 16.0 134
1774782619047 16.0 135
1774782629059 16.0 136
