1774781267473 3161.3 0
1774781277487 3707.2 1
1774781287495 3728.8 2
1774781297503 3805.0 3
1774781307511 3814.5 4
1774781317520 4037.6 5
1774781327526 3816.7 6
1774781337534 3821.3 7
1774781347543 3818.7 8
1774781357556 3858.5 9
1774781367563 3820.3 10
1774781377570 3821.6 11
1774781387580 3821.5 12
1774781397587 3821.5 13
1774781407595 3819.6 14
1774781417607 3836.0 15
1774781427615 3826.1 16
1774781437630 3826.6 17
1774781447638 3994.4 18
1774781457646 3831.1 19
1774781467665 3828.1 20
1774781477680 3827.9 21
1774781487688 3823.7 22
1774781497703 3826.5 23
1774781507710 3833.6 24
1774781517717 3828.3 25
1774781527728 4262.8 26
1774781537738 3829.9 27
1774781547746 3837.7 28
1774781557758 3871.9 29
1774781567769 3828.1 30
1774781577777 3917.2 31
1774781587783 3833.2 32
1774781597802 3834.7 33
1774781607810 3825.9 34
1774781617819 3830.9 35
1774781627828 3829.8 36
1774781637835 3821.1 37
1774781647847 3825.8 38
1774781657860 3828.1 39
1774781667868 3822.7 40
1774781677876 3832.4 41
1774781687884 3824.5 42
1774781697891 3833.7 43
1774781707898 3852.3 44
1774781717906 3829.5 45
1774781727914 3857.1 46
1774781737922 3838.2 47
1774781747932 3823.1 48
1774781757940 3835.8 49
1774781767950 3825.3 50
1774781777958 3823.8 51
1774781787966 3826.1 52
1774781797975 3825.4 53
1774781807984 4078.6 54
1774781817993 3855.7 55
1774781828007 3837.4 56
1774781838020 3827.8 57
1774781848028 3882.0 58
1774781858038 3835.8 59
1774781868046 3830.4 60
1774781878054 3831.9 61
1774781888066 3839.4 62
1774781898082 3831.8 63
1774781908092 3833.7 64
1774781918101 3833.8 65
1774781928109 3855.9 66
1774781938125 4029.0 67
1774781948134 3834.7 68
1774781958143 3838.5 69
1774781968153 3827.6 70
1774781978171 3828.5 71
1774781988182 3835.0 72
1774781998191 3833.3 73
1774782008200 3836.4 74
1774782018209 3836.1 75
1774782028219 3833.2 76
1774782038239 3838.0 77
1774782048256 3847.4 78
1774782058267 3836.6 79
1774782068276 3931.2 80
1774782078283 3830.6 81
1774782088304 3836.5 82
1774782098319 3834.7 83
1774782108334 3841.1 84
1774782118351 3841.2 85
1774782128361 3837.4 86
1774782138376 3834.9 87
1774782148385 3832.9 88
1774782158399 3825.6 89
1774782168410 3838.6 90
1774782178425 3828.5 91
1774782188450 3831.6 92
1774782198459 3864.9 93
1774782208474 3831.1 94
1774782218496 3837.2 95
1774782228509 3838.1 96
1774782238522 3837.6 97
1774782248537 3825.4 98
1774782258552 3833.7 99
1774782268566 3839.2 100
1774782278576 3830.9 101
1774782288594 3835.6 102
1774782298604 4066.5 103
1774782308613 3829.5 104
1774782318625 3839.8 105
1774782328640 3822.9 106
1774782338654 3828.5 107
1774782348680 3834.3 108
1774782358701 3830.7 109
1774782368713 3836.0 110
1774782378723 3838.9 111
1774782388738 3825.3 112
1774782398752 3890.2 113
1774782408762 3829.7 114
1774782418772 3827.2 115
1774782428782 4000.1 116
1774782438792 3842.8 117
1774782448807 3824.4 118
1774782458825 3844.1 119
1774782468834 3841.5 120
1774782478851 3836.4 121
1774782488861 3851.6 122
1774782498871 3842.2 123
1774782508881 3822.2 124
1774782518899 3837.9 125
1774782528928 3834.9 126
1774782538937 3883.3 127
1774782548959 3845.6 128
1774782558970 3888.7 129
1774782568981 3826.8 130
1774782579006 3837.7 131
1774782589015 3827.5 132
1774782599025 3866.2 133
1774782609037 3842.7 134
1774782619047 3835.8 135
1774782629059 3835.5 136
