1774568668029 3676.7 0
1774568678037 5799.6 1
1774568688045 5841.1 2
1774568698053 5853.5 3
1774568708060 5852.6 4
1774568718091 5869.1 5
1774568728105 5880.0 6
1774568738118 5869.8 7
1774568748131 5878.2 8
1774568758146 5874.0 9
1774568768159 5877.5 10
1774568778172 5871.2 11
1774568788193 6055.0 12
1774568798202 5885.0 13
1774568808210 5883.7 14
1774568818265 5884.3 15
1774568828277 5886.4 16
1774568838291 5897.1 17
1774568848301 5883.3 18
1774568858336 5892.0 19
1774568868346 5900.5 20
1774568878356 5885.2 21
1774568888377 5906.8 22
1774568898459 5906.6 23
1774568908497 5896.1 24
