1774136254063 0.5077220077220077 0
1774136254230 0.502895752895753 1
1774136254401 0.5135135135135135 2
1774136254562 0.502895752895753 3
1774136254728 0.4980694980694981 4
1774136255101 0.5 5
1774136255477 0.49903474903474904 6
1774136255649 0.49903474903474904 7
1774136255831 0.49903474903474904 8
1774136256000 0.49903474903474904 9
1774136256156 0.5 10
1774136256327 0.49903474903474904 11
1774136256509 0.555984555984556 12
1774136256688 0.638996138996139 13
1774136256851 0.609073359073359 14
1774136256999 0.61003861003861 15
1774136257144 0.6978764478764479 16
1774136257318 0.693050193050193 17
1774136257505 0.7036679536679536 18
1774136257969 0.722972972972973 19
1774136258137 0.7065637065637066 20
1774136258330 0.722972972972973 21
1774136258526 0.752895752895753 22
1774136258713 0.747104247104247 23
1774136258906 0.7586872586872587 24
1774136259083 0.7654440154440154 25
1774136259263 0.7557915057915058 26
1774136259437 0.7702702702702703 27
1774136259599 0.7876447876447876 28
1774136259774 0.7905405405405406 29
1774136259946 0.8021235521235521 30
1774136260100 0.806949806949807 31
1774136260418 0.8021235521235521 32
1774136260582 0.8127413127413128 33
1774136260742 0.806949806949807 34
