1774779301761 0.14640147631740824 0
1774779321411 0.30736108263276607 1
1774779341182 0.3940947303670289 2
1774779360986 0.4640147631740824 3
1774779380713 0.4947713758458068 4
1774779400462 0.5257330326020094 5
1774779420315 0.5539607682318365 6
1774779440123 0.5799330189324038 7
1774779459860 0.591620531747659 8
1774779479632 0.604128220900827 9
1774779499451 0.6163625179413574 10
1774779519234 0.63057890779851 11
1774779538960 0.6391907593465929 12
1774779558645 0.6502631399084137 13
1774779578440 0.6578497710341057 14
1774779598247 0.6645478777937257 15
1774779618149 0.6726812931446928 16
1774779637926 0.6795844439887909 17
1774779657726 0.683480281593876 18
1774779677523 0.6894949080719022 19
1774779697334 0.6959196227188845 20
1774779717103 0.703574601872736 21
1774779736905 0.6995420682113321 22
1774779756665 0.7072653953933429 23
1774779776353 0.7108878408857905 24
1774779796108 0.7166974232793384 25
1774779815867 0.7261977991934933 26
1774779835648 0.7231221379263209 27
1774779855476 0.7279748479256374 28
1774779875295 0.733374342150229 29
1774779895063 0.7354247829950106 30
1774779914739 0.7363133073610826 31
1774779934454 0.7395256646845738 32
1774779954264 0.7476590800355409 33
1774779974171 0.7511448294716697 34
1774779994007 0.754357186795161 35
1774780013802 0.7534003144009296 36
1774780033595 0.7557241473583487 37
1774780053376 0.7581163283439273 38
1774780073162 0.7663180917230538 39
1774780092995 0.7702139293281389 40
1774780112857 0.7667965279201695 41
1774780132696 0.7689153167931105 42
1774780152466 0.7719909780602829 43
1774780172291 0.7760918597498462 44
1774780192007 0.7775955163693528 45
1774780211810 0.7806028296083658 46
1774780231551 0.7834050987629007 47
1774780251279 0.7834050987629007 48
1774780271131 0.7887362449593329 49
1774780290906 0.7851137994668854 50
1774780310634 0.7742464629895428 51
1774780330408 0.7892146811564487 52
1774780350287 0.7909233818604333 53
1774780370121 0.7933155628460119 54
1774780389876 0.7945458273528808 55
1774780409690 0.7963912241131843 56
1774780429482 0.7978265327045315 57
1774780449287 0.8008338459435446 58
1774780469161 0.8021324584785728 59
1774780488961 0.7831317066502631 60
1774780508797 0.7913334700293897 61
1774780528563 0.8043195953796733 62
1774780548403 0.8071902125623676 63
1774780568165 0.8048663796049484 64
1774780588080 0.8044562914359921 65
1774780607907 0.807805344815802 66
1774780627715 0.8079420408721208 67
1774780647429 0.811496138336409 68
1774780667234 0.8164855443920442 69
1774780687112 0.8142300594627845 70
1774780706894 0.8149135397443784 71
1774780726725 0.8179892010115508 72
1774780746482 0.8207914701660857 73
1774780766297 0.8229786070671861 74
1774780786165 0.824550611714852 75
1774780805970 0.8190144214339417 76
1774780825716 0.8294716697423279 77
1774780845581 0.8204497300252888 78
1774780865368 0.8259175722780397 79
1774780885181 0.8281047091791401 80
1774780905031 0.829129929601531 81
1774780924860 0.8291982776296903 82
1774780944698 0.8322739388968629 83
1774780964464 0.8253024400246053 84
1774780984351 0.8287198414325747 85
1774781004126 0.8337775955163693 86
1774781023889 0.8332991593192537 87
1774781043753 0.8408174424167862 88
1774781063546 0.8274212288975463 89
1774781083409 0.8336408994600506 90
1774781103238 0.836716560727223 91
1774781123169 0.8420477069236553 92
1774781143044 0.8418426628391771 93
1774781162874 0.8368532567835418 94
1774781182673 0.8427995352334086 95
1774781202516 0.8351445560795571 96
1774781222373 0.8438931036839588 97
1774781242218 0.8442348438247557 98
