1767881354473 0.5053413236060448 0
1767881355021 0.8656852527357999 1
1767881355581 0.8792339760291819 2
1767881356153 0.8869202709744659 3
1767881356746 0.8922615945805107 4
1767881357331 0.8998176133402814 5
1767881357917 0.9047681083897864 6
1767881358512 0.9097186034392913 7
1767881359104 0.9136268890046899 8
1767881359695 0.9198801459093278 9
1767881360290 0.9241792600312663 10
1767881360920 0.9266545075560187 11
1767881361513 0.9321261073475768 12
1767881362122 0.9322563835330901 13
1767881362739 0.9400729546638874 14
1767881363360 0.9411151641479938 15
1767881363962 0.9465867639395519 16
1767881364580 0.9491922876498177 17
1767881365189 0.95205836373111 18
1767881365799 0.955706096925482 19
1767881366428 0.9563574778530485 20
1767881367041 0.9601354872329338 21
1767881367654 0.9635226680562793 22
1767881368281 0.9639134966128192 23
1767881368894 0.9671704012506513 24
1767881369497 0.9689942678478374 25
1767881370124 0.9718603439291298 26
1767881370736 0.9738144867118291 27
1767881371345 0.9756383533090152 28
1767881371963 0.9779833246482543 29
1767881372581 0.9803282959874935 30
1767881373205 0.9804585721730068 31
1767881373818 0.9831943720687858 32
1767881374434 0.9843668577384054 33
1767881375047 0.984627410109432 34
1767881375662 0.9863210005211047 35
1767881376275 0.9850182386659718 36
1767881376927 0.9873632100052111 37
1767881377548 0.9886659718603439 38
1767881378436 0.9897081813444503 39
