1774220459874 0.5121090994592052 0
1774220460329 0.5447919115918175 1
1774220460935 0.49976487185516105 2
1774220461387 0.4988243592758053 3
1774220461813 0.49823653891370795 4
1774220462397 0.4996473077827416 5
1774220462836 0.49976487185516105 6
1774220463432 0.5 7
1774220463890 0.6396661180343287 8
1774220464336 0.7256054549729603 9
1774220465169 0.7332471196802257 10
1774220465648 0.7605219844815424 11
1774220466105 0.7743945450270397 12
1774220466719 0.7793322360686574 13
1774220467166 0.7818010815894663 14
1774220467621 0.8071949212320715 15
1774220468272 0.813073124853045 16
1774220468753 0.8123677404185281 17
1774220469204 0.8223606865741829 18
1774220469819 0.8355278626851634 19
1774220470286 0.8422290148130731 20
1774220470753 0.8422290148130731 21
1774220471429 0.851986832823889 22
1774220472035 0.8512814483893723 23
1774220472543 0.857747472372443 24
