1774135469886 3.2929232120513916 0
1774135470835 1.906973958015442 1
1774135471760 1.7645078897476196 2
1774135472688 1.6430586576461792 3
1774135473619 1.5622751712799072 4
1774135474558 1.4915565252304077 5
1774135475487 1.4381300210952759 6
1774135476419 1.3859796524047852 7
1774135477350 1.3311265707015991 8
1774135478282 1.2897956371307373 9
1774135479257 1.2468410730361938 10
1774135480234 1.218879222869873 11
1774135481210 1.1871997117996216 12
1774135482153 1.1506609916687012 13
1774135483096 1.134189248085022 14
1774135484039 1.0978686809539795 15
1774135484985 1.0778485536575317 16
1774135485930 1.0537258386611938 17
1774135486877 1.027314305305481 18
1774135487822 1.0003255605697632 19
1774135488805 0.9790433049201965 20
1774135489788 0.9612621068954468 21
1774135490777 0.9346087574958801 22
1774135491763 0.9215339422225952 23
1774135492747 0.8920081853866577 24
1774135493733 0.8745566606521606 25
1774135494717 0.8561636209487915 26
1774135495702 0.8403777480125427 27
1774135496691 0.8201490044593811 28
1774135497690 0.7962278723716736 29
1774135498690 0.7846533060073853 30
1774135499687 0.7678849697113037 31
1774135500675 0.7463382482528687 32
1774135501667 0.7289658784866333 33
1774135502657 0.7174749374389648 34
1774135503653 0.7008790969848633 35
1774135504642 0.6862128973007202 36
1774135505633 0.6643951535224915 37
1774135506625 0.6469547748565674 38
1774135507617 0.6384745836257935 39
1774135508610 0.6211647987365723 40
1774135509604 0.6066747307777405 41
1774135510598 0.5941832065582275 42
1774135511593 0.5736696124076843 43
1774135512587 0.5569943189620972 44
1774135513582 0.5475741624832153 45
1774135514578 0.5302491188049316 46
1774135515539 0.5167731642723083 47
1774135516539 0.5071716904640198 48
1774135517535 0.4919435977935791 49
1774135518531 0.47775039076805115 50
1774135519536 0.46574777364730835 51
1774135520504 0.4500415325164795 52
1774135521474 0.44076165556907654 53
1774135522483 0.4322367310523987 54
1774135523488 0.41389691829681396 55
1774135524491 0.3990132808685303 56
1774135525460 0.389044851064682 57
1774135526427 0.3784911632537842 58
1774135527433 0.3694932758808136 59
1774135528436 0.3569542467594147 60
1774135529442 0.34577691555023193 61
1774135530417 0.33350512385368347 62
1774135531391 0.3264051079750061 63
1774135532362 0.31552383303642273 64
1774135533330 0.30790677666664124 65
1774135534296 0.2996519207954407 66
1774135535262 0.286644846200943 67
1774135536229 0.28346091508865356 68
1774135537197 0.26659050583839417 69
1774135538165 0.26151251792907715 70
1774135539134 0.2527000904083252 71
1774135540103 0.24550877511501312 72
1774135541074 0.24441789090633392 73
1774135542046 0.22960631549358368 74
1774135543017 0.22512505948543549 75
