1773962682726 65.36321341991425 0
1773962683411 38.70688071846962 1
1773962684101 35.57621890306473 2
1773962684805 33.26226916909218 3
1773962685544 31.897620648145676 4
1773962686301 30.394383996725082 5
1773962687048 28.482847779989243 6
1773962687756 26.983523070812225 7
1773962688464 24.528425246477127 8
1773962689163 23.033844143152237 9
1773962689859 20.098350152373314 10
1773962690547 16.743432387709618 11
1773962691242 14.279585659503937 12
1773962691941 13.077463775873184 13
1773962692643 10.909505382180214 14
1773962693341 9.517554450780153 15
1773962694034 9.067791528999805 16
