1774188261972 2.8 0
1774188271986 44.9 1
1774188281995 44.9 2
1774188292012 44.9 3
1774188302043 44.9 4
1774188312055 44.9 5
1774188322063 44.9 6
1774188332070 44.9 7
1774188342081 44.9 8
1774188352088 44.9 9
1774188362095 44.9 10
1774188372105 44.9 11
1774188382122 44.9 12
1774188392139 44.9 13
1774188402147 44.9 14
1774188412156 44.9 15
1774188422172 44.9 16
1774188432181 44.9 17
1774188442195 44.9 18
1774188452205 44.9 19
1774188462213 44.9 20
1774188472222 44.9 21
1774188482236 44.9 22
1774188492244 44.9 23
1774188502252 44.9 24
1774188512273 44.9 25
1774188522280 44.9 26
1774188532289 44.9 27
1774188542299 44.9 28
1774188552306 44.9 29
1774188562314 44.9 30
1774188572333 44.9 31
1774188582340 44.9 32
1774188592349 44.9 33
1774188602361 44.9 34
1774188612369 44.9 35
1774188622381 44.9 36
1774188632394 44.9 37
1774188642402 44.9 38
1774188652409 44.9 39
1774188662417 44.9 40
1774188672426 44.9 41
1774188682435 44.9 42
1774188692445 44.9 43
1774188702470 44.9 44
1774188712497 44.9 45
1774188722514 44.9 46
1774188732524 44.9 47
1774188742539 44.9 48
1774188752561 44.9 49
1774188762569 44.9 50
1774188772577 44.9 51
1774188782588 44.9 52
1774188792602 44.9 53
1774188802610 44.9 54
1774188812618 44.9 55
1774188822627 44.9 56
1774188832635 44.9 57
1774188842644 44.9 58
