1774188261972 239.7 0
1774188271986 3855.2 1
1774188281995 3855.2 2
1774188292012 3855.2 3
1774188302043 3855.2 4
1774188312055 3855.2 5
1774188322063 3855.2 6
1774188332070 3855.2 7
1774188342081 3855.2 8
1774188352088 3855.2 9
1774188362095 3855.2 10
1774188372105 3855.2 11
1774188382122 3855.2 12
1774188392139 3855.2 13
1774188402147 3855.2 14
1774188412156 3855.2 15
1774188422172 3855.2 16
1774188432181 3855.2 17
1774188442195 3855.2 18
1774188452205 3855.2 19
1774188462213 3855.2 20
1774188472222 3855.2 21
1774188482236 3855.2 22
1774188492244 3855.2 23
1774188502252 3855.2 24
1774188512273 3855.2 25
1774188522280 3855.2 26
1774188532289 3855.2 27
1774188542299 3855.2 28
1774188552306 3855.2 29
1774188562314 3855.2 30
1774188572333 3855.2 31
1774188582340 3855.2 32
1774188592349 3855.2 33
1774188602361 3855.2 34
1774188612369 3855.2 35
1774188622381 3855.2 36
1774188632394 3855.2 37
1774188642402 3855.2 38
1774188652409 3855.2 39
1774188662417 3855.2 40
1774188672426 3855.2 41
1774188682435 3855.2 42
1774188692445 3855.2 43
1774188702470 3855.2 44
1774188712497 3855.2 45
1774188722514 3855.2 46
1774188732524 3855.2 47
1774188742539 3855.2 48
1774188752561 3855.2 49
1774188762569 3855.2 50
1774188772577 3855.2 51
1774188782588 3855.2 52
1774188792602 3855.2 53
1774188802610 3855.2 54
1774188812618 3855.2 55
1774188822627 3855.2 56
1774188832635 3855.2 57
1774188842644 3855.2 58
