1774143825478 0.5062308958382319 0
1774143825863 0.5403244768398777 1
1774143826424 0.5909945920526687 2
1774143826820 0.5402069127674582 3
1774143827209 0.5001175640724195 4
1774143827773 0.5001175640724195 5
1774143828175 0.4995297437103221 6
1774143828759 0.5001175640724195 7
1774143829159 0.5 8
1774143829550 0.5 9
1774143830297 0.5 10
1774143830722 0.500235128144839 11
1774143831110 0.5003526922172584 12
1774143831684 0.5036444862450036 13
1774143832092 0.5065835880554902 14
1774143832523 0.5061133317658124 15
1774143833102 0.5067011521279097 16
