1774367178427 0.5051594746716698 0
1774367179119 0.4910881801125704 1
1774367179955 0.5043386491557224 2
1774367180610 0.5015243902439024 3
1774367181298 0.50093808630394 4
1774367182142 0.5025797373358349 5
1774367182826 0.5025797373358349 6
1774367183646 0.5038696060037523 7
1774367184328 0.5017589118198874 8
1774367185023 0.5030487804878049 9
1774367186057 0.5010553470919324 10
1774367186763 0.5015243902439024 11
1774367187442 0.5084427767354597 12
1774367188306 0.514188555347092 13
1774367188989 0.5046904315196998 14
1774367189680 0.5032833020637899 15
1774367190532 0.5039868667917449 16
1774367191220 0.5045731707317073 17
1774367191885 0.5038696060037523 18
1774367192746 0.5035178236397748 19
1774367193431 0.5037523452157598 20
1774367194119 0.5038696060037523 21
1774367194991 0.5043386491557224 22
1774367195812 0.5043386491557224 23
1774367196492 0.5046904315196998 24
1774367197363 0.5052767354596623 25
1774367198027 0.511843339587242 26
1774367198700 0.5154784240150094 27
