1774144102398 0.0477850697292863 0
1774144103442 0.7169811320754716 1
1774144104494 0.7335931091058244 2
1774144105512 0.7670905113480996 3
1774144106531 0.7760459392945037 4
1774144107551 0.787940935192781 5
1774144108605 0.7871889526934646 6
1774144109628 0.7896499863275909 7
1774144110651 0.7919742958709325 8
1774144111685 0.7949138638228056 9
1774144112718 0.805099808586273 10
1774144113751 0.8042794640415641 11
1774144114785 0.8076292042657917 12
1774144115820 0.8123461853978671 13
1774144116889 0.8139185124418923 14
1774144117928 0.817815149029259 15
1774144118969 0.8173366147115122 16
1774144120014 0.8264971287940935 17
1774144121056 0.8303937653814603 18
1774144122094 0.832239540607055 19
1774144123132 0.8359310910582445 20
1774144124212 0.8343587640142193 21
1774144125286 0.83893902105551 22
1774144126364 0.843587640142193 23
1774144127445 0.8447497949138638 24
1774144128521 0.8460486737763194 25
1774144129598 0.8502187585452556 26
1774144130675 0.8521328958162429 27
1774144131756 0.8558928083128248 28
1774144132837 0.8590374624008751 29
1774144133917 0.8626606508066721 30
1774144134999 0.866420563303254 31
1774144136079 0.8701804757998359 32
1774144137158 0.8729833196609242 33
1774144138239 0.8787940935192781 34
1774144139319 0.8796828001093793 35
1774144140401 0.8831692644243916 36
1774144141484 0.8846732294230243 37
1774144142567 0.8882964178288214 38
1774144143654 0.8880913316926442 39
1774144144739 0.8929450369155045 40
1774144145824 0.8967733114574788 41
1774144146911 0.8985507246376812 42
1774144147997 0.9044298605414274 43
1774144149042 0.9044298605414274 44
1774144150092 0.9085315832649713 45
1774144151147 0.91106097894449 46
1774144152204 0.9131118403062619 47
1774144153297 0.9136587366694011 48
1774144154392 0.9175553732567678 49
1774144155480 0.9222723543888434 50
1774144156531 0.9240497675690457 51
1774144157620 0.9250068362045393 52
1774144158671 0.9277413180202352 53
1774144159725 0.9291769209734755 54
1774144160816 0.9331419196062346 55
1774144161870 0.9353295050587913 56
1774144162966 0.9368334700574241 57
1774144164058 0.9410719168717528 58
1774144165161 0.9451052775499043 59
1774144166218 0.9442849330051956 60
1774144167274 0.9439431227782336 61
1774144168331 0.9487968280010938 62
1774144169393 0.9498222586819798 63
1774144170451 0.9535138091331693 64
1774144171511 0.9533770850423845 65
1774144172569 0.9572053595843588 66
1774144173629 0.9577522559474979 67
1774144174693 0.9589827727645611 68
1774144175758 0.9600082034454471 69
1774144176821 0.962742685261143 70
1774144177883 0.9642466502597757 71
1774144178945 0.9656822532130162 72
1774144180010 0.9654088050314465 73
