1774184995166 2.8 0
1774185005194 44.9 1
1774185015202 44.9 2
1774185025211 44.9 3
1774185035218 44.9 4
1774185045249 44.9 5
1774185055256 44.9 6
1774185065263 44.9 7
1774185075271 44.9 8
1774185085303 44.9 9
1774185095310 44.9 10
1774185105341 44.9 11
1774185115352 44.9 12
1774185125360 44.9 13
1774185135367 44.9 14
1774185145377 44.9 15
1774185155386 44.9 16
1774185165394 44.9 17
1774185175401 44.9 18
1774185185408 44.9 19
1774185195416 44.9 20
1774185205423 44.9 21
1774185215431 44.9 22
1774185225438 44.9 23
1774185235460 44.9 24
1774185245468 44.9 25
1774185255482 44.9 26
1774185265490 44.9 27
1774185275498 44.9 28
1774185285521 44.9 29
1774185295528 44.9 30
1774185305537 44.9 31
1774185315544 44.9 32
1774185325562 44.9 33
1774185335578 44.9 34
1774185345598 44.9 35
1774185355606 44.9 36
1774185365614 44.9 37
1774185375621 44.9 38
1774185385629 44.9 39
1774185395637 44.9 40
1774185405650 44.9 41
1774185415674 44.9 42
1774185425682 44.9 43
1774185435690 44.9 44
1774185445717 44.9 45
1774185455730 44.9 46
1774185465740 44.9 47
1774185475749 44.9 48
1774185485757 44.9 49
1774185495765 44.9 50
1774185505773 44.9 51
1774185515790 44.9 52
1774185525804 44.9 53
