1774184995166 239.7 0
1774185005194 3855.2 1
1774185015202 3855.2 2
1774185025211 3855.2 3
1774185035218 3855.2 4
1774185045249 3855.2 5
1774185055256 3855.2 6
1774185065263 3855.2 7
1774185075271 3855.2 8
1774185085303 3855.2 9
1774185095310 3855.2 10
1774185105341 3855.2 11
1774185115352 3855.2 12
1774185125360 3855.2 13
1774185135367 3855.2 14
1774185145377 3855.2 15
1774185155386 3855.2 16
1774185165394 3855.2 17
1774185175401 3855.2 18
1774185185408 3855.2 19
1774185195416 3855.2 20
1774185205423 3855.2 21
1774185215431 3855.2 22
1774185225438 3855.2 23
1774185235460 3855.2 24
1774185245468 3855.2 25
1774185255482 3855.2 26
1774185265490 3855.2 27
1774185275498 3855.2 28
1774185285521 3855.2 29
1774185295528 3855.2 30
1774185305537 3855.2 31
1774185315544 3855.2 32
1774185325562 3855.2 33
1774185335578 3855.2 34
1774185345598 3855.2 35
1774185355606 3855.2 36
1774185365614 3855.2 37
1774185375621 3855.2 38
1774185385629 3855.2 39
1774185395637 3855.2 40
1774185405650 3855.2 41
1774185415674 3855.2 42
1774185425682 3855.2 43
1774185435690 3855.2 44
1774185445717 3855.2 45
1774185455730 3855.2 46
1774185465740 3855.2 47
1774185475749 3855.2 48
1774185485757 3855.2 49
1774185495765 3855.2 50
1774185505773 3855.2 51
1774185515790 3855.2 52
1774185525804 3855.2 53
