1774184995166 5546.6 0
1774185005194 5999.1 1
1774185015202 6060.0 2
1774185025211 6098.8 3
1774185035218 6093.2 4
1774185045249 6090.4 5
1774185055256 6093.7 6
1774185065263 6084.4 7
1774185075271 6105.0 8
1774185085303 6113.4 9
1774185095310 6365.6 10
1774185105341 6108.0 11
1774185115352 6100.8 12
1774185125360 6106.3 13
1774185135367 6120.1 14
1774185145377 6129.8 15
1774185155386 6219.1 16
1774185165394 6141.9 17
1774185175401 6143.3 18
1774185185408 6140.8 19
1774185195416 6136.6 20
1774185205423 6151.5 21
1774185215431 6148.5 22
1774185225438 6297.9 23
1774185235460 6155.7 24
1774185245468 6156.2 25
1774185255482 6175.1 26
1774185265490 6182.3 27
1774185275498 6183.6 28
1774185285521 6184.2 29
1774185295528 6155.2 30
1774185305537 6165.3 31
1774185315544 6187.3 32
1774185325562 6322.5 33
1774185335578 6184.9 34
1774185345598 6198.9 35
1774185355606 6198.6 36
1774185365614 6185.8 37
1774185375621 6267.4 38
1774185385629 6194.1 39
1774185395637 6198.3 40
1774185405650 6189.3 41
1774185415674 6250.7 42
1774185425682 6216.5 43
1774185435690 6218.9 44
1774185445717 6211.8 45
1774185455730 6461.6 46
1774185465740 6215.2 47
1774185475749 6248.3 48
1774185485757 6204.6 49
1774185495765 6229.5 50
1774185505773 6230.8 51
1774185515790 6225.3 52
1774185525804 6214.6 53
