1773969946068 0.8582074046134949 0
1773969946193 0.47305357456207275 1
1773969946312 0.4520705044269562 2
1773969946430 0.4380124807357788 3
1773969946549 0.42627495527267456 4
1773969946667 0.41531845927238464 5
1773969946791 0.4066307842731476 6
1773969946923 0.39716389775276184 7
1773969947048 0.3877529799938202 8
1773969947182 0.38137519359588623 9
1773969947303 0.3734997808933258 10
1773969947424 0.36496874690055847 11
1773969947545 0.35830530524253845 12
1773969947668 0.35141319036483765 13
1773969947791 0.34475526213645935 14
1773969947915 0.33873435854911804 15
1773969948039 0.3321634531021118 16
1773969948164 0.32800376415252686 17
1773969948290 0.32130008935928345 18
1773969948416 0.3157213628292084 19
1773969948542 0.3092222511768341 20
1773969948669 0.30231305956840515 21
1773969948795 0.2975682020187378 22
1773969948923 0.2933224141597748 23
