1774703613248 42.278356581926346 0
1774703614227 35.36093533039093 1
1774703615126 33.372005969285965 2
1774703615993 32.589384347200394 3
1774703616858 32.11547094583511 4
1774703617719 31.183709233999252 5
1774703618606 30.364295423030853 6
1774703619501 30.974521338939667 7
1774703620404 29.00644686818123 8
1774703621302 29.35947746038437 9
1774703622230 28.49117210507393 10
1774703623140 27.64420798420906 11
1774703624047 27.577503204345703 12
1774703624933 26.95547404885292 13
1774703625812 26.088512897491455 14
1774703626699 25.844960063695908 15
1774703627631 25.835558712482452 16
1774703628508 24.65529778599739 17
1774703629378 23.7048749178648 18
1774703630248 23.411171078681946 19
1774703631147 22.86647991836071 20
1774703632022 22.32402041554451 21
1774703632889 22.347059935331345 22
1774703633752 21.57161022722721 23
1774703634613 20.592036738991737 24
1774703635482 20.110594421625137 25
1774703636391 20.037817746400833 26
1774703637281 19.820116579532623 27
1774703638162 17.746647387742996 28
1774703639023 18.34959238767624 29
1774703639889 17.99449883401394 30
1774703640764 17.544061571359634 31
1774703641714 16.647617891430855 32
1774703642592 16.169956654310226 33
1774703643463 16.383044868707657 34
1774703644346 16.23158024251461 35
1774703645232 15.295488893985748 36
1774703646114 15.55708722770214 37
1774703647045 14.550127781927586 38
1774703647914 14.360695943236351 39
1774703648779 13.344404324889183 40
1774703649641 13.383883893489838 41
1774703650520 13.20976285636425 42
1774703651432 13.159150436520576 43
1774703652336 13.87754175066948 44
1774703653232 12.192362934350967 45
1774703654164 11.819060117006302 46
1774703655085 12.054055973887444 47
1774703655956 11.123583741486073 48
1774703656819 11.22592380642891 49
1774703657677 11.629069216549397 50
1774703658540 10.918965183198452 51
1774703659409 11.089741483330727 52
1774703660278 10.64017141610384 53
1774703661157 9.904425844550133 54
1774703662114 9.559445947408676 55
