1773958434726 0.6766988008464613 0
1773958435263 0.7745121090994592 1
1773958435790 0.814601457794498 2
1773958436318 0.8449329884787209 3
1773958436852 0.8556313190688926 4
1773958437390 0.8680931107453562 5
1773958437926 0.8796143898424641 6
1773958438460 0.8860804138255349 7
1773958439016 0.8959557959087703 8
1773958439572 0.893134258170703 9
1773958440108 0.9051257935574888 10
1773958440648 0.9134728426992711 11
1773958441185 0.9168822007994357 12
1773958441748 0.92699271102751 13
1773958442307 0.92699271102751 14
1773958442847 0.9339289913002586 15
1773958443392 0.936280272748648 16
1773958443968 0.9403950152833294 17
1773958444521 0.9426287326592994 18
