1774353056784 0.4821763602251407 0
1774353056944 0.551594746716698 1
1774353057097 0.5938086303939962 2
1774353057272 0.6557223264540337 3
1774353057427 0.6810506566604128 4
1774353057579 0.698874296435272 5
1774353057734 0.724202626641651 6
1774353057889 0.7467166979362101 7
1774353058045 0.7467166979362101 8
1774353058200 0.7711069418386491 9
1774353058356 0.7804878048780488 10
1774353058514 0.7851782363977486 11
1774353058671 0.7692307692307693 12
1774353058828 0.800187617260788 13
1774353058986 0.7964352720450282 14
1774353059171 0.8189493433395872 15
1774353059340 0.8123827392120075 16
1774353059506 0.8067542213883677 17
1774353059662 0.8292682926829268 18
1774353059819 0.8386491557223265 19
1774353059980 0.8151969981238274 20
1774353060137 0.8395872420262664 21
1774353060289 0.8452157598499062 22
1774353060445 0.8724202626641651 23
1774353060600 0.8433395872420263 24
1774353060755 0.848968105065666 25
1774353060907 0.8827392120075047 26
1774353061067 0.8771106941838649 27
1774353061223 0.8630393996247655 28
1774353061378 0.8799249530956847 29
1774353061531 0.8602251407129456 30
1774353061685 0.8799249530956847 31
1774353061845 0.900562851782364 32
1774353062009 0.8968105065666041 33
1774353062169 0.9080675422138836 34
1774353062332 0.9127579737335835 35
1774353062493 0.925891181988743 36
