1774353056780 6.281615674495697 0
1774353056941 6.167783558368683 1
1774353057094 6.054343640804291 2
1774353057267 5.837230920791626 3
1774353057423 5.597586572170258 4
1774353057575 5.163777709007263 5
1774353057730 4.883701503276825 6
1774353057885 4.684840977191925 7
1774353058041 4.640033543109894 8
1774353058196 4.38071671128273 9
1774353058352 4.304023325443268 10
1774353058510 4.134914189577103 11
1774353058667 4.243586719036102 12
1774353058824 3.8844881653785706 13
1774353058982 3.973712295293808 14
1774353059163 3.975407689809799 15
1774353059334 3.6939639151096344 16
1774353059500 3.6793755292892456 17
1774353059658 3.388127624988556 18
1774353059815 3.482325166463852 19
1774353059974 3.513460159301758 20
1774353060133 3.3367699086666107 21
1774353060286 3.1258524656295776 22
1774353060441 2.866399347782135 23
1774353060596 3.0982040762901306 24
1774353060751 3.1655263900756836 25
1774353060903 2.836426705121994 26
1774353061061 2.7119354605674744 27
1774353061219 2.7093254029750824 28
1774353061374 2.8434570133686066 29
1774353061527 2.7004749476909637 30
1774353061681 2.47196726500988 31
1774353061839 2.262042000889778 32
1774353062003 2.260938361287117 33
1774353062163 2.0385149270296097 34
1774353062326 2.0022447407245636 35
1774353062486 1.7138161808252335 36
