1768650901079 0.6841403633433175 0
1768650901527 0.6058874624828829 1
1768650901983 0.5411111543297964 2
1768650902445 0.4775649506976233 3
1768650902896 0.4332261986517217 4
1768650903580 0.41134452442827996 5
1768650904028 0.36708779016747467 6
1768650904470 0.3351104323468207 7
1768650904936 0.31423451469949687 8
1768650905383 0.2760411188402317 9
1768650905829 0.25759612821969263 10
1768650906299 0.22392739543011125 11
1768650906756 0.1925951286137819 12
1768650907206 0.18383257511487267 13
1768650907655 0.17011764816556177 14
1768650908105 0.16329745314148156 15
1768650908556 0.14342711860996793 16
1768650909011 0.13021789567206513 17
1768650909461 0.1271745093830776 18
1768650909919 0.11170811876181627 19
1768650910386 0.1009987873692471 20
1768650910854 0.08815779326216014 21
1768650911317 0.09589872419021282 22
