1774353598381 0.05634833516282473 0
1774353599399 0.06659348701061105 1
1774353600646 0.09110867178924259 2
1774353601681 0.12056348335162825 3
1774353602735 0.13721185510428102 4
1774353603944 0.17691181851445298 5
1774353605166 0.21533113794365166 6
1774353606200 0.2645444566410538 7
1774353607419 0.32766190998902306 8
1774353608459 0.38510793999268206 9
1774353609511 0.4244420051225759 10
1774353610745 0.4703622392974753 11
1774353611798 0.5181119648737651 12
1774353612993 0.544639590193926 13
1774353614038 0.5900109769484083 14
1774353615251 0.6211123307720454 15
1774353616291 0.6626417855836078 16
1774353617539 0.6875228686425173 17
1774353618596 0.7175265276253202 18
1774353619655 0.7403951701427003 19
1774353620710 0.7764361507500914 20
1774353622144 0.7996706915477497 21
1774353623208 0.8102817416758141 22
1774353624289 0.8305890962312477 23
1774353625499 0.8529088913282108 24
1774353626570 0.8658982802780827 25
1774353627625 0.8741309915843396 26
1774353629021 0.8852908891328211 27
1774353630087 0.894072447859495 28
1774353631133 0.9008415660446396 29
1774353632348 0.9085254299304794 30
1774353633418 0.9209659714599341 31
1774353634489 0.924624954262715 32
1774353635694 0.9304793267471643 33
1774353636730 0.9399926820343945 34
1774353637915 0.9405415294548115 35
1774353639148 0.9454811562385657 36
1774353640210 0.9506037321624589 37
1774353641282 0.9517014270032931 38
1774353642525 0.9562751555067691 39
1774353643604 0.9606659348701061 40
1774353644686 0.9656055616538602 41
1774353646072 0.964324917672887 42
1774353647119 0.9703622392974753 43
1774353648171 0.973472374679839 44
1774353649414 0.9690815953165021 45
1774353650482 0.9745700695206733 46
1774353651554 0.9698133918770582 47
1774353652861 0.9760336626417856 48
1774353653918 0.9807903402854007 49
1774353655129 0.9760336626417856 50
1774353656388 0.9826198316867911 51
1774353657467 0.9789608488840102 52
1774353658538 0.9809732894255397 53
1774353659757 0.9818880351262349 54
1774353660841 0.9846322722283205 55
