1774387215461 0.05795912787916069 0
1774387219078 0.06240174970952088 1
1774387222815 0.07545622308796392 2
1774387226346 0.10095003759141549 3
1774387229872 0.1708017223703096 4
1774387233701 0.24516437700772334 5
1774387237572 0.3174765908003554 6
1774387241198 0.4096780807873693 7
1774387245024 0.4892351855648965 8
1774387248667 0.557036429499009 9
1774387252285 0.6172510423074294 10
1774387256106 0.667076754835623 11
1774387259743 0.717517599617251 12
1774387263565 0.7604401613013465 13
1774387267173 0.7849771034105666 14
1774387270994 0.81361492720935 15
1774387274635 0.8365798646709043 16
1774387278257 0.8620053311461965 17
1774387282030 0.8771785933975805 18
1774387285576 0.8884560180438794 19
1774387289131 0.9045178046613355 20
1774387293058 0.9134713963502153 21
1774387296673 0.9216048117011825 22
1774387300205 0.9285079625452806 23
1774387304055 0.938281730572073 24
1774387307609 0.9462101018385619 25
1774387311141 0.9447747932472148 26
1774387314982 0.9530449046545008 27
1774387318701 0.9557104777527168 28
1774387322258 0.9596063153578019 29
1774387326011 0.9635705009910465 30
1774387329589 0.9628870207094525 31
1774387333154 0.9657576378921469 32
1774387336910 0.9697901715535506 33
1774387340457 0.9719773084546511 34
1774387344182 0.9725240926799262 35
1774387348011 0.9751213177499829 36
1774387351606 0.9771034105666051 37
1774387355171 0.9761465381723737 38
1774387358934 0.9795639395803432 39
1774387362491 0.980247419861937 40
1774387366036 0.9798373316929807 41
