1767903359974 0.5904448878976406 0
1767903384275 0.751848808545604 1
1767903399192 0.7779082051884024 2
1767903413601 0.7959854443009743 3
1767903427941 0.8148843761004813 4
1767903442250 0.8353093086042963 5
1767903456609 0.8503345463082521 6
1767903471287 0.8688813240990727 7
1767903485897 0.8918887193332551 8
1767903500072 0.9021011855851626 9
1767903514839 0.9153656532456861 10
1767903529533 0.9352036624016904 11
1767903543728 0.9491724380795868 12
1767903559665 0.952341824157765 13
1767903573771 0.9692452165747153 14
