1774348015926 0.1041182104255028 0
1774348017244 0.2923108496374333 1
1774348018775 0.46011766315501434 2
1774348020088 0.5766862771925024 3
1774348021400 0.6455739499247503 4
1774348022901 0.7022848542892325 5
1774348024421 0.7375153919824874 6
1774348025717 0.7669995895471337 7
1774348027281 0.792926528936927 8
1774348028635 0.8113284991106855 9
1774348029992 0.8279518401970174 10
1774348031537 0.8427965521959229 11
1774348032905 0.8559310439184566 12
1774348034479 0.8757695991243672 13
1774348036028 0.8875359146258038 14
1774348037391 0.8956081543302777 15
1774348038739 0.9034751676015871 16
1774348040270 0.9099055958407443 17
1774348041622 0.918114653167328 18
1774348042980 0.9242030373512108 19
1774348044546 0.931659597756191 20
1774348046067 0.9355588999863182 21
1774348047399 0.9384320700506226 22
1774348048978 0.9449309071008346 23
1774348050327 0.9458202216445478 24
1774348051692 0.9515665617731563 25
1774348053066 0.9558763168696128 26
1774348054604 0.9542345054042961 27
1774348056129 0.9590915309891914 28
1774348057679 0.9625803803529894 29
1774348059048 0.9655219592283486 30
