1774704261041 0.16429509632224168 0
1774704270642 0.3529991243432574 1
1774704280333 0.458515761821366 2
1774704289997 0.5070052539404554 3
1774704299677 0.5424693520140105 4
1774704309316 0.5721322241681261 5
1774704318991 0.5939141856392294 6
1774704328688 0.6150394045534151 7
1774704338405 0.626970227670753 8
1774704348030 0.6444833625218914 9
1774704357665 0.649737302977233 10
1774704367342 0.6579465849387041 11
1774704376970 0.6694395796847635 12
1774704386616 0.6795096322241682 13
1774704396229 0.6913309982486865 14
1774704405826 0.6943957968476357 15
1774704415411 0.7057793345008757 16
1774704425034 0.7105954465849387 17
1774704434681 0.7115805604203153 18
1774704444297 0.7138791593695272 19
1774704453896 0.7263572679509632 20
1774704463575 0.7288747810858144 21
1774704473152 0.7373029772329247 22
1774704482828 0.7383975481611208 23
1774704492496 0.7438704028021016 24
1774704502071 0.7467162872154116 25
1774704511763 0.743760945709282 26
1774704521418 0.7565674255691769 27
1774704531070 0.7516418563922942 28
1774704540806 0.7379597197898424 29
1774704550511 0.7564579684763573 30
1774704560195 0.7588660245183888 31
1774704569887 0.7507661996497373 32
1774704579516 0.7603984238178634 33
1774704589109 0.766746935201401 34
1774704598647 0.7691549912434326 35
1774704608382 0.7797723292469352 36
1774704618116 0.7855735551663747 37
1774704627764 0.7907180385288967 38
1774704637498 0.7888572679509632 39
1774704647097 0.7956436077057794 40
1774704656702 0.7947679509632224 41
1774704666322 0.7971760070052539 42
1774704676003 0.7861208406304728 43
1774704685615 0.785792469352014 44
1774704695249 0.7968476357267951 45
1774704704827 0.8007880910683012 46
1774704714471 0.7911558669001751 47
1774704724230 0.803415061295972 48
1774704733929 0.8104203152364273 49
1774704743585 0.8198336252189142 50
1774704753149 0.8130472854640981 51
1774704762824 0.811077057793345 52
1774704772443 0.8046190893169878 53
1774704782193 0.8208187390542907 54
1774704791807 0.8247591943957968 55
1774704801386 0.8299036777583187 56
1774704811131 0.8286996497373029 57
1774704820847 0.832968476357268 58
1774704830510 0.8290280210157618 59
1774704840201 0.8337346760070052 60
1774704849824 0.8339535901926445 61
1774704859500 0.8431479859894921 62
1774704869224 0.8339535901926445 63
