1768649689000 22.5 0
1768649699021 65.8 1
1768649709030 63.6 2
1768649719038 123.7 3
1768649729045 70.6 4
1768649739052 58.4 5
1768649749073 99.5 6
1768649759081 56.8 7
1768649769091 68.6 8
1768649779098 58.9 9
1768649789123 77.0 10
1768649799129 64.5 11
1768649809137 73.6 12
1768649819145 72.2 13
1768649829158 73.9 14
1768649839164 58.6 15
1768649849177 70.8 16
1768649859194 70.8 17
1768649869201 68.1 18
1768649879223 59.2 19
1768649889246 110.2 20
1768649899254 53.6 21
1768649909263 80.6 22
1768649919271 64.5 23
1768649929278 74.3 24
1768649939291 57.4 25
1768649949306 55.0 26
1768649959314 58.2 27
1768649969323 93.6 28
1768649979332 53.8 29
1768649989349 125.4 30
1768649999375 75.5 31
1768650009386 93.9 32
1768650019394 58.7 33
1768650029421 68.7 34
1768650039428 78.3 35
1768650049443 73.0 36
1768650059458 72.1 37
1768650069471 72.1 38
1768650079479 60.4 39
1768650089487 61.2 40
1768650099513 85.2 41
1768650109524 83.3 42
1768650119538 72.0 43
1768650129549 78.6 44
1768650139557 57.8 45
1768650149565 55.6 46
1768650159574 102.2 47
1768650169585 60.4 48
1768650179593 89.4 49
1768650189610 124.4 50
1768650199619 53.8 51
