1768649689000 363.7 0
1768649699021 3972.9 1
1768649709030 3972.9 2
1768649719038 3972.9 3
1768649729045 3972.9 4
1768649739052 3972.9 5
1768649749073 3972.9 6
1768649759081 3972.9 7
1768649769091 3972.9 8
1768649779098 3972.9 9
1768649789123 3972.9 10
1768649799129 3972.9 11
1768649809137 3972.9 12
1768649819145 3972.9 13
1768649829158 3972.9 14
1768649839164 3972.9 15
1768649849177 3972.9 16
1768649859194 3972.9 17
1768649869201 3972.9 18
1768649879223 3972.9 19
1768649889246 3972.9 20
1768649899254 3972.9 21
1768649909263 3972.9 22
1768649919271 3972.9 23
1768649929278 3972.9 24
1768649939291 3972.9 25
1768649949306 3972.9 26
1768649959314 3972.9 27
1768649969323 3972.9 28
1768649979332 3972.9 29
1768649989349 3972.9 30
1768649999375 3972.9 31
1768650009386 3972.9 32
1768650019394 3972.9 33
1768650029421 3972.9 34
1768650039428 3972.9 35
1768650049443 3972.9 36
1768650059458 3972.9 37
1768650069471 3972.9 38
1768650079479 3972.9 39
1768650089487 3972.9 40
1768650099513 3972.9 41
1768650109524 3972.9 42
1768650119538 3972.9 43
1768650129549 3972.9 44
1768650139557 3972.9 45
1768650149565 3972.9 46
1768650159574 3972.9 47
1768650169585 3972.9 48
1768650179593 3972.9 49
1768650189610 3972.9 50
1768650199619 3972.9 51
