1768649689000 33.9 0
1768649699021 99.4 1
1768649709030 96.0 2
1768649719038 186.8 3
1768649729045 106.6 4
1768649739052 88.2 5
1768649749073 150.3 6
1768649759081 85.8 7
1768649769091 103.5 8
1768649779098 89.0 9
1768649789123 116.2 10
1768649799129 97.4 11
1768649809137 111.2 12
1768649819145 109.0 13
1768649829158 111.6 14
1768649839164 88.5 15
1768649849177 106.9 16
1768649859194 106.9 17
1768649869201 102.9 18
1768649879223 89.5 19
1768649889246 166.4 20
1768649899254 81.0 21
1768649909263 121.7 22
1768649919271 97.4 23
1768649929278 112.1 24
1768649939291 86.6 25
1768649949306 83.1 26
1768649959314 87.9 27
1768649969323 141.4 28
1768649979332 81.3 29
1768649989349 189.4 30
1768649999375 114.1 31
1768650009386 141.8 32
1768650019394 88.7 33
1768650029421 103.8 34
1768650039428 118.3 35
1768650049443 110.2 36
1768650059458 108.9 37
1768650069471 108.9 38
1768650079479 91.2 39
1768650089487 92.5 40
1768650099513 128.6 41
1768650109524 125.8 42
1768650119538 108.8 43
1768650129549 118.7 44
1768650139557 87.3 45
1768650149565 84.0 46
1768650159574 154.4 47
1768650169585 91.2 48
1768650179593 135.0 49
1768650189610 187.8 50
1768650199619 81.2 51
