1767878063935 5397.2 0
1767878073948 5391.2 1
1767878083962 5613.7 2
1767878093982 5681.9 3
1767878104003 5837.1 4
1767878114015 5767.2 5
1767878124032 5814.6 6
1767878134172 5777.6 7
1767878144187 5772.6 8
1767878154347 5769.4 9
1767878164367 5760.2 10
1767878174381 5774.3 11
1767878184397 5826.7 12
1767878194413 5783.7 13
1767878204431 5805.8 14
1767878214447 5815.7 15
1767878224459 5795.0 16
1767878234477 5828.7 17
1767878244493 5806.7 18
1767878254508 5799.8 19
1767878264524 5836.2 20
1767878274541 5793.1 21
1767878284563 5779.7 22
