1774572141498 17.5 0
1774572151507 20.9 1
1774572161521 21.3 2
1774572171531 21.4 3
1774572181537 21.4 4
1774572191544 21.4 5
1774572201551 21.4 6
1774572211559 21.7 7
1774572221567 23.1 8
1774572231576 21.4 9
1774572241584 21.8 10
1774572251594 21.4 11
1774572261605 21.4 12
1774572271612 21.5 13
1774572281623 21.4 14
1774572291630 21.5 15
1774572301640 21.5 16
1774572311648 21.5 17
1774572321655 21.4 18
1774572331663 21.5 19
1774572341671 21.4 20
1774572351678 23.1 21
1774572361685 21.4 22
1774572371693 21.5 23
1774572381699 21.5 24
1774572391710 21.5 25
1774572401723 21.5 26
1774572411731 21.5 27
1774572421739 21.7 28
1774572431751 21.5 29
1774572441761 21.5 30
1774572451769 21.5 31
1774572461778 21.5 32
1774572471787 21.5 33
1774572481806 22.9 34
1774572491817 21.5 35
1774572501826 21.6 36
1774572511834 21.5 37
1774572521841 21.5 38
1774572531849 21.5 39
1774572541860 21.7 40
1774572551874 21.5 41
1774572561886 21.5 42
1774572571896 21.5 43
1774572581905 21.7 44
1774572591912 21.5 45
1774572601926 21.5 46
1774572611934 22.7 47
1774572621945 21.5 48
1774572631953 21.5 49
1774572641960 21.5 50
1774572651967 21.6 51
1774572661977 21.5 52
1774572671985 21.5 53
1774572681997 21.6 54
1774572692005 21.5 55
1774572702014 21.5 56
1774572712024 21.6 57
1774572722032 21.6 58
1774572732040 21.5 59
1774572742047 21.9 60
1774572752061 21.5 61
1774572762069 21.8 62
1774572772080 21.5 63
1774572782090 21.6 64
1774572792098 21.5 65
1774572802106 21.5 66
1774572812116 21.5 67
1774572822124 21.5 68
1774572832132 21.5 69
1774572842140 21.5 70
1774572852149 21.5 71
1774572862156 21.5 72
1774572872173 21.7 73
1774572882189 21.6 74
1774572892198 21.5 75
1774572902207 21.5 76
1774572912221 21.5 77
1774572922232 21.7 78
1774572932246 21.5 79
1774572942261 21.5 80
1774572952271 21.7 81
1774572962281 21.6 82
1774572972290 23.2 83
1774572982299 21.5 84
1774572992319 21.5 85
1774573002333 21.5 86
1774573012342 21.5 87
1774573022352 21.5 88
1774573032361 21.5 89
1774573042372 21.5 90
1774573052383 21.5 91
1774573062392 21.6 92
1774573072401 21.5 93
1774573082411 21.5 94
1774573092421 21.5 95
1774573102440 23.0 96
1774573112449 21.6 97
1774573122457 21.5 98
1774573132474 21.5 99
1774573142490 21.5 100
1774573152498 21.6 101
1774573162509 21.5 102
1774573172519 21.5 103
1774573182532 21.5 104
