1774364344998 0.6646341463414634 0
1774364346526 0.7361632270168855 1
1774364348035 0.750234521575985 2
1774364349534 0.7599671669793621 3
1774364351066 0.7707551594746717 4
1774364352630 0.7765009380863039 5
1774364354168 0.7868198874296435 6
1774364355678 0.7875234521575984 7
1774364357199 0.7960834896810507 8
1774364358709 0.799015009380863 9
1774364360264 0.8076923076923077 10
1774364361771 0.8153142589118199 11
1774364363304 0.8170731707317073 12
1774364364832 0.8253986866791745 13
1774364366359 0.8341932457786116 14
1774364367875 0.8275093808630394 15
1774364369383 0.8381801125703565 16
1774364370898 0.8454502814258912 17
1774364372412 0.8472091932457786 18
1774364373922 0.8565900562851783 19
1774364375443 0.8551829268292683 20
1774364376977 0.8650328330206379 21
1774364378489 0.8744136960600375 22
1774364379996 0.87312382739212 23
1774364381511 0.8855534709193246 24
1774364383052 0.8853189493433395 25
1774364384594 0.888250469043152 26
1774364386152 0.886843339587242 27
1774364387675 0.8921200750469043 28
1774364389197 0.8992729831144465 29
1774364390740 0.9019699812382739 30
1774364392253 0.9061913696060038 31
1774364393769 0.9106472795497186 32
1774364395311 0.9113508442776735 33
1774364396826 0.9163930581613509 34
1774364398361 0.9158067542213884 35
1774364399884 0.925187617260788 36
1774364401408 0.9176829268292683 37
