1774143893950 0.7721503898729135 0
1774143894307 0.68940271061223 1
1774143894847 0.7106975654335883 2
1774143895206 0.692041060965453 3
1774143895563 0.6948023752383616 4
1774143896061 0.6934767257261916 5
1774143896429 0.6937033775663926 6
1774143896962 0.6933963017521986 7
1774143897300 0.693443317035493 8
1774143897650 0.6930699459025923 9
1774143898377 0.693888089529576 10
1774143898747 0.6926572630048331 11
1774143899097 0.6925209398244987 12
1774143899623 0.6924411047494414 13
1774143899974 0.6920070668234423 14
1774143900343 0.6919648744150131 15
1774143900881 0.6914502068768942 16
