1767877856701 169.0052033662796 0
1767877867799 73.22305899858475 1
1767877878989 62.33716732263565 2
1767877890498 56.89738589525223 3
1767877901742 52.90776976943016 4
1767877913085 49.19225835800171 5
1767877924409 44.72883723676205 6
1767877935690 40.57931803166866 7
1767877946916 36.29207584261894 8
1767877958525 31.02488411962986 9
1767877970049 26.334349766373634 10
1767877981650 21.661592960357666 11
1767877993229 17.226831305772066 12
1767878004921 13.306898389011621 13
1767878016572 13.00028427876532 14
