1774193458511 0.6172294099084885 0
1774193458720 0.6992742189965289 1
1774193458915 0.7295676869674976 2
1774193459105 0.7513411170716314 3
1774193459299 0.7709056484695488 4
1774193459499 0.7882612811612496 5
1774193459697 0.8144525086778164 6
1774193459890 0.8352792679078573 7
1774193460088 0.8655727358788261 8
1774193460286 0.8835594824865888 9
1774193460489 0.9021773430104134 10
1774193460695 0.9299463553171348 11
1774193460896 0.941306405806248 12
1774193461096 0.9482486588829284 13
1774193461299 0.9523508993373304 14
1774193461497 0.9555064689176397 15
1774193461702 0.9615020511202272 16
1774193461902 0.9687598611549385 17
