1773971692084 0.49976487185516105 0
1773971692713 0.5010580766517753 1
1773971693341 0.5058782036209735 2
1773971693971 0.49341641194450975 3
1773971694589 0.49976487185516105 4
1773971695196 0.5016458970138725 5
1773971695804 0.49130025864095933 6
1773971696416 0.5018810251587115 7
1773971697057 0.5014107688690336 8
1773971697676 0.49118269456853986 9
1773971698282 0.49706089818951327 10
1773971698894 0.4992946155654832 11
1773971699529 0.500235128144839 12
1773971700156 0.5032917940277452 13
1773971700781 0.4983541029861274 14
1773971701408 0.4998824359275805 15
1773971702191 0.49941217963790263 16
