1774216305725 0.261800519906964 0
1774216329482 0.4836502941578875 1
1774216354633 0.5628676973594199 2
1774216378959 0.6144479408947873 3
1774216403973 0.6658913668080448 4
1774216428147 0.6890135449445889 5
1774216453086 0.7156929812559858 6
1774216477435 0.7455876316869613 7
1774216501307 0.7627582432617321 8
1774216525851 0.7753454644958271 9
1774216549218 0.7936106170474757 10
1774216573496 0.809071008345875 11
1774216598271 0.8218634560131345 12
1774216622549 0.8360240799014913 13
1774216647461 0.8513476535777809 14
1774216671992 0.863798057189766 15
1774216696278 0.8801477630318785 16
1774216720743 0.8891093172800657 17
1774216745900 0.8903406758790532 18
1774216770067 0.9002599534820085 19
1774216794972 0.9061431112327267 20
1774216819123 0.9150362566698591 21
1774216843348 0.9259816664386373 22
1774216867528 0.9359009440415925 23
1774216891941 0.9288548365029415 24
1774216915956 0.9345327678204953 25
1774216940634 0.9401422903269941 26
1774216963881 0.950266794363114 27
1774216988485 0.9566288137912163 28
1774217013322 0.9526611027500342 29
1774217038462 0.9521822410726501 30
1774217062856 0.960801751265563 31
1774217086978 0.9671637706936653 32
1774217111246 0.9601176631550143 33
1774217135682 0.9549870023258996 34
1774217159620 0.9642221918183062 35
1774217183052 0.962854015597209 36
1774217207837 0.9709262553016829 37
1774217231549 0.9737994253659872 38
1774217256224 0.9766041866192365 39
1774217280696 0.9719523874675058 40
1774217304993 0.9540976877821864 41
1774217329338 0.9718839786564509 42
1774217353914 0.9767410042413462 43
1774217378176 0.9789300861951019 44
1774217401997 0.9779723628403338 45
1774217426294 0.9749623751539198 46
1774217450572 0.9766041866192365 47
1774217473922 0.9822821179367902 48
1774217497798 0.9782459980845533 49
1774217521224 0.9802298536051444 50
1774217546338 0.9598440279107949 51
1774217571144 0.9779723628403338 52
