1768617797157 2.4761686364706375 0
1768617803962 1.3834271758146466 1
1768617811002 0.9774501145758598 2
1768617817884 0.7656373534520293 3
1768617825019 0.6240914981755664 4
1768617831857 0.501966709590901 5
1768617838736 0.4173736588799818 6
1768617845590 0.34750227014642354 7
1768617852491 0.29423279733277163 8
1768617859424 0.25711963623395157 9
1768617866290 0.22550590385456454 10
1768617873158 0.2069420251413774 11
1768617880028 0.19588399697123188 12
1768617886889 0.16650635036255693 13
1768617893709 0.1544440985704548 14
1768617900560 0.1401084788966267 15
1768617907438 0.14516860469900514 16
1768617914332 0.12745306830772185 17
1768617921213 0.12584044495545238 18
1768617928083 0.11260766564998488 19
1768617934969 0.09364807783776505 20
1768617941832 0.10565428970156591 21
1768617948731 0.10416731757632619 22
