1774204956780 262.73522329330444 0
1774204965395 173.78728806972504 1
1774204973760 148.68792939186096 2
1774204982268 130.6542208790779 3
1774204990902 119.89099562168121 4
1774204999281 109.65375918149948 5
1774205007964 100.27840518951416 6
1774205016467 91.06243640184402 7
1774205025033 86.90230756998062 8
1774205033745 79.6592385172844 9
1774205042155 73.68004211783409 10
1774205050644 68.43920132517815 11
1774205059221 64.46221539378166 12
1774205067774 56.1419603228569 13
1774205076189 56.1800522506237 14
1774205084818 51.66548761725426 15
1774205093234 50.06219281256199 16
1774205101709 44.67435684800148 17
1774205110152 38.20870058238506 18
1774205118605 35.56546834856272 19
1774205127099 31.57755848020315 20
1774205135571 31.404640659689903 21
1774205144024 27.990293607115746 22
1774205152645 23.85942192003131 23
1774205161045 21.597890585660934 24
1774205169501 20.973776139318943 25
1774205178145 21.480672657489777 26
1774205186642 21.47264026105404 27
1774205195096 26.37009832262993 28
1774205203645 18.365407206118107 29
1774205212149 21.449967321008444 30
1774205220809 13.913244243711233 31
1774205229192 16.139394637197256 32
1774205237742 12.554058980196714 33
