1774204956784 0.2345738131071282 0
1774204965400 0.484402791079491 1
1774204973765 0.5699138048980709 2
1774204982273 0.6271719797509919 3
1774204990907 0.6647284170201122 4
1774204999286 0.6929128471747161 5
1774205007969 0.720618415651936 6
1774205016472 0.7463401286085648 7
1774205025038 0.759269393897934 8
1774205033750 0.7845806539882337 9
1774205042161 0.7970310576002189 10
1774205050649 0.8118757695991243 11
1774205059227 0.8222739088794637 12
1774205067779 0.8482008482692571 13
1774205076194 0.8471747161034341 14
1774205084824 0.8594198932822548 15
1774205093239 0.859761937337529 16
1774205101715 0.8791900396771104 17
1774205110158 0.8968395129292653 18
1774205118611 0.900465179915173 19
1774205127104 0.9134628540155972 20
1774205135577 0.915104665480914 21
1774205144030 0.9254343959501984 22
1774205152651 0.9367902585853057 23
1774205161051 0.9416472841702012 24
1774205169507 0.9439047749350117 25
1774205178151 0.9437679573129019 26
1774205186647 0.9438363661239567 27
1774205195102 0.9307702832124778 28
1774205203651 0.9512245177178821 29
1774205212155 0.9437679573129019 30
1774205220815 0.9642906006293611 31
1774205229198 0.9559447256806677 32
1774205237748 0.9685319469147626 33
