1774540408382 0.0 0
1774540418390 17.1 1
1774540428398 12.9 2
1774540438410 10.3 3
1774540448420 15.7 4
1774540458434 13.1 5
1774540468441 10.2 6
1774540478450 16.3 7
1774540488464 13.3 8
1774540498472 10.4 9
1774540508479 13.2 10
1774540518492 16.1 11
1774540528498 10.5 12
1774540538506 10.8 13
1774540548513 19.0 14
1774540558521 10.4 15
1774540568539 10.5 16
1774540578548 18.7 17
1774540588557 10.4 18
1774540598566 10.8 19
1774540608579 18.9 20
1774540618587 10.5 21
1774540628595 10.1 22
1774540638603 15.4 23
1774540648613 13.8 24
1774540658628 10.4 25
1774540668636 14.9 26
1774540678644 14.4 27
1774540688662 10.2 28
1774540698677 14.5 29
1774540708688 14.8 30
1774540718698 10.1 31
1774540728710 15.2 32
1774540738718 15.3 33
1774540748725 10.2 34
1774540758733 13.4 35
1774540768741 11.7 36
1774540778750 14.1 37
1774540788758 13.6 38
1774540798765 11.4 39
1774540808772 14.4 40
1774540818781 12.4 41
1774540828789 12.9 42
1774540838797 14.7 43
1774540848809 12.4 44
1774540858821 12.7 45
1774540868831 14.3 46
1774540878840 11.9 47
1774540888852 13.1 48
1774540898871 10.1 49
1774540908879 16.0 50
1774540918887 13.2 51
1774540928895 10.0 52
1774540938906 15.8 53
1774540948916 13.8 54
1774540958927 10.2 55
1774540968950 15.5 56
1774540978959 14.2 57
1774540988969 10.3 58
1774540998978 14.2 59
1774541008986 15.3 60
1774541018996 10.3 61
1774541029005 10.4 62
1774541039015 19.7 63
1774541049025 11.1 64
1774541059038 10.7 65
