1774540408382 140.4 0
1774540418390 973.0 1
1774540428398 973.0 2
1774540438410 973.0 3
1774540448420 973.0 4
1774540458434 973.0 5
1774540468441 973.0 6
1774540478450 975.1 7
1774540488464 975.1 8
1774540498472 975.1 9
1774540508479 975.1 10
1774540518492 975.1 11
1774540528498 975.1 12
1774540538506 975.1 13
1774540548513 975.1 14
1774540558521 975.1 15
1774540568539 975.1 16
1774540578548 975.1 17
1774540588557 975.1 18
1774540598566 975.1 19
1774540608579 975.1 20
1774540618587 975.1 21
1774540628595 975.1 22
1774540638603 975.1 23
1774540648613 975.1 24
1774540658628 975.1 25
1774540668636 975.1 26
1774540678644 975.1 27
1774540688662 975.1 28
1774540698677 975.1 29
1774540708688 975.1 30
1774540718698 975.1 31
1774540728710 975.1 32
1774540738718 975.1 33
1774540748725 975.1 34
1774540758733 975.1 35
1774540768741 975.1 36
1774540778750 975.1 37
1774540788758 975.1 38
1774540798765 975.1 39
1774540808772 975.1 40
1774540818781 975.1 41
1774540828789 975.1 42
1774540838797 975.1 43
1774540848809 975.1 44
1774540858821 975.1 45
1774540868831 975.1 46
1774540878840 975.1 47
1774540888852 975.1 48
1774540898871 975.1 49
1774540908879 975.1 50
1774540918887 975.1 51
1774540928895 975.1 52
1774540938906 975.1 53
1774540948916 975.1 54
1774540958927 975.1 55
1774540968950 975.1 56
1774540978959 975.1 57
1774540988969 975.1 58
1774540998978 975.1 59
1774541008986 975.1 60
1774541018996 975.1 61
1774541029005 975.1 62
1774541039015 975.1 63
1774541049025 1086.3 64
1774541059038 1086.3 65
