1774540408382 1.6 0
1774540418390 11.3 1
1774540428398 11.3 2
1774540438410 11.3 3
1774540448420 11.3 4
1774540458434 11.3 5
1774540468441 11.3 6
1774540478450 11.4 7
1774540488464 11.4 8
1774540498472 11.4 9
1774540508479 11.4 10
1774540518492 11.4 11
1774540528498 11.4 12
1774540538506 11.4 13
1774540548513 11.4 14
1774540558521 11.4 15
1774540568539 11.4 16
1774540578548 11.4 17
1774540588557 11.4 18
1774540598566 11.4 19
1774540608579 11.4 20
1774540618587 11.4 21
1774540628595 11.4 22
1774540638603 11.4 23
1774540648613 11.4 24
1774540658628 11.4 25
1774540668636 11.4 26
1774540678644 11.4 27
1774540688662 11.4 28
1774540698677 11.4 29
1774540708688 11.4 30
1774540718698 11.4 31
1774540728710 11.4 32
1774540738718 11.4 33
1774540748725 11.4 34
1774540758733 11.4 35
1774540768741 11.4 36
1774540778750 11.4 37
1774540788758 11.4 38
1774540798765 11.4 39
1774540808772 11.4 40
1774540818781 11.4 41
1774540828789 11.4 42
1774540838797 11.4 43
1774540848809 11.4 44
1774540858821 11.4 45
1774540868831 11.4 46
1774540878840 11.4 47
1774540888852 11.4 48
1774540898871 11.4 49
1774540908879 11.4 50
1774540918887 11.4 51
1774540928895 11.4 52
1774540938906 11.4 53
1774540948916 11.4 54
1774540958927 11.4 55
1774540968950 11.4 56
1774540978959 11.4 57
1774540988969 11.4 58
1774540998978 11.4 59
1774541008986 11.4 60
1774541018996 11.4 61
1774541029005 11.4 62
1774541039015 11.4 63
1774541049025 12.6 64
1774541059038 12.6 65
