1774201610574 26.9 0
1774201620592 36.0 1
1774201630612 65.4 2
1774201640620 30.8 3
1774201650631 37.1 4
1774201660639 37.1 5
1774201670646 43.5 6
1774201680658 60.7 7
1774201690669 36.4 8
1774201700676 50.1 9
1774201710691 35.8 10
1774201720703 69.0 11
1774201730712 45.5 12
1774201740719 42.8 13
1774201750726 40.8 14
1774201760737 37.9 15
1774201770747 32.4 16
1774201780754 44.8 17
1774201790761 48.9 18
1774201800770 45.7 19
1774201810777 31.2 20
1774201820788 43.0 21
1774201830796 46.1 22
1774201840804 44.4 23
1774201850814 41.5 24
1774201860822 53.0 25
1774201870832 43.0 26
1774201880840 81.2 27
1774201890856 47.7 28
1774201900864 47.4 29
1774201910873 37.7 30
1774201920896 80.9 31
1774201930905 39.1 32
1774201940917 37.2 33
1774201950926 40.5 34
1774201960934 46.8 35
1774201970944 47.4 36
1774201980952 33.4 37
1774201990960 41.0 38
1774202000968 38.1 39
1774202010977 31.9 40
1774202020985 38.9 41
1774202030995 53.9 42
1774202041006 40.5 43
1774202051014 60.5 44
1774202061035 76.1 45
1774202071044 34.9 46
1774202081052 35.0 47
1774202091061 54.3 48
1774202101072 71.3 49
1774202111082 33.1 50
1774202121090 37.5 51
1774202131098 36.3 52
1774202141114 66.2 53
1774202151123 48.8 54
1774202161132 39.8 55
1774202171149 36.0 56
1774202181158 34.9 57
1774202191173 42.1 58
1774202201187 37.2 59
1774202211195 36.5 60
1774202221209 37.4 61
1774202231218 68.9 62
1774202241226 45.8 63
1774202251241 59.7 64
1774202261250 37.6 65
1774202271261 38.4 66
1774202281271 38.3 67
1774202291281 70.1 68
1774202301293 44.3 69
1774202311307 33.9 70
1774202321316 82.4 71
1774202331325 46.1 72
1774202341335 49.9 73
1774202351345 35.8 74
1774202361354 38.4 75
1774202371363 32.3 76
1774202381372 54.3 77
1774202391381 46.1 78
1774202401389 46.1 79
1774202411398 33.0 80
1774202421408 34.0 81
1774202431429 77.1 82
1774202441446 36.0 83
1774202451459 36.0 84
1774202461468 35.6 85
1774202471482 35.6 86
1774202481491 43.8 87
1774202491500 34.6 88
1774202501508 44.5 89
1774202511522 43.3 90
1774202521532 40.4 91
1774202531553 63.6 92
1774202541564 35.3 93
1774202551574 35.6 94
1774202561585 53.0 95
1774202571598 69.4 96
1774202581609 46.9 97
1774202591619 42.3 98
1774202601635 75.2 99
1774202611644 35.5 100
1774202621655 25.1 101
1774202631671 70.4 102
1774202641681 40.9 103
1774202651693 39.0 104
1774202661703 50.9 105
1774202671713 39.3 106
1774202681723 71.8 107
