1774201610574 2.8 0
1774201620592 97.9 1
1774201630612 61.1 2
1774201640620 61.1 3
1774201650631 61.1 4
1774201660639 61.1 5
1774201670646 61.1 6
1774201680658 61.1 7
1774201690669 61.1 8
1774201700676 61.1 9
1774201710691 61.1 10
1774201720703 61.1 11
1774201730712 61.1 12
1774201740719 61.1 13
1774201750726 61.1 14
1774201760737 61.1 15
1774201770747 61.1 16
1774201780754 61.1 17
1774201790761 61.1 18
1774201800770 61.1 19
1774201810777 61.1 20
1774201820788 61.1 21
1774201830796 61.1 22
1774201840804 61.1 23
1774201850814 61.1 24
1774201860822 61.1 25
1774201870832 61.1 26
1774201880840 61.1 27
1774201890856 61.1 28
1774201900864 61.1 29
1774201910873 61.1 30
1774201920896 61.1 31
1774201930905 61.1 32
1774201940917 61.1 33
1774201950926 61.1 34
1774201960934 61.1 35
1774201970944 61.1 36
1774201980952 61.1 37
1774201990960 61.1 38
1774202000968 61.1 39
1774202010977 61.1 40
1774202020985 61.1 41
1774202030995 61.1 42
1774202041006 61.1 43
1774202051014 61.1 44
1774202061035 61.1 45
1774202071044 61.1 46
1774202081052 61.1 47
1774202091061 61.1 48
1774202101072 61.1 49
1774202111082 61.1 50
1774202121090 61.1 51
1774202131098 61.1 52
1774202141114 61.1 53
1774202151123 61.1 54
1774202161132 61.1 55
1774202171149 61.1 56
1774202181158 61.1 57
1774202191173 61.1 58
1774202201187 61.1 59
1774202211195 61.1 60
1774202221209 61.1 61
1774202231218 61.1 62
1774202241226 61.1 63
1774202251241 61.1 64
1774202261250 61.1 65
1774202271261 61.1 66
1774202281271 61.1 67
1774202291281 61.1 68
1774202301293 61.1 69
1774202311307 61.1 70
1774202321316 61.1 71
1774202331325 61.1 72
1774202341335 61.1 73
1774202351345 61.1 74
1774202361354 61.1 75
1774202371363 61.1 76
1774202381372 61.1 77
1774202391381 61.1 78
1774202401389 61.2 79
1774202411398 61.2 80
1774202421408 61.2 81
1774202431429 61.2 82
1774202441446 61.2 83
1774202451459 61.2 84
1774202461468 61.2 85
1774202471482 61.2 86
1774202481491 61.2 87
1774202491500 61.2 88
1774202501508 61.2 89
1774202511522 61.2 90
1774202521532 61.2 91
1774202531553 61.2 92
1774202541564 61.2 93
1774202551574 61.2 94
1774202561585 61.2 95
1774202571598 61.2 96
1774202581609 61.2 97
1774202591619 61.2 98
1774202601635 61.2 99
1774202611644 61.2 100
1774202621655 61.2 101
1774202631671 61.2 102
1774202641681 61.2 103
1774202651693 61.2 104
1774202661703 61.2 105
1774202671713 61.2 106
1774202681723 61.2 107
