1774201610574 40.7 0
1774201620592 54.4 1
1774201630612 98.8 2
1774201640620 46.5 3
1774201650631 56.0 4
1774201660639 56.0 5
1774201670646 65.6 6
1774201680658 91.6 7
1774201690669 55.0 8
1774201700676 75.6 9
1774201710691 54.0 10
1774201720703 104.2 11
1774201730712 68.7 12
1774201740719 64.7 13
1774201750726 61.6 14
1774201760737 57.3 15
1774201770747 48.9 16
1774201780754 67.6 17
1774201790761 73.8 18
1774201800770 69.0 19
1774201810777 47.0 20
1774201820788 65.0 21
1774201830796 69.6 22
1774201840804 67.0 23
1774201850814 62.7 24
1774201860822 80.0 25
1774201870832 64.9 26
1774201880840 122.6 27
1774201890856 72.1 28
1774201900864 71.6 29
1774201910873 57.0 30
1774201920896 122.2 31
1774201930905 59.0 32
1774201940917 56.2 33
1774201950926 61.1 34
1774201960934 70.6 35
1774201970944 71.6 36
1774201980952 50.4 37
1774201990960 61.9 38
1774202000968 57.5 39
1774202010977 48.2 40
1774202020985 58.8 41
1774202030995 81.4 42
1774202041006 61.2 43
1774202051014 91.3 44
1774202061035 114.9 45
1774202071044 52.7 46
1774202081052 52.8 47
1774202091061 82.1 48
1774202101072 107.7 49
1774202111082 50.0 50
1774202121090 56.7 51
1774202131098 54.8 52
1774202141114 100.0 53
1774202151123 73.7 54
1774202161132 60.1 55
1774202171149 54.3 56
1774202181158 52.7 57
1774202191173 63.5 58
1774202201187 56.1 59
1774202211195 55.1 60
1774202221209 56.4 61
1774202231218 104.0 62
1774202241226 69.2 63
1774202251241 90.1 64
1774202261250 56.8 65
1774202271261 58.0 66
1774202281271 57.8 67
1774202291281 105.9 68
1774202301293 66.9 69
1774202311307 51.2 70
1774202321316 124.4 71
1774202331325 69.6 72
1774202341335 75.3 73
1774202351345 54.0 74
1774202361354 58.0 75
1774202371363 48.7 76
1774202381372 82.0 77
1774202391381 69.6 78
1774202401389 69.5 79
1774202411398 49.8 80
1774202421408 51.3 81
1774202431429 116.5 82
1774202441446 54.3 83
1774202451459 54.4 84
1774202461468 53.8 85
1774202471482 53.8 86
1774202481491 66.1 87
1774202491500 52.2 88
1774202501508 67.2 89
1774202511522 65.3 90
1774202521532 61.0 91
1774202531553 96.1 92
1774202541564 53.2 93
1774202551574 53.8 94
1774202561585 80.1 95
1774202571598 104.8 96
1774202581609 70.8 97
1774202591619 63.8 98
1774202601635 113.5 99
1774202611644 53.6 100
1774202621655 37.9 101
1774202631671 106.3 102
1774202641681 61.8 103
1774202651693 58.8 104
1774202661703 76.9 105
1774202671713 59.3 106
1774202681723 108.3 107
