1768650837051 0.4950623089583823 0
1768650837182 0.7913237714554432 1
1768650837309 0.8036679990594874 2
1768650837432 0.8123677404185281 3
1768650837552 0.8177756877498237 4
1768650837673 0.823653891370797 5
1768650837795 0.8289442746296731 6
1768650837916 0.8325887608746767 7
1768650838038 0.8341170938161298 8
1768650838160 0.8399952974371032 9
1768650838286 0.8434046555372678 10
1768650838412 0.8481072184340466 11
1768650838536 0.8546908064895368 12
1768650838662 0.855748883141312 13
1768650838788 0.8608041382553492 14
1768650838914 0.8633905478485775 15
1768650839040 0.8673877263108394 16
