1773958310611 0.6986033336824174 0
1773958311171 0.6940383780235239 1
1773958311740 0.6929808548134185 2
1773958312311 0.6947860268040766 3
1773958312877 0.6894165142238939 4
1773958313450 0.6604708716529076 5
1773958314017 0.574328909950651 6
1773958314594 0.48761118014728266 7
1773958315177 0.39952176647440785 8
1773958315774 0.3406190104465498 9
1773958316354 0.2929293461443535 10
1773958316928 0.27411141938359324 11
1773958317497 0.2475757937472819 12
1773958318071 0.2086127809873615 13
1773958318671 0.1977150674262048 14
1773958319278 0.1805704035584909 15
1773958319932 0.16717761847837206 16
1773958320535 0.15281215310447108 17
1773958321133 0.14206298344869095 18
1773958321860 0.1518861760700447 19
1773958322587 0.13517222040026938 20
1773958323309 0.11798589675041919 21
1773958323895 0.12475562480696785 22
1773958324481 0.0989166912774941 23
1773958325073 0.09681314031831971 24
1773958325670 0.09978362557721536 25
1773958326253 0.08769193862764353 26
1773958326838 0.08429491296217859 27
1773958327424 0.08615505381938628 28
1773958328009 0.08422535317675131 29
1773958328595 0.07690569275607789 30
1773958329191 0.08351393009308448 31
1773958329785 0.07093197726240558 32
1773958330383 0.0651880248679453 33
1773958330973 0.06269717424435249 34
