1774585021173 0.7656353554403581 0
1774585021601 0.69379432496613 1
1774585022185 0.6910288998154717 2
1774585022582 0.6867079995362888 3
1774585022971 0.6725376671071795 4
1774585023558 0.6510487486229157 5
1774585023995 0.6150226502436411 6
1774585024569 0.5867580221249507 7
1774585024982 0.5442451886119807 8
1774585025385 0.49967339573389596 9
1774585026145 0.463151815572778 10
1774585026567 0.39951690388441535 11
1774585026971 0.3207058184142408 12
1774585027566 0.29411684477083233 13
1774585027986 0.24873354905206313 14
1774585028406 0.20337496717472683 15
1774585028985 0.17540952328445764 16
1774585029421 0.14307115835052048 17
1774585029833 0.12238432394295204 18
1774585030412 0.10835152371012471 19
1774585030822 0.08733254330019566 20
1774585031234 0.07546414929751384 21
1774585031810 0.07152475300638135 22
1774585032371 0.06252129220772416 23
1774585032798 0.05761778241418316 24
1774585033374 0.055799414744464364 25
1774585033800 0.047670408524223384 26
1774585034220 0.040543959778340403 27
1774585034809 0.03867360298464155 28
