1774206721089 0.23142700779860445 0
1774206733627 0.44178410179231087 1
1774206746178 0.5365303051032974 2
1774206758793 0.5881789574497195 3
1774206771253 0.634149678478588 4
1774206783962 0.6567245861266932 5
1774206796633 0.6946230674510877 6
1774206809397 0.7212340949514298 7
1774206821934 0.7364208510056095 8
1774206834549 0.7513339718155698 9
1774206847056 0.7713093446435901 10
1774206859808 0.7850595156656177 11
1774206872472 0.8018880831851143 12
1774206885069 0.8187166507046107 13
1774206897747 0.8287727459296758 14
1774206910656 0.8332877274592968 15
1774206923482 0.8539471883978657 16
1774206936308 0.8521685593104392 17
1774206948882 0.8646189629224245 18
1774206961542 0.880421398276098 19
1774206974374 0.8886304556026816 20
1774206987388 0.8941031604870707 21
1774207000043 0.9040908469010809 22
1774207012627 0.8975920098508688 23
1774207025318 0.9189355588999863 24
1774207037951 0.9166780681351758 25
1774207050572 0.9261868928718019 26
1774207063306 0.9245450814064852 27
1774207075951 0.9372691202626898 28
1774207088891 0.9406211520043781 29
1774207101594 0.9359009440415925 30
1774207114233 0.9519770146394856 31
1774207126852 0.9486933917088521 32
1774207139534 0.9526611027500342 33
1774207152275 0.9538240525379669 34
1774207164881 0.9519086058284307 35
1774207177427 0.9535504172937475 36
1774207190082 0.9597756190997401 37
1774207202670 0.9566972226022712 38
1774207215299 0.9675742235599946 39
