1774206721084 263.616615653038 0
1774206733622 185.30315279960632 1
1774206746173 156.54779875278473 2
1774206758788 141.2699458003044 3
1774206771248 128.10134261846542 4
1774206783957 120.218181848526 5
1774206796628 109.74218291044235 6
1774206809392 100.38400691747665 7
1774206821928 95.89215189218521 8
1774206834543 91.19388562440872 9
1774206847050 83.73851770162582 10
1774206859802 78.69429737329483 11
1774206872467 72.61628675460815 12
1774206885063 67.07078349590302 13
1774206897742 62.82330605387688 14
1774206910651 60.933400094509125 15
1774206923477 53.917141765356064 16
1774206936302 52.68493911623955 17
1774206948876 49.05908162891865 18
1774206961536 43.90818224102259 19
1774206974368 40.33483766019344 20
1774206987382 38.37476025521755 21
1774207000037 35.14527848362923 22
1774207012621 36.62706218659878 23
1774207025312 30.689212054014206 24
1774207037945 30.340357959270477 25
1774207050566 27.103642225265503 26
1774207063300 27.693832494318485 27
1774207075944 23.195214934647083 28
1774207088885 22.109478026628494 29
1774207101587 23.601980939507484 30
1774207114226 18.65565762296319 31
1774207126846 18.946176402270794 32
1774207139527 17.595857616513968 33
1774207152268 17.02767053619027 34
1774207164874 17.336456410586834 35
1774207177420 17.62745626270771 36
1774207190075 15.44761011749506 37
1774207202663 15.557957790791988 38
1774207215291 12.190189989283681 39
