1774589527433 140.4 0
1774589537445 1459.6 1
1774589547460 1459.6 2
1774589557468 1459.6 3
1774589567476 1459.6 4
1774589577483 1461.6 5
1774589587490 1461.6 6
1774589597497 1618.9 7
1774589607505 1618.9 8
1774589617511 1778.3 9
1774589627519 1778.3 10
1774589637526 1778.3 11
1774589647533 1778.3 12
1774589657541 1778.3 13
1774589667555 1778.3 14
1774589677562 1778.3 15
1774589687572 1939.8 16
1774589697583 1939.8 17
1774589707590 1939.8 18
1774589717598 1939.8 19
1774589727613 1939.8 20
1774589737624 1939.8 21
1774589747632 1939.8 22
1774589757644 1939.8 23
1774589767655 1939.8 24
1774589777662 1939.8 25
1774589787670 1939.8 26
1774589797677 1939.8 27
1774589807686 1939.8 28
1774589817705 1939.8 29
1774589827713 1939.8 30
1774589837721 1939.8 31
1774589847734 1939.8 32
1774589857747 1939.8 33
1774589867756 1939.8 34
1774589877766 1939.8 35
1774589887777 1939.8 36
1774589897786 1939.8 37
1774589907798 1939.8 38
1774589917810 1939.8 39
1774589927819 1939.8 40
1774589937826 1939.8 41
1774589947834 1939.8 42
1774589957841 1939.8 43
1774589967849 1939.8 44
1774589977857 1939.8 45
1774589987871 1939.8 46
1774589997881 1939.8 47
1774590007890 1939.8 48
1774590017898 1939.8 49
1774590027918 1939.8 50
1774590037929 1939.8 51
1774590047945 1939.8 52
1774590057953 1939.8 53
1774590067965 2105.5 54
1774590077975 2105.5 55
1774590087993 2105.5 56
1774590098006 2105.5 57
1774590108017 2105.5 58
1774590118032 2105.5 59
1774590128043 2105.5 60
1774590138052 2105.5 61
1774590148060 2105.5 62
1774590158072 2105.5 63
1774590168095 2105.5 64
1774590178106 2105.5 65
1774590188115 2105.5 66
1774590198124 2105.5 67
1774590208132 2105.5 68
1774590218140 2105.5 69
1774590228149 2105.5 70
1774590238163 2105.5 71
1774590248173 2105.5 72
1774590258200 2105.5 73
1774590268210 2105.5 74
1774590278220 2105.5 75
1774590288229 2105.5 76
1774590298242 2105.5 77
1774590308251 2105.5 78
1774590318264 2105.5 79
1774590328275 2105.5 80
1774590338284 2105.5 81
1774590348295 2105.5 82
1774590358308 2105.5 83
1774590368324 2105.5 84
1774590378334 2105.5 85
1774590388343 2105.5 86
1774590398357 2105.5 87
1774590408379 2105.5 88
1774590418390 2105.5 89
1774590428399 2105.5 90
1774590438409 2105.5 91
1774590448418 2105.5 92
1774590458430 2105.5 93
1774590468439 2105.5 94
1774590478448 2105.5 95
1774590488458 2105.5 96
1774590498467 2105.5 97
1774590508477 2105.5 98
1774590518490 2105.5 99
1774590528505 2105.5 100
1774590538516 2105.5 101
1774590548525 2105.5 102
1774590558543 2105.5 103
1774590568552 2105.5 104
1774590578562 2105.5 105
1774590588571 2105.5 106
1774590598587 2105.5 107
1774590608597 2105.5 108
1774590618613 2105.5 109
1774590628632 2105.5 110
1774590638641 2105.5 111
1774590648656 2105.5 112
1774590658671 2105.5 113
1774590668688 2105.5 114
1774590678701 2105.5 115
1774590688723 2105.5 116
1774590698737 2105.5 117
1774590708747 2105.5 118
1774590718765 2105.5 119
1774590728782 2105.5 120
1774590738798 2105.5 121
1774590748812 2105.5 122
1774590758828 2105.5 123
1774590768840 2105.5 124
1774590778850 2105.5 125
1774590788860 2105.5 126
1774590798872 2105.5 127
1774590808882 2105.5 128
1774590818892 2105.5 129
1774590828904 2105.5 130
1774590838927 2105.5 131
1774590848937 2105.5 132
1774590858948 2281.6 133
1774590868969 2281.6 134
1774590878980 2281.6 135
1774590888991 2281.6 136
1774590899008 2281.6 137
1774590909026 2281.6 138
1774590919040 2281.6 139
1774590929058 2281.6 140
1774590939068 2281.6 141
1774590949081 2281.6 142
1774590959090 2281.6 143
1774590969103 2281.6 144
1774590979113 2281.6 145
1774590989124 2281.6 146
1774590999137 2281.6 147
1774591009147 2281.6 148
1774591019158 2281.6 149
1774591029168 2281.6 150
1774591039182 2281.6 151
1774591049197 2281.6 152
1774591059214 2281.6 153
1774591069223 2281.6 154
1774591079235 2281.6 155
1774591089253 2281.6 156
1774591099265 2281.6 157
1774591109279 2281.6 158
1774591119293 2281.6 159
1774591129308 2281.6 160
1774591139324 2281.6 161
1774591149337 2281.6 162
1774591159356 2281.6 163
1774591169367 2459.9 164
1774591179382 2459.9 165
1774591189399 2459.9 166
1774591199412 2459.9 167
1774591209440 2459.9 168
1774591219452 2459.9 169
1774591229463 2459.9 170
1774591239477 2459.9 171
