1774589527433 6.8 0
1774589537445 75.1 1
1774589547460 76.2 2
1774589557468 76.8 3
1774589567476 80.3 4
1774589577483 76.2 5
1774589587490 107.9 6
1774589597497 68.6 7
1774589607505 74.9 8
1774589617511 91.1 9
1774589627519 80.5 10
1774589637526 73.8 11
1774589647533 67.3 12
1774589657541 70.8 13
1774589667555 74.5 14
1774589677562 80.5 15
1774589687572 88.1 16
1774589697583 72.3 17
1774589707590 86.1 18
1774589717598 74.6 19
1774589727613 78.5 20
1774589737624 93.9 21
1774589747632 76.0 22
1774589757644 106.5 23
1774589767655 80.4 24
1774589777662 77.8 25
1774589787670 90.5 26
1774589797677 79.7 27
1774589807686 78.6 28
1774589817705 111.0 29
1774589827713 85.7 30
1774589837721 76.7 31
1774589847734 77.1 32
1774589857747 79.9 33
1774589867756 82.5 34
1774589877766 93.9 35
1774589887777 86.7 36
1774589897786 80.6 37
1774589907798 76.9 38
1774589917810 92.6 39
1774589927819 76.8 40
1774589937826 71.2 41
1774589947834 73.6 42
1774589957841 74.5 43
1774589967849 73.5 44
1774589977857 71.1 45
1774589987871 77.9 46
1774589997881 91.7 47
1774590007890 75.3 48
1774590017898 70.6 49
1774590027918 67.3 50
1774590037929 42.7 51
1774590047945 69.5 52
1774590057953 75.7 53
1774590067965 116.1 54
1774590077975 79.3 55
1774590087993 108.5 56
1774590098006 81.4 57
1774590108017 80.6 58
1774590118032 72.2 59
1774590128043 89.6 60
1774590138052 85.7 61
1774590148060 80.3 62
1774590158072 66.5 63
1774590168095 93.0 64
1774590178106 90.1 65
1774590188115 106.3 66
1774590198124 68.4 67
1774590208132 75.7 68
1774590218140 79.2 69
1774590228149 78.2 70
1774590238163 79.2 71
1774590248173 73.2 72
1774590258200 92.4 73
1774590268210 72.1 74
1774590278220 80.4 75
1774590288229 80.6 76
1774590298242 93.4 77
1774590308251 104.8 78
1774590318264 70.7 79
1774590328275 68.0 80
1774590338284 73.8 81
1774590348295 75.8 82
1774590358308 71.4 83
1774590368324 98.3 84
1774590378334 71.1 85
1774590388343 76.1 86
1774590398357 73.6 87
1774590408379 127.6 88
1774590418390 77.7 89
1774590428399 98.0 90
1774590438409 76.7 91
1774590448418 79.9 92
1774590458430 81.4 93
1774590468439 69.8 94
1774590478448 74.0 95
1774590488458 80.4 96
1774590498467 104.8 97
1774590508477 79.9 98
1774590518490 92.9 99
1774590528505 87.1 100
1774590538516 74.7 101
1774590548525 70.4 102
1774590558543 75.9 103
1774590568552 70.8 104
1774590578562 78.2 105
1774590588571 76.3 106
1774590598587 80.0 107
1774590608597 77.0 108
1774590618613 75.3 109
1774590628632 89.5 110
1774590638641 75.5 111
1774590648656 115.0 112
1774590658671 75.5 113
1774590668688 80.4 114
1774590678701 106.9 115
1774590688723 88.8 116
1774590698737 75.6 117
1774590708747 74.1 118
1774590718765 100.6 119
1774590728782 90.9 120
1774590738798 76.7 121
1774590748812 75.6 122
1774590758828 78.2 123
1774590768840 70.6 124
1774590778850 78.9 125
1774590788860 75.3 126
1774590798872 85.6 127
1774590808882 120.2 128
1774590818892 74.9 129
1774590828904 75.6 130
1774590838927 102.6 131
1774590848937 80.3 132
1774590858948 80.1 133
1774590868969 94.9 134
1774590878980 80.5 135
1774590888991 75.3 136
1774590899008 92.3 137
1774590909026 104.5 138
1774590919040 82.9 139
1774590929058 114.7 140
1774590939068 80.5 141
1774590949081 80.0 142
1774590959090 88.6 143
1774590969103 89.9 144
1774590979113 75.6 145
1774590989124 70.6 146
1774590999137 86.6 147
1774591009147 80.6 148
1774591019158 73.7 149
1774591029168 81.0 150
1774591039182 74.8 151
1774591049197 72.8 152
1774591059214 81.3 153
1774591069223 70.8 154
1774591079235 114.9 155
1774591089253 90.6 156
1774591099265 80.6 157
1774591109279 75.5 158
1774591119293 80.0 159
1774591129308 84.3 160
1774591139324 103.8 161
1774591149337 71.0 162
1774591159356 93.8 163
1774591169367 75.0 164
1774591179382 82.2 165
1774591189399 95.8 166
1774591199412 78.6 167
1774591209440 107.5 168
1774591219452 74.9 169
1774591229463 81.5 170
1774591239477 76.8 171
