1768619956911 3.2680253982543945 0
1768619957898 1.8623137474060059 1
1768619958895 1.6897222995758057 2
1768619959860 1.5790194272994995 3
1768619960828 1.518895149230957 4
1768619961794 1.4512795209884644 5
1768619962764 1.3894551992416382 6
1768619963731 1.3568239212036133 7
1768619964702 1.311697006225586 8
1768619965673 1.273653507232666 9
1768619966652 1.2305392026901245 10
1768619967669 1.201712965965271 11
1768619968690 1.164160132408142 12
1768619969711 1.1337642669677734 13
1768619970694 1.1056032180786133 14
1768619971678 1.0822762250900269 15
1768619972665 1.0572736263275146 16
1768619973650 1.0320730209350586 17
1768619974634 1.0132815837860107 18
1768619975645 0.9854606986045837 19
1768619976635 0.9565776586532593 20
1768619977628 0.9433134198188782 21
1768619978615 0.9224787950515747 22
1768619979642 0.9036387205123901 23
1768619980667 0.8795574307441711 24
1768619981695 0.8665876984596252 25
1768619982717 0.8464584350585938 26
1768619983744 0.8243653178215027 27
1768619984767 0.8092143535614014 28
1768619985795 0.791754961013794 29
1768619986819 0.7712437510490417 30
1768619987845 0.7567803263664246 31
1768619988871 0.7361451387405396 32
1768619989899 0.7172938585281372 33
1768619990928 0.7058717012405396 34
1768619991957 0.6879666447639465 35
1768619992988 0.6715649366378784 36
1768619994021 0.6581483483314514 37
1768619995054 0.6396326422691345 38
1768619996086 0.6265231370925903 39
1768619997118 0.6111133694648743 40
1768619998153 0.5935165286064148 41
1768619999193 0.5782796144485474 42
1768620000227 0.568270742893219 43
1768620001264 0.5493160486221313 44
1768620002301 0.5392845869064331 45
1768620003302 0.5213236808776855 46
1768620004305 0.5140563249588013 47
1768620005341 0.4966270923614502 48
1768620006381 0.4855245351791382 49
1768620007420 0.47107142210006714 50
1768620008462 0.4607686698436737 51
1768620009502 0.4470297396183014 52
1768620010545 0.4344361126422882 53
1768620011548 0.42209282517433167 54
1768620012590 0.4124055504798889 55
1768620013630 0.39922213554382324 56
1768620014633 0.38625845313072205 57
1768620015640 0.3747439384460449 58
1768620016643 0.3668517470359802 59
1768620017648 0.3595544099807739 60
1768620018690 0.3485257625579834 61
1768620019698 0.3365272283554077 62
1768620020706 0.32603493332862854 63
1768620021714 0.3195156455039978 64
1768620022724 0.30889075994491577 65
1768620023734 0.30137237906455994 66
1768620024742 0.28861895203590393 67
1768620025754 0.2795959413051605 68
1768620026762 0.27130869030952454 69
1768620027774 0.2627100646495819 70
1768620028789 0.2602805197238922 71
1768620029802 0.2510584890842438 72
1768620030813 0.24105414748191833 73
1768620031826 0.2338348776102066 74
1768620032840 0.22738033533096313 75
