1774203098143 2.8 0
1774203108153 21.3 1
1774203118164 25.2 2
1774203128176 25.2 3
1774203138187 27.2 4
1774203148194 27.2 5
1774203158208 27.2 6
1774203168220 27.2 7
1774203178229 27.2 8
1774203188236 27.3 9
1774203198243 27.3 10
1774203208258 27.3 11
1774203218266 27.3 12
1774203228276 27.3 13
1774203238286 29.4 14
1774203248294 29.4 15
1774203258302 29.4 16
1774203268310 29.4 17
1774203278320 29.4 18
1774203288329 29.4 19
1774203298337 29.4 20
1774203308348 29.4 21
1774203318359 29.4 22
1774203328371 29.4 23
1774203338378 29.4 24
1774203348386 29.4 25
1774203358407 29.4 26
1774203368415 29.4 27
1774203378426 29.4 28
