1774143803779 0.5039971784622619 0
1774143804114 0.5284505055255114 1
1774143804630 0.6369621443686809 2
1774143804989 0.6560075241006349 3
1774143805357 0.6533035504349871 4
1774143805873 0.6335527862685163 5
1774143806231 0.6931577709851869 6
1774143806755 0.7494709616741124 7
1774143807132 0.7525276275570186 8
1774143807500 0.7579355748883141 9
1774143808209 0.7859158241241476 10
1774143808547 0.8026099224077122 11
1774143808898 0.8077827415941689 12
1774143809444 0.8175405596049847 13
1774143809781 0.8305901716435458 14
1774143810136 0.8268281213261227 15
1774143810666 0.8374088878438749 16
1774143811028 0.8436397836821068 17
1774143811386 0.8465788854925934 18
1774143811935 0.8555137549964731 19
1774143812315 0.8545732424171173 20
1774143812687 0.861509522689866 21
1774143813248 0.8639783682106749 22
1774143813777 0.8689160592522925 23
1774143814159 0.8699741359040677 24
1774143814670 0.8697390077592287 25
1774143815013 0.8813778509287562 26
1774143815358 0.87832118504585 27
1774143815870 0.8776158006113332 28
1774143816213 0.8791441335527863 29
1774143816561 0.8897249000705384 30
1774143817076 0.8918410533740889 31
