1774348308158 0.8383134361950586 0
1774348308539 0.6811000691345888 1
1774348309065 0.6342221861932336 2
1774348309463 0.5492781142356472 3
1774348309864 0.46658091836977633 4
1774348310399 0.40712817060790857 5
1774348310850 0.33782844276186674 6
1774348311395 0.2796427680224907 7
1774348311781 0.24305048154397932 8
1774348312184 0.215849586795687 9
1774348312889 0.173523172009282 10
1774348313266 0.15630905906098422 11
1774348313672 0.13629633920725023 12
1774348314222 0.11726994365174148 13
1774348314577 0.10455226039908841 14
1774348314965 0.09936315731248534 15
1774348315521 0.08463432446932927 16
1774348315937 0.07432094389681074 17
1774348316360 0.06756870496815409 18
1774348316918 0.06332291715112681 19
1774348317319 0.059496756398431806 20
1774348317724 0.058162653116303135 21
1774348318308 0.05253889150288494 22
1774348318862 0.03819013629493078 23
1774348319285 0.04192142900058521 24
1774348319854 0.04106709949574372 25
1774348320263 0.03385758062031323 26
