1774386498615 43.38921219110489 0
1774386499350 37.95062509179115 1
1774386500139 36.62503629922867 2
1774386500882 35.75954407453537 3
1774386501602 35.14482271671295 4
1774386502357 34.9346758723259 5
1774386503129 34.57523959875107 6
1774386503865 34.151635736227036 7
1774386504598 33.396411180496216 8
1774386505322 32.73186072707176 9
1774386506050 32.33552184700966 10
1774386506787 32.024117201566696 11
1774386507563 31.74987205862999 12
1774386508292 31.152092576026917 13
1774386509022 30.85845857858658 14
1774386509767 30.60119852423668 15
1774386510545 30.185266196727753 16
1774386511282 29.9317085146904 17
1774386512043 29.94512838125229 18
1774386512772 28.56035578250885 19
1774386513539 28.607689887285233 20
1774386514318 27.96771901845932 21
1774386515046 27.482874542474747 22
1774386515841 26.851290345191956 23
1774386516580 27.057205885648727 24
1774386517326 26.619025021791458 25
1774386518098 26.20886617898941 26
1774386518846 25.273936823010445 27
1774386519624 25.443497449159622 28
1774386520386 24.46731647849083 29
1774386521121 24.077808529138565 30
1774386521902 23.188172519207 31
1774386522721 24.06766302883625 32
1774386523463 23.66646859049797 33
1774386524197 22.28986406326294 34
1774386524992 22.168130546808243 35
1774386525758 22.128576800227165 36
