1774135550734 0.050348884936379804 0
1774135551725 0.7307429196880558 1
1774135552726 0.7435353673553153 2
1774135553730 0.7604323436858668 3
1774135554699 0.7724038856204679 4
1774135555668 0.7747981940073881 5
1774135556634 0.7810918046244356 6
1774135557604 0.7821179367902585 7
1774135558575 0.7878642769188672 8
1774135559546 0.7962785606786154 9
1774135560562 0.8008619510192913 10
1774135561549 0.8051032973046929 11
1774135562532 0.8054453413599671 12
1774135563519 0.8083185114242715 13
1774135564513 0.8122178136543987 14
1774135565508 0.813585989875496 15
1774135566494 0.8136543986865509 16
1774135567480 0.819605965248324 17
1774135568467 0.8214530031468054 18
1774135569456 0.8269257080311945 19
1774135570441 0.8289095635517855 20
1774135571428 0.8321247776713641 21
1774135572450 0.8362293063346559 22
1774135573476 0.8397865645095088 23
1774135574501 0.8430701874401423 24
1774135575527 0.8432754138733068 25
1774135576553 0.8490901628129703 26
1774135577580 0.8523053769325489 27
1774135578606 0.8566151320290053 28
1774135579635 0.8586673963606513 29
1774135580664 0.8613353399917909 30
1774135581698 0.8617457928581201 31
1774135582728 0.8656450950882474 32
1774135583762 0.8740593788479957 33
1774135584792 0.8709125735394719 34
1774135585822 0.877890272267068 35
1774135586852 0.8793268572992201 36
1774135587885 0.8840470652620057 37
1774135588918 0.8858941031604871 38
1774135589953 0.8882200027363525 39
1774135590987 0.8910931728006567 40
1774135592023 0.8975920098508688 41
1774135593059 0.895471336708168 42
1774135594093 0.9013544944588863 43
1774135595130 0.9037488028458065 44
1774135596176 0.9068956081543302 45
1774135597218 0.9066903817211657 46
1774135598258 0.9112737720618416 47
1774135599298 0.9162676152688466 48
1774135600338 0.9133944452045424 49
1774135601342 0.921124640853742 50
1774135602383 0.9203721439321385 51
1774135603422 0.9280339307702832 52
1774135604461 0.9288548365029415 53
1774135605503 0.9324120946777945 54
1774135606509 0.9311123272677521 55
1774135607513 0.933164591599398 56
1774135608517 0.9357641264194828 57
1774135609526 0.9394582022164455 58
1774135610532 0.9395950198385552 59
1774135611540 0.9426734163360241 60
1774135612545 0.9439731837460665 61
1774135613554 0.9464359009440416 62
1774135614564 0.9494458886304556 63
1774135615574 0.9513613353399918 64
1774135616580 0.9549870023258996 65
1774135617589 0.9545081406485155 66
1774135618596 0.9557394992475031 67
1774135619606 0.9586810781228622 68
