1774201526273 38.009649246931076 0
1774201527139 33.53179940581322 1
1774201528006 31.918319642543793 2
1774201528884 30.283479809761047 3
1774201529752 29.097864389419556 4
1774201530621 27.13891640305519 5
1774201531505 24.70697170495987 6
1774201532377 21.80692419409752 7
1774201533241 19.132859736680984 8
1774201534109 15.436947524547577 9
1774201534986 13.041218347847462 10
1774201535875 10.195074088871479 11
1774201536749 7.976425319910049 12
1774201537628 7.332339830696583 13
1774201538506 6.0981996189802885 14
1774201539416 5.514407210052013 15
1774201540292 4.111416252329946 16
1774201541167 4.240605046972632 17
