1774143656169 0.07408674237241757 0
1774143658278 0.13654398686550828 1
1774143660640 0.24921329867286907 2
1774143662899 0.37426460528116023 3
1774143665110 0.44629908332193186 4
1774143667500 0.5208646873717335 5
1774143669898 0.5915993980024628 6
1774143672047 0.6481734847448352 7
1774143674362 0.6999589547133671 8
1774143676520 0.7359419893282255 9
1774143678644 0.771856615132029 10
1774143681004 0.7979203721439322 11
1774143683215 0.8254891229990423 12
1774143685572 0.8462854015597209 13
1774143687937 0.8611301135586263 14
1774143690136 0.8759748255575318 15
1774143692353 0.8895197701463948 16
1774143694779 0.9041592557121357 17
1774143696993 0.9102476398960186 18
1774143699146 0.9230400875632782 19
1774143701334 0.9272814338486797 20
1774143703882 0.934669585442605 21
1774143706033 0.9458202216445478 22
1774143708383 0.9486249828977973 23
1774143710568 0.9540976877821864 24
1774143712728 0.9551238199480093 25
1774143714893 0.9597756190997401 26
1774143717264 0.9631276508414284 27
1774143719572 0.966342864961007 28
1774143721735 0.9679162676152688 29
1774143724130 0.9686003557258175 30
1774143726274 0.9709946641127377 31
1774143728550 0.9735257901217677 32
1774143730862 0.9759885073197427 33
1774143733008 0.9744835134765357 34
1774143735147 0.9768094130524011 35
1774143737714 0.97988780954987 36
1774143739901 0.9792037214393214 37
1774143742027 0.9813243945820221 38
1774143744423 0.9826925708031194 39
1774143746629 0.9822821179367902 40
1774143748808 0.9828293884252292 41
1774143751223 0.9838555205910521 42
1774143753518 0.9845396087016007 43
1774143755725 0.9853605144342591 44
1774143758124 0.9837187029689424 45
1774143760362 0.9853605144342591 46
1774143762520 0.9866602818443015 47
1774143764883 0.987960049254344 48
1774143767065 0.9861814201669175 49
1774143769393 0.9875495963880148 50
1774143771747 0.9891229990422766 51
1774143773936 0.987412778765905 52
1774143776138 0.9883020933096183 53
1774143778541 0.9900807223970447 54
