1774143656165 3.1263265136426996 0
1774143658273 2.802858801869267 1
1774143660635 2.338671590124212 2
1774143662893 1.929729854217354 3
1774143665104 1.6455038332029053 4
1774143667494 1.423539443256787 5
1774143669893 1.2250471404776688 6
1774143672041 1.052112207511884 7
1774143674356 0.9096138440709644 8
1774143676514 0.811036825840606 9
1774143678638 0.7132891898834358 10
1774143680998 0.6274422691513925 11
1774143683209 0.5509658438478616 12
1774143685566 0.48944556081909896 13
1774143687931 0.44608268969475545 14
1774143690130 0.4021564544160579 15
1774143692346 0.3595036100853581 16
1774143694773 0.3138358166237702 17
1774143696987 0.29373100047676487 18
1774143699139 0.26861485104943156 19
1774143701328 0.24696269808756308 20
1774143703875 0.2251601531369723 21
1774143706026 0.19978823431752615 22
1774143708377 0.18741463841165787 23
1774143710561 0.16685581355695767 24
1774143712721 0.1631078857768983 25
1774143714886 0.14843784692243733 26
1774143717257 0.13511723711554566 27
1774143719565 0.12427272887782989 28
1774143721729 0.12499582309789119 29
1774143724122 0.11723462686723488 30
1774143726267 0.11452493233534099 31
1774143728543 0.10052032410213667 32
1774143730855 0.09873786044787049 33
1774143733000 0.09388487871987564 34
1774143735139 0.09286928895638177 35
1774143737707 0.08096480883228777 36
1774143739894 0.08500179127500915 37
1774143742019 0.0800258874361077 38
1774143744416 0.07313757791212049 39
1774143746622 0.07243411584451075 40
1774143748800 0.07013891232023488 41
1774143751216 0.06599013666286076 42
1774143753510 0.06226254040919441 43
1774143755717 0.061299232558335436 44
1774143758116 0.06268768083879601 45
1774143760345 0.05849497127482398 46
1774143762512 0.05896341368068764 47
1774143764875 0.053453504154910986 48
1774143767057 0.05730544067057886 49
1774143769385 0.054996986444165404 50
1774143771739 0.04775649190197762 51
1774143773928 0.054717730789385834 52
1774143776130 0.04668695337938894 53
1774143778533 0.043983560782305635 54
