1773969407999 0.05116979066903817 0
1773969408992 0.722123409495143 1
1773969409992 0.7461349021754002 2
1773969410999 0.75879053222055 3
1773969411966 0.7737036530305104 4
1773969412932 0.7795868107812286 5
1773969413902 0.7842386099329594 6
1773969414872 0.7919003967711041 7
1773969415838 0.7936106170474757 8
1773969416806 0.7948419756464633 9
1773969417786 0.7966206047338897 10
1773969418802 0.8056505677931317 11
1773969419782 0.8097550964564236 12
1773969420765 0.8127650841428375 13
1773969421745 0.8195375564372691 14
1773969422762 0.8248050348884937 15
1773969423783 0.8263100287317007 16
1773969424802 0.8267888904090847 17
1773969425822 0.8328088657819127 18
1773969426842 0.8340402243809003 19
1773969427865 0.8362293063346559 20
1773969428888 0.8408126966753318 21
1773969429914 0.8429333698180326 22
1773969430945 0.8469694896702695 23
1773969431981 0.8468326720481598 24
1773969433011 0.8525790121767683 25
1773969434036 0.8551101381857983 26
1773969435062 0.8592830756601451 27
1773969436092 0.8642085100560952 28
1773969437122 0.8651662334108633 29
1773969438155 0.8666028184430155 30
1773969439183 0.8701600766178684 31
1773969440213 0.8748118757695992 32
1773969441244 0.8761800519906964 33
1773969442274 0.882405253796689 34
1773969443311 0.8831577507182925 35
1773969444348 0.8858941031604871 36
1773969445386 0.8892461349021754 37
1773969446420 0.8910931728006567 38
1773969447454 0.8954029278971132 39
1773969448487 0.9001231358598988 40
1773969449525 0.9022438090025995 41
1773969450561 0.9012176768367766 42
1773969451595 0.9047749350116295 43
1773969452629 0.9082637843754275 44
1773969453663 0.9111369544397319 45
1773969454697 0.9146942126145847 46
1773969455735 0.916062388835682 47
1773969456771 0.9198932822547544 48
1773969457775 0.9203721439321385 49
1773969458816 0.9245450814064852 50
1773969459856 0.9290600629361062 51
1773969460860 0.9325489122999042 52
1773969461901 0.933643453276782 53
1773969462946 0.9355588999863182 54
1773969463961 0.9389793405390614 55
1773969464970 0.9398002462717198 56
1773969465978 0.9409631960596525 57
1773969466987 0.945751812833493 58
1773969467990 0.9495827062525654 59
1773969468993 0.9465043097550965 60
1773969469997 0.9510877000957724 61
1773969470999 0.9527295115610891 62
1773969472005 0.9556710904364483 63
1773969473009 0.9565604049801615 64
1773969474014 0.9603228895881789 65
1773969475022 0.9601860719660692 66
1773969476043 0.9618278834313859 67
1773969477061 0.9634696948967026 68
