1773969407995 3.2972657680511475 0
1773969408987 1.7714484930038452 1
1773969409987 1.6311826705932617 2
1773969410995 1.5501925945281982 3
1773969411961 1.486210823059082 4
1773969412928 1.423305630683899 5
1773969413898 1.3732905387878418 6
1773969414867 1.3268619775772095 7
1773969415833 1.2885607481002808 8
1773969416801 1.2538795471191406 9
1773969417781 1.2209118604660034 10
1773969418797 1.1817177534103394 11
1773969419777 1.1523256301879883 12
1773969420759 1.1183068752288818 13
1773969421740 1.088035225868225 14
1773969422757 1.0638060569763184 15
1773969423777 1.0384384393692017 16
1773969424796 1.0100854635238647 17
1773969425816 0.9903703927993774 18
1773969426836 0.9676751494407654 19
1773969427859 0.9463268518447876 20
1773969428882 0.9255838394165039 21
1773969429908 0.9044662117958069 22
1773969430938 0.8775460720062256 23
1773969431975 0.8621240854263306 24
1773969433005 0.8389523029327393 25
1773969434029 0.8216396570205688 26
1773969435055 0.7987548112869263 27
1773969436085 0.7832427620887756 28
1773969437115 0.768858790397644 29
1773969438149 0.7472177147865295 30
1773969439177 0.7283027172088623 31
1773969440206 0.7115733623504639 32
1773969441237 0.6953937411308289 33
1773969442268 0.6782302260398865 34
1773969443304 0.6605022549629211 35
1773969444340 0.6427361965179443 36
1773969445380 0.6282148361206055 37
1773969446413 0.6125652194023132 38
1773969447447 0.5966195464134216 39
1773969448480 0.5820454359054565 40
1773969449518 0.5685276389122009 41
1773969450554 0.552619993686676 42
1773969451588 0.5388454794883728 43
1773969452622 0.5223977565765381 44
1773969453656 0.5072894096374512 45
1773969454690 0.49134117364883423 46
1773969455728 0.4829254448413849 47
1773969456764 0.46766233444213867 48
1773969457768 0.45473605394363403 49
1773969458809 0.4387776255607605 50
1773969459849 0.4286328852176666 51
1773969460853 0.41600942611694336 52
1773969461893 0.40311765670776367 53
1773969462938 0.3883497416973114 54
1773969463953 0.3766385018825531 55
1773969464963 0.37214770913124084 56
1773969465970 0.3588707149028778 57
1773969466980 0.3463016152381897 58
1773969467982 0.33426058292388916 59
1773969468986 0.3252130448818207 60
1773969469989 0.31742945313453674 61
1773969470991 0.3092312514781952 62
1773969471998 0.29670020937919617 63
1773969473002 0.28910788893699646 64
1773969474006 0.28064703941345215 65
1773969475014 0.2718980312347412 66
1773969476032 0.2610652446746826 67
1773969477053 0.2575065791606903 68
