1774196176597 0.6976252057371267 0
1774196177064 0.7518222431225018 1
1774196177533 0.7698095462026805 2
1774196178001 0.7819186456618857 3
1774196178474 0.7988478720902892 4
1774196179021 0.8168351751704679 5
1774196179506 0.8339995297437103 6
1774196179998 0.8584528568069598 7
1774196180488 0.8806724664942394 8
1774196181005 0.9071243827886198 9
1774196181499 0.9292264284034799 10
1774196182003 0.9412179637902657 11
1774196182483 0.947566423700917 12
1774196182967 0.958852574653186 13
1774196183455 0.9636727016223842 14
