1774718187121 42.38001722097397 0
1774718188019 35.49749928712845 1
1774718188917 34.01928362250328 2
1774718189817 32.11924248933792 3
1774718190776 32.011847496032715 4
1774718191690 31.403042405843735 5
1774718192635 30.641618967056274 6
1774718193516 30.016166239976883 7
1774718194416 29.714491337537766 8
1774718195291 29.201863527297974 9
1774718196179 28.49064213037491 10
1774718197071 27.992108315229416 11
1774718197953 27.16227898001671 12
1774718198900 26.984988003969193 13
1774718199779 26.230953842401505 14
1774718200654 25.59123545885086 15
1774718201534 25.15142598748207 16
1774718202418 24.480510532855988 17
1774718203291 23.790857553482056 18
1774718204255 23.368602126836777 19
1774718205143 22.929204896092415 20
1774718206052 21.99234890937805 21
1774718206934 21.41527758538723 22
1774718207803 21.409404426813126 23
1774718208671 20.92867261171341 24
1774718209542 19.786138087511063 25
1774718210461 18.839786499738693 26
1774718211349 19.06684273481369 27
1774718212245 18.022012665867805 28
1774718213129 17.950057789683342 29
1774718214016 17.47569166123867 30
1774718214885 16.523762196302414 31
1774718215762 16.288857251405716 32
1774718216700 16.586812019348145 33
1774718217621 15.305099830031395 34
1774718218508 14.846810035407543 35
