1774575200590 0.9389901161193848 0
1774575200803 1.1369513273239136 1
1774575201017 0.6918029189109802 2
1774575201250 0.693483293056488 3
1774575201460 0.6937963366508484 4
1774575201653 0.691189706325531 5
1774575201875 0.6991291642189026 6
1774575202090 0.6903074979782104 7
1774575202288 0.6899095177650452 8
1774575202813 0.6856685876846313 9
1774575203039 0.6842578649520874 10
1774575203257 0.6776972413063049 11
1774575203487 0.6701568961143494 12
1774575203725 0.6590608358383179 13
1774575203953 0.6401978135108948 14
1774575204174 0.6309490203857422 15
1774575204399 0.6055611371994019 16
1774575204634 0.5784246921539307 17
1774575204853 0.5774092674255371 18
1774575205047 0.5374435782432556 19
1774575205243 0.5179157257080078 20
1774575205605 0.49302875995635986 21
1774575205838 0.47139063477516174 22
1774575206176 0.4388525187969208 23
1774575206396 0.4304223656654358 24
1774575206642 0.41690826416015625 25
1774575206895 0.39614301919937134 26
1774575207133 0.3764357566833496 27
1774575207370 0.35484519600868225 28
1774575207597 0.36446458101272583 29
1774575207828 0.3423613905906677 30
1774575208066 0.33618995547294617 31
1774575208293 0.3192128539085388 32
1774575208528 0.30887874960899353 33
1774575208745 0.30207279324531555 34
1774575209237 0.3050490617752075 35
1774575209499 0.287349134683609 36
1774575209738 0.2809847593307495 37
1774575209965 0.26900148391723633 38
1774575210192 0.2696719169616699 39
