1768650331373 0.8355406522750854 0
1768650331505 0.47581347823143005 1
1768650331635 0.45498523116111755 2
1768650331770 0.4386526346206665 3
1768650331899 0.4256075918674469 4
1768650332026 0.41622617840766907 5
1768650332151 0.40636971592903137 6
1768650332273 0.397259384393692 7
1768650332394 0.3915001451969147 8
1768650332517 0.38492047786712646 9
1768650332640 0.37751805782318115 10
1768650332771 0.3716661334037781 11
1768650332895 0.3654279112815857 12
1768650333020 0.3591538071632385 13
1768650333146 0.3537355661392212 14
1768650333272 0.3484449088573456 15
