1774596290360 6.2 0
1774596300368 128.6 1
1774596310378 92.2 2
1774596320386 41.0 3
1774596330394 130.4 4
1774596340402 48.6 5
1774596350410 114.2 6
1774596360426 107.7 7
1774596370436 41.2 8
1774596380444 120.9 9
1774596390452 122.5 10
1774596400461 89.2 11
1774596410471 81.4 12
1774596420491 126.7 13
1774596430542 50.3 14
1774596440551 50.4 15
1774596450561 119.9 16
1774596460623 96.4 17
1774596470635 49.6 18
1774596480645 113.8 19
1774596490722 50.2 20
1774596500745 46.6 21
1774596510776 119.6 22
