1774596290360 140.4 0
1774596300368 7797.1 1
1774596310378 7700.7 2
1774596320386 526.3 3
1774596330394 7839.1 4
1774596340402 526.3 5
1774596350410 7782.5 6
1774596360426 7704.9 7
1774596370436 526.3 8
1774596380444 4655.6 9
1774596390452 7642.0 10
1774596400461 7730.0 11
1774596410471 7700.7 12
1774596420491 2273.2 13
1774596430542 526.3 14
1774596440551 564.1 15
1774596450561 7769.9 16
1774596460623 7650.3 17
1774596470635 564.1 18
1774596480645 7769.9 19
1774596490722 526.3 20
1774596500745 562.0 21
1774596510776 7730.0 22
