1774809863635 0.8264868259429932 0
1774809863830 0.44292131066322327 1
1774809864014 0.4033844769001007 2
1774809864196 0.3821465075016022 3
1774809864376 0.3662320673465729 4
1774809864558 0.35381779074668884 5
1774809864740 0.3436645567417145 6
1774809864922 0.33450785279273987 7
1774809865105 0.32570168375968933 8
1774809865291 0.3173285722732544 9
1774809865477 0.30950427055358887 10
1774809865663 0.3006232678890228 11
1774809865850 0.29258108139038086 12
1774809866034 0.28489169478416443 13
1774809866218 0.2764332890510559 14
1774809866408 0.268741637468338 15
1774809866614 0.26161208748817444 16
1774809866821 0.25375163555145264 17
1774809867029 0.24663007259368896 18
1774809867236 0.23882260918617249 19
1774809867444 0.2311408966779709 20
1774809867630 0.2231176644563675 21
1774809867816 0.21626166999340057 22
1774809868004 0.2094525843858719 23
1774809868192 0.20138446986675262 24
1774809868381 0.19507643580436707 25
1774809868572 0.18753068149089813 26
1774809868764 0.1819862723350525 27
1774809868953 0.17493294179439545 28
1774809869143 0.16807366907596588 29
1774809869333 0.16134591400623322 30
1774809869526 0.15455898642539978 31
1774809869719 0.14949911832809448 32
1774809869911 0.1436261385679245 33
1774809870104 0.13786154985427856 34
