1768620549020 0.21062346185397868 0
1768620559631 0.5634399781241455 1
1768620570194 0.6840989882417282 2
1768620580701 0.7473338802296965 3
1768620591199 0.7808996445173639 4
1768620601751 0.8152857533497402 5
1768620612298 0.8438610883237626 6
1768620622870 0.8647115121684441 7
1768620633448 0.8811867651080121 8
1768620644024 0.8947908121410992 9
1768620654557 0.9055236532677058 10
1768620665135 0.9120180475799836 11
1768620675624 0.9247333880229697 12
1768620686120 0.9310226961990703 13
1768620696680 0.9358764014219305 14
1768620707245 0.9380639868744873 15
1768620717818 0.9467459666393219 16
1768620728342 0.9477713973202079 17
1768620738907 0.9508476893628658 18
1768620749460 0.9524200164068909 19
1768620759975 0.9547443259502324 20
1768620770535 0.957068635493574 21
1768620781081 0.9564533770850424 22
1768620791664 0.9601449275362319 23
1768620802234 0.9641782882143833 24
1768620812780 0.9619907027618266 25
1768620823302 0.9633579436696746 26
1768620833850 0.9626059611703582 27
1768620844436 0.9658873393491934 28
1768620855017 0.9656138911676238 29
1768620865592 0.9634946677604594 30
1768620876121 0.9674596663932185 31
