1774575314520 17.6 0
1774575324529 21.9 1
1774575334536 21.2 2
1774575344545 21.6 3
1774575354552 21.6 4
1774575364559 21.4 5
1774575374570 21.4 6
1774575384578 21.5 7
1774575394588 21.4 8
1774575404602 21.4 9
1774575414609 21.4 10
1774575424616 21.4 11
1774575434623 21.4 12
1774575444631 21.4 13
1774575454639 22.1 14
1774575464647 21.4 15
1774575474655 21.4 16
1774575484665 21.5 17
1774575494672 21.5 18
1774575504691 21.4 19
1774575514704 21.4 20
1774575524713 21.4 21
1774575534724 21.4 22
1774575544731 21.4 23
1774575554738 21.5 24
1774575564747 21.4 25
1774575574762 21.4 26
1774575584774 21.9 27
1774575594785 21.6 28
1774575604794 21.4 29
1774575614806 21.4 30
1774575624819 21.5 31
1774575634832 21.4 32
1774575644840 21.4 33
1774575654847 21.9 34
1774575664855 21.4 35
1774575674871 21.5 36
1774575684879 22.3 37
1774575694890 21.8 38
1774575704902 21.5 39
1774575714912 21.6 40
1774575724925 21.7 41
1774575734934 21.5 42
1774575744944 21.5 43
1774575754958 21.5 44
1774575764966 21.4 45
1774575774977 21.5 46
1774575784985 21.5 47
1774575794993 21.5 48
1774575805001 21.5 49
1774575815009 23.0 50
1774575825017 21.4 51
1774575835027 21.5 52
1774575845035 21.4 53
1774575855043 21.5 54
1774575865050 21.5 55
1774575875066 21.5 56
1774575885074 21.5 57
1774575895083 21.5 58
1774575905094 21.5 59
1774575915102 21.5 60
1774575925111 21.5 61
1774575935119 21.5 62
1774575945135 22.4 63
1774575955149 21.5 64
1774575965161 21.5 65
1774575975171 21.4 66
1774575985186 21.5 67
1774575995205 22.0 68
1774576005213 21.5 69
1774576015229 21.5 70
1774576025237 21.5 71
1774576035244 21.5 72
1774576045253 21.5 73
1774576055266 21.5 74
1774576065281 21.7 75
1774576075289 22.1 76
1774576085299 21.5 77
1774576095308 21.5 78
1774576105317 21.5 79
1774576115326 21.7 80
1774576125333 21.5 81
1774576135342 21.5 82
1774576145354 21.6 83
1774576155365 21.5 84
