1774574159077 0.5071919949968731 0
1774574159566 0.534396497811132 1
1774574159993 0.573170731707317 2
1774574160422 0.608505315822389 3
1774574160869 0.6128830519074422 4
1774574161299 0.6479049405878674 5
1774574161759 0.6579111944965603 6
1774574162194 0.6804252657911195 7
1774574162626 0.7173233270794246 8
1774574163056 0.7367104440275172 9
1774574163487 0.7711069418386491 10
1774574163918 0.7858036272670419 11
1774574164350 0.8073796122576611 12
1774574164780 0.8214509068167605 13
1774574165212 0.8311444652908068 14
1774574165644 0.850844277673546 15
1774574166077 0.868980612883052 16
1774574166504 0.8808630393996247 17
1774574166947 0.8893058161350844 18
1774574167393 0.8946216385240775 19
1774574167834 0.9074421513445904 20
1774574168276 0.9143214509068167 21
1774574168722 0.9158849280800501 22
1774574169181 0.9174484052532833 23
1774574169667 0.9262038774233896 24
1774574170127 0.9302689180737961 25
1774574170566 0.9349593495934959 26
1774574171017 0.9390243902439024 27
1774574171457 0.9349593495934959 28
1774574171892 0.9452782989368356 29
1774574172326 0.9449656035021888 30
1774574172759 0.9333958724202627 31
1774574173201 0.9518449030644153 32
1774574173642 0.9537210756722951 33
1774574174084 0.9552845528455285 34
1774574174542 0.9537210756722951 35
1774574174993 0.9549718574108818 36
1774574175443 0.9571607254534084 37
1774574175877 0.959349593495935 38
1774574176314 0.9621638524077548 39
1774574176752 0.9618511569731082 40
1774574177191 0.9693558474046279 41
1774574177637 0.964665415884928 42
1774574178077 0.9640400250156348 43
1774574178522 0.9690431519699813 44
1774574178956 0.9681050656660413 45
1774574179392 0.9690431519699813 46
1774574179825 0.9731081926203877 47
1774574180263 0.9706066291432145 48
1774574180728 0.9690431519699813 49
1774574181166 0.9699812382739212 50
