1774711141691 3083.8 0
1774711151699 3426.1 1
1774711161710 3493.2 2
1774711171717 3534.8 3
1774711181723 3521.2 4
1774711191730 3511.9 5
1774711201737 3509.5 6
1774711211750 3514.7 7
1774711221761 3517.4 8
1774711231769 3553.4 9
1774711241779 3519.5 10
1774711251787 3520.1 11
1774711261796 3520.4 12
1774711271817 3637.8 13
1774711281824 3522.3 14
1774711291839 3516.9 15
1774711301847 3525.3 16
1774711311855 3517.9 17
1774711321863 3513.4 18
1774711331883 3523.8 19
1774711341893 3530.5 20
1774711351902 3540.6 21
1774711361916 3523.1 22
1774711371929 3535.7 23
1774711381936 3523.9 24
1774711391944 3518.7 25
1774711401956 3607.4 26
1774711411964 3527.2 27
1774711421972 3524.3 28
1774711431981 3534.9 29
1774711441989 3523.9 30
1774711452004 3517.8 31
1774711462014 3528.4 32
1774711472023 3532.1 33
1774711482031 3519.7 34
1774711492039 3529.7 35
1774711502047 3668.8 36
1774711512059 3529.9 37
1774711522067 3533.9 38
1774711532075 3537.3 39
1774711542091 3558.0 40
1774711552100 3533.0 41
1774711562109 3528.0 42
1774711572118 3517.6 43
1774711582125 3531.4 44
1774711592135 3536.2 45
1774711602143 3545.2 46
1774711612150 3530.3 47
1774711622159 3521.7 48
1774711632169 3787.8 49
1774711642183 3522.7 50
1774711652191 3529.4 51
1774711662200 3533.6 52
1774711672212 3533.3 53
1774711682227 3533.2 54
1774711692238 3560.9 55
1774711702245 3539.8 56
1774711712254 3534.8 57
1774711722263 3531.0 58
1774711732271 3532.1 59
1774711742280 3536.3 60
1774711752288 3573.4 61
1774711762297 3691.7 62
1774711772305 3532.3 63
1774711782318 3525.3 64
1774711792328 3529.1 65
1774711802349 3535.3 66
1774711812358 3536.4 67
1774711822368 3528.4 68
1774711832377 3528.2 69
1774711842385 3533.5 70
1774711852395 3528.3 71
1774711862413 3530.4 72
1774711872423 3530.2 73
1774711882434 3527.0 74
1774711892447 3636.8 75
1774711902465 3538.7 76
1774711912474 3527.2 77
1774711922486 3532.1 78
1774711932497 3542.0 79
1774711942506 3536.3 80
