1774801567539 0.0 0
1774801577553 91.0 1
1774801587560 94.0 2
1774801597569 94.0 3
1774801607577 94.0 4
1774801617595 91.0 5
1774801627608 91.0 6
1774801637615 94.0 7
1774801647625 93.0 8
1774801657643 94.0 9
1774801667661 91.0 10
1774801677672 93.0 11
1774801687679 92.0 12
1774801697688 94.0 13
1774801707700 93.0 14
1774801717709 94.0 15
1774801727718 94.0 16
1774801737728 93.0 17
1774801747736 94.0 18
1774801757747 94.0 19
1774801767756 93.0 20
1774801777765 94.0 21
1774801787778 93.0 22
1774801797786 75.0 23
1774801807797 94.0 24
1774801817808 94.0 25
1774801827815 93.0 26
1774801837822 93.0 27
1774801847843 94.0 28
1774801857851 91.0 29
1774801867860 93.0 30
1774801877875 94.0 31
1774801887883 94.0 32
1774801897890 94.0 33
1774801907898 93.0 34
1774801917906 89.0 35
1774801927916 92.0 36
1774801937924 93.0 37
1774801947933 94.0 38
1774801957945 89.0 39
1774801967956 94.0 40
1774801977965 91.0 41
1774801987974 94.0 42
1774801997983 94.0 43
1774802007991 93.0 44
1774802017998 94.0 45
1774802028005 94.0 46
1774802038020 92.0 47
1774802048028 94.0 48
1774802058036 78.0 49
1774802068046 94.0 50
1774802078058 94.0 51
1774802088070 94.0 52
1774802098078 90.0 53
1774802108092 94.0 54
1774802118106 91.0 55
1774802128116 94.0 56
1774802138124 93.0 57
1774802148139 94.0 58
1774802158148 94.0 59
1774802168156 94.0 60
1774802178165 94.0 61
1774802188174 90.0 62
1774802198186 92.0 63
1774802208198 91.0 64
1774802218207 94.0 65
1774802228220 90.0 66
1774802238228 94.0 67
1774802248244 94.0 68
1774802258253 93.0 69
1774802268262 94.0 70
1774802278277 93.0 71
1774802288289 90.0 72
1774802298300 91.0 73
1774802308314 90.0 74
1774802318327 83.0 75
1774802328338 94.0 76
1774802338354 91.0 77
1774802348364 94.0 78
1774802358376 90.0 79
1774802368385 94.0 80
1774802378396 93.0 81
1774802388404 91.0 82
1774802398415 92.0 83
1774802408425 94.0 84
1774802418436 94.0 85
1774802428446 89.0 86
1774802438456 91.0 87
1774802448472 92.0 88
1774802458486 94.0 89
1774802468499 91.0 90
1774802478510 94.0 91
1774802488520 91.0 92
1774802498532 94.0 93
1774802508542 92.0 94
1774802518552 93.0 95
1774802528564 92.0 96
1774802538582 92.0 97
1774802548593 90.0 98
1774802558603 94.0 99
1774802568613 94.0 100
1774802578623 65.0 101
1774802588635 94.0 102
1774802598651 94.0 103
1774802608661 94.0 104
1774802618675 92.0 105
1774802628684 94.0 106
1774802638698 94.0 107
1774802648707 90.0 108
1774802658717 94.0 109
1774802668727 94.0 110
1774802678748 94.0 111
1774802688760 94.0 112
