1774801567539 22.1 0
1774801577553 58.0 1
1774801587560 58.9 2
1774801597569 49.6 3
1774801607577 56.4 4
1774801617595 61.8 5
1774801627608 58.4 6
1774801637615 46.9 7
1774801647625 50.6 8
1774801657643 64.2 9
1774801667661 56.0 10
1774801677672 55.0 11
1774801687679 57.3 12
1774801697688 52.0 13
1774801707700 49.0 14
1774801717709 52.9 15
1774801727718 61.5 16
1774801737728 48.8 17
1774801747736 64.8 18
1774801757747 52.9 19
1774801767756 58.6 20
1774801777765 52.6 21
1774801787778 60.4 22
1774801797786 70.3 23
1774801807797 52.7 24
1774801817808 61.7 25
1774801827815 52.7 26
1774801837822 50.4 27
1774801847843 69.5 28
1774801857851 50.9 29
1774801867860 46.3 30
1774801877875 51.9 31
1774801887883 54.0 32
1774801897890 52.9 33
1774801907898 47.4 34
1774801917906 52.7 35
1774801927916 51.7 36
1774801937924 52.4 37
1774801947933 51.8 38
1774801957945 61.2 39
1774801967956 52.7 40
1774801977965 49.7 41
1774801987974 52.8 42
1774801997983 49.6 43
1774802007991 52.4 44
1774802017998 45.9 45
1774802028005 55.6 46
1774802038020 69.7 47
1774802048028 55.2 48
1774802058036 44.1 49
1774802068046 52.5 50
1774802078058 56.6 51
1774802088070 68.8 52
1774802098078 52.8 53
1774802108092 51.0 54
1774802118106 50.5 55
1774802128116 69.0 56
1774802138124 46.7 57
1774802148139 43.9 58
1774802158148 52.6 59
1774802168156 59.3 60
1774802178165 49.4 61
1774802188174 52.2 62
1774802198186 60.5 63
1774802208198 56.2 64
1774802218207 60.3 65
1774802228220 58.8 66
1774802238228 61.5 67
1774802248244 43.1 68
1774802258253 59.9 69
1774802268262 52.7 70
1774802278277 50.9 71
1774802288289 66.5 72
1774802298300 58.9 73
1774802308314 51.5 74
1774802318327 30.3 75
1774802328338 49.6 76
1774802338354 52.7 77
1774802348364 62.7 78
1774802358376 52.9 79
1774802368385 52.2 80
1774802378396 50.5 81
1774802388404 51.4 82
1774802398415 46.2 83
1774802408425 57.0 84
1774802418436 44.4 85
1774802428446 53.2 86
1774802438456 52.2 87
1774802448472 59.0 88
1774802458486 44.4 89
1774802468499 62.5 90
1774802478510 65.9 91
1774802488520 50.8 92
1774802498532 51.6 93
1774802508542 53.5 94
1774802518552 51.3 95
1774802528564 43.5 96
1774802538582 53.4 97
1774802548593 54.2 98
1774802558603 57.4 99
1774802568613 52.9 100
1774802578623 56.3 101
1774802588635 62.0 102
1774802598651 50.3 103
1774802608661 48.9 104
1774802618675 50.6 105
1774802628684 58.5 106
1774802638698 52.6 107
1774802648707 50.0 108
1774802658717 58.9 109
1774802668727 50.6 110
1774802678748 56.7 111
1774802688760 58.3 112
