1774596026336 0.0 0
1774596036349 99.0 1
1774596046359 99.0 2
1774596056452 100.0 3
1774596066462 100.0 4
1774596076474 67.0 5
1774596086481 100.0 6
1774596096497 100.0 7
1774596106600 9.0 8
1774596116611 100.0 9
1774596126709 99.0 10
1774596136719 100.0 11
1774596146746 32.0 12
1774596156755 100.0 13
1774596166769 100.0 14
1774596176780 100.0 15
1774596186796 98.0 16
1774596196806 100.0 17
1774596206817 100.0 18
1774596216827 0.0 19
1774596226835 100.0 20
1774596236890 99.0 21
1774596246974 100.0 22
