1774596026336 3817.9 0
1774596036349 5930.0 1
1774596046359 5995.4 2
1774596056452 6161.7 3
1774596066462 6205.9 4
1774596076474 6211.6 5
1774596086481 6221.3 6
1774596096497 6221.1 7
1774596106600 6487.1 8
1774596116611 6232.8 9
1774596126709 6236.9 10
1774596136719 6239.5 11
1774596146746 6242.9 12
1774596156755 6245.4 13
1774596166769 6247.6 14
1774596176780 6245.0 15
1774596186796 6286.7 16
1774596196806 6256.5 17
1774596206817 6252.2 18
1774596216827 6253.6 19
1774596226835 6260.4 20
1774596236890 6480.3 21
1774596246974 6261.5 22
