1774272904682 2.5 0
1774272914702 12.9 1
1774272924711 14.1 2
1774272934719 14.1 3
1774272944726 14.1 4
1774272954734 14.1 5
1774272964742 15.3 6
1774272974763 15.3 7
1774272984774 16.6 8
1774272994785 16.6 9
1774273004793 16.6 10
1774273014805 16.6 11
1774273024821 16.6 12
1774273034830 16.6 13
1774273044839 16.6 14
1774273054850 16.6 15
1774273064859 16.6 16
1774273074868 16.6 17
1774273084878 16.6 18
1774273094887 16.6 19
1774273104895 16.6 20
1774273114904 16.6 21
1774273124912 18.0 22
1774273134930 18.0 23
1774273144939 18.0 24
1774273154948 18.0 25
1774273164958 18.0 26
1774273174966 18.0 27
1774273184979 18.0 28
1774273194988 18.0 29
1774273204996 18.0 30
1774273215005 18.0 31
1774273225014 18.0 32
1774273235022 18.0 33
1774273245031 18.0 34
1774273255040 18.0 35
1774273265049 18.0 36
1774273275064 18.0 37
1774273285072 18.0 38
1774273295082 18.0 39
1774273305098 18.0 40
1774273315107 18.0 41
1774273325116 18.0 42
1774273335126 18.0 43
1774273345141 18.0 44
1774273355153 18.0 45
1774273365162 18.0 46
1774273375173 18.0 47
1774273385184 18.0 48
1774273395195 18.0 49
1774273405208 18.0 50
1774273415216 18.0 51
1774273425225 18.0 52
1774273435240 18.0 53
1774273445250 18.0 54
1774273455261 18.0 55
1774273465270 18.0 56
