1774211460184 326.0 0
1774211470192 1527.7 1
1774211480205 1689.2 2
1774211490212 1689.2 3
1774211500221 1689.2 4
1774211510228 1854.9 5
1774211520236 1854.9 6
1774211530247 2037.3 7
1774211540262 2037.3 8
1774211550276 2037.3 9
1774211560284 2037.3 10
1774211570296 2037.3 11
1774211580309 2037.3 12
1774211590317 2037.3 13
1774211600326 2037.3 14
1774211610343 2037.3 15
1774211620352 1950.9 16
1774211630360 1950.9 17
1774211640371 1950.9 18
1774211650379 1950.9 19
1774211660388 1950.9 20
1774211670395 1950.9 21
1774211680403 1950.9 22
1774211690417 1950.9 23
1774211700426 1950.9 24
1774211710433 1950.9 25
1774211720442 1950.9 26
1774211730452 1950.9 27
1774211740466 1950.9 28
1774211750477 1950.9 29
1774211760489 1950.9 30
1774211770499 1950.9 31
1774211780508 1950.9 32
1774211790520 1950.9 33
1774211800534 1950.9 34
1774211810549 1950.9 35
1774211820558 1950.9 36
