1774353323339 3.2651970386505127 0
1774353324294 1.9079327583312988 1
1774353325218 1.7380292415618896 2
1774353326141 1.6170768737792969 3
1774353327069 1.5490607023239136 4
1774353327997 1.480387568473816 5
1774353328924 1.422707200050354 6
1774353329887 1.3751935958862305 7
1774353330816 1.334165096282959 8
1774353331743 1.2942171096801758 9
1774353332690 1.2578978538513184 10
1774353333631 1.2250163555145264 11
1774353334607 1.1935228109359741 12
1774353335549 1.1657367944717407 13
1774353336494 1.1336926221847534 14
1774353337436 1.104784369468689 15
1774353338377 1.073472023010254 16
1774353339319 1.0491979122161865 17
1774353340261 1.0309237241744995 18
1774353341205 1.0018515586853027 19
1774353342149 0.978209376335144 20
1774353343096 0.9545310139656067 21
1774353344082 0.9349486231803894 22
1774353345071 0.9118105173110962 23
1774353346056 0.8958999514579773 24
1774353347049 0.8756983876228333 25
1774353348044 0.8513241410255432 26
1774353349042 0.8312776684761047 27
1774353350048 0.8137766718864441 28
1774353351037 0.7974097728729248 29
1774353352033 0.7762670516967773 30
1774353353023 0.7590177655220032 31
1774353354020 0.7404583096504211 32
1774353355010 0.7248523831367493 33
1774353355996 0.7112956643104553 34
1774353356986 0.6898595094680786 35
1774353357976 0.6743108630180359 36
1774353358965 0.6583694815635681 37
1774353359953 0.6399234533309937 38
1774353360945 0.6232720613479614 39
1774353361934 0.6110173463821411 40
1774353362933 0.5985580682754517 41
1774353363929 0.5807696580886841 42
1774353364924 0.5632292032241821 43
1774353365916 0.5513432025909424 44
1774353366910 0.5351848602294922 45
1774353367868 0.5177919268608093 46
1774353368827 0.506223201751709 47
1774353369786 0.49015283584594727 48
1774353370781 0.4822169542312622 49
1774353371776 0.467849463224411 50
1774353372771 0.4568901062011719 51
1774353373769 0.4424334466457367 52
1774353374732 0.427964448928833 53
1774353375701 0.41742631793022156 54
1774353376665 0.4028407037258148 55
1774353377666 0.3927096724510193 56
1774353378629 0.3826966881752014 57
1774353379599 0.3708304166793823 58
1774353380578 0.3597140312194824 59
1774353381557 0.3508416712284088 60
1774353382526 0.33591118454933167 61
1774353383526 0.32864513993263245 62
1774353384534 0.3188607692718506 63
1774353385506 0.30761098861694336 64
1774353386473 0.2979583740234375 65
1774353387440 0.28925493359565735 66
1774353388407 0.28031519055366516 67
1774353389374 0.27058547735214233 68
1774353390344 0.26195991039276123 69
1774353391316 0.2539095878601074 70
1774353392300 0.24363531172275543 71
1774353393271 0.23985226452350616 72
1774353394244 0.23427532613277435 73
1774353395218 0.2262805998325348 74
1774353396187 0.22002403438091278 75
1774353397159 0.21264907717704773 76
1774353398132 0.2059096395969391 77
