1774569940203 0.0 0
1774569950211 11.4 1
1774569960228 14.2 2
1774569970242 15.2 3
1774569980252 10.0 4
1774569990260 14.0 5
1774570000268 15.5 6
1774570010275 9.9 7
1774570020282 13.7 8
1774570030288 11.5 9
1774570040298 13.9 10
1774570050312 13.2 11
1774570060319 12.1 12
1774570070338 15.3 13
1774570080349 13.1 14
1774570090356 12.7 15
1774570100364 14.3 16
1774570110376 12.9 17
1774570120383 12.5 18
1774570130390 14.2 19
1774570140399 13.4 20
1774570150411 12.8 21
1774570160422 10.2 22
1774570170431 16.8 23
1774570180441 12.5 24
1774570190448 10.0 25
1774570200460 17.0 26
1774570210468 12.4 27
1774570220481 10.0 28
1774570230489 16.6 29
1774570240496 13.1 30
1774570250506 10.5 31
1774570260516 15.8 32
1774570270523 14.0 33
1774570280531 10.3 34
1774570290545 10.4 35
1774570300554 18.7 36
1774570310562 9.9 37
1774570320569 10.4 38
1774570330580 19.0 39
1774570340591 10.4 40
1774570350599 10.9 41
1774570360607 19.1 42
1774570370615 10.2 43
1774570380624 10.6 44
1774570390633 16.8 45
1774570400644 12.7 46
1774570410660 10.8 47
1774570420673 13.7 48
1774570430691 15.5 49
1774570440702 10.3 50
1774570450710 13.4 51
1774570460718 15.5 52
1774570470730 10.2 53
1774570480740 13.0 54
1774570490754 16.2 55
1774570500762 10.4 56
1774570510774 12.4 57
1774570520789 14.6 58
1774570530796 13.5 59
1774570540804 12.6 60
1774570550815 12.7 61
1774570560823 14.7 62
1774570570831 12.4 63
1774570580840 12.9 64
1774570590849 14.9 65
1774570600860 12.4 66
1774570610868 13.1 67
1774570620882 14.5 68
1774570630893 10.7 69
1774570640902 14.0 70
1774570650912 11.3 71
1774570660920 14.1 72
1774570670929 14.5 73
