1774569940203 2898.0 0
1774569950211 3449.5 1
1774569960228 3514.4 2
1774569970242 3533.1 3
1774569980252 3538.5 4
1774569990260 3522.5 5
1774570000268 3539.7 6
1774570010275 3535.9 7
1774570020282 3534.9 8
1774570030288 3584.4 9
1774570040298 3548.8 10
1774570050312 3546.1 11
1774570060319 3533.9 12
1774570070338 3551.7 13
1774570080349 3573.3 14
1774570090356 3543.7 15
1774570100364 3550.3 16
1774570110376 3607.4 17
1774570120383 3552.7 18
1774570130390 3827.9 19
1774570140399 3582.0 20
1774570150411 3553.0 21
1774570160422 3551.4 22
1774570170431 3551.0 23
1774570180441 3549.5 24
1774570190448 3554.7 25
1774570200460 3544.3 26
1774570210468 3557.5 27
1774570220481 3556.0 28
1774570230489 3555.4 29
1774570240496 3550.0 30
1774570250506 3559.4 31
1774570260516 3835.6 32
1774570270523 3544.6 33
1774570280531 3557.4 34
1774570290545 3576.3 35
1774570300554 3552.4 36
1774570310562 3557.3 37
1774570320569 3552.8 38
1774570330580 3546.5 39
1774570340591 3552.5 40
1774570350599 3554.7 41
1774570360607 3560.9 42
1774570370615 3554.4 43
1774570380624 3551.9 44
1774570390633 3723.7 45
1774570400644 3559.6 46
1774570410660 3559.0 47
1774570420673 3599.8 48
1774570430691 3562.3 49
1774570440702 3565.0 50
1774570450710 3555.0 51
1774570460718 3572.3 52
1774570470730 3558.6 53
1774570480740 3623.4 54
1774570490754 3565.1 55
1774570500762 3561.1 56
1774570510774 3554.4 57
1774570520789 3698.0 58
1774570530796 3571.0 59
1774570540804 3542.8 60
1774570550815 3562.7 61
1774570560823 3558.7 62
1774570570831 3552.1 63
1774570580840 3563.9 64
1774570590849 3562.1 65
1774570600860 3545.0 66
1774570610868 3563.0 67
1774570620882 3560.4 68
1774570630893 3584.5 69
1774570640902 3560.1 70
1774570650912 3648.2 71
1774570660920 3559.1 72
1774570670929 3565.2 73
