1773958389773 0.6502468845520809 0
1773958390105 0.7572301904537974 1
1773958390433 0.8017869739007759 2
1773958390800 0.8262403009640253 3
1773958391127 0.8466964495650129 4
1773958391455 0.8543381142722783 5
1773958391775 0.8691511873971315 6
1773958392108 0.8805549024218199 7
1773958392440 0.8849047731013402 8
1773958392765 0.8980719492123207 9
1773958393102 0.8941923348224783 10
1773958393439 0.9051257935574888 11
1773958393776 0.9075946390782976 12
1773958394106 0.9039501528332942 13
1773958394439 0.9179402774512109 14
1773958394773 0.9189983541029861 15
1773958395127 0.923230660710087 16
