1774213150138 255.65692126750946 0
1774213158695 170.87354612350464 1
1774213167096 147.43227219581604 2
1774213175620 134.1376621723175 3
1774213184133 122.63859874010086 4
1774213192729 115.30353742837906 5
1774213201279 117.97882962226868 6
1774213209833 101.60542166233063 7
1774213218365 93.38950222730637 8
1774213226816 85.57823532819748 9
1774213235154 80.50091090798378 10
1774213243720 72.87685802578926 11
1774213252391 70.28655967116356 12
1774213261044 64.40840488672256 13
1774213269462 60.21815627813339 14
1774213277896 55.45738334953785 15
1774213286311 49.381429225206375 16
1774213294721 45.27693624794483 17
1774213303286 42.910763159394264 18
1774213311760 43.29621012508869 19
1774213320148 36.16273532807827 20
1774213328802 35.90115512907505 21
1774213337114 34.34740337729454 22
1774213345527 29.635373316705227 23
1774213353967 25.478433310985565 24
1774213362454 24.859028473496437 25
1774213370786 26.084005020558834 26
1774213379065 23.223175205290318 27
1774213387490 30.44892717152834 28
1774213395880 25.891497515141964 29
1774213404241 16.335951641201973 30
1774213412492 15.202652227599174 31
1774213420924 17.976392183452845 32
1774213429496 15.607552893459797 33
1774213438104 13.553498381748796 34
1774213446487 13.378043020144105 35
1774213454939 13.246540654450655 36
1774213463402 13.60915979091078 37
1774213471853 20.319309916347265 38
1774213480383 14.176361430436373 39
1774213488778 11.245626799762249 40
1774213497171 9.741970278322697 41
1774213505826 7.7323728408664465 42
1774213514465 8.682168069295585 43
1774213522814 7.732295189984143 44
1774213531255 10.920241758227348 45
1774213539759 11.3608702942729 46
1774213548207 9.831129510886967 47
1774213556617 7.856480481103063 48
