1774347344665 0.05103297304692844 0
1774347346828 0.056368860309207826 1
1774347349129 0.06143111232726775 2
1774347351242 0.0690928991654125 3
1774347353348 0.07566014502667943 4
1774347355722 0.07675468600355725 5
1774347358133 0.10808592146668491 6
1774347360308 0.13757011903133123 7
1774347362669 0.17731563825420715 8
1774347364843 0.2148720755233274 9
1774347367013 0.2629634696948967 10
1774347369384 0.29600492543439594 11
1774347371563 0.33082501026132166 12
1774347373892 0.36571350389930224 13
1774347376294 0.4057326583663976 14
1774347378515 0.437679573129019 15
1774347380702 0.4610069776987276 16
1774347383089 0.49699001231358597 17
1774347385313 0.5183335613627035 18
1774347387491 0.5422766452319059 19
1774347389705 0.5715556163633876 20
1774347392246 0.5832535230537693 21
1774347394435 0.6030920782596798 22
1774347396825 0.6221781365439869 23
1774347398996 0.6330551375017103 24
1774347401178 0.6523464222191818 25
1774347403358 0.6678752223286359 26
1774347405771 0.6801203995074565 27
1774347408139 0.693460117663155 28
1774347410308 0.6996853194691476 29
1774347412654 0.715077301956492 30
1774347414813 0.7231495416609659 31
1774347416995 0.7334108633191955 32
1774347419324 0.7418935558899986 33
1774347421495 0.7525653304145574 34
1774347423714 0.7539335066356547 35
1774347426267 0.7650841428375975 36
1774347428490 0.7740456970857846 37
1774347430645 0.7841017923108496 38
1774347433038 0.7896429060062936 39
1774347435210 0.7906006293610617 40
1774347437387 0.802503762484608 41
1774347439850 0.8027773977288275 42
1774347442252 0.8100971405116979 43
1774347444396 0.8150909837187029 44
1774347446758 0.8143384867970994 45
1774347448914 0.8242577644000547 46
1774347451114 0.828157066630182 47
1774347453507 0.8324668217266384 48
1774347455813 0.8360240799014913 49
1774347458153 0.8412915583527159 50
1774347460524 0.8446435900944042 51
1774347462681 0.8500478861677384 52
1774347464882 0.8529894650430976 53
1774347467294 0.8580517170611575 54
1774347469520 0.8640716924339855 55
1774347471728 0.8669448624982897 56
1774347474077 0.8659871391435217 57
1774347476460 0.8707073471063073 58
1774347478702 0.8733068819263922 59
1774347481100 0.875359146258038 60
1774347483299 0.8770009577233547 61
1774347485474 0.879874127787659 62
1774347487887 0.8849363798057189 63
1774347490263 0.8835682035846217 64
1774347492447 0.8903406758790532 65
1774347494644 0.8964290600629361 66
1774347497066 0.8936242988096866 67
1774347499259 0.8956765631413326 68
1774347501679 0.8973183746066493 69
1774347503878 0.898960186071966 70
1774347506077 0.8986181420166918 71
1774347508670 0.905048570255849 72
1774347510860 0.9064851552880011 73
1774347513036 0.9040908469010809 74
1774347515247 0.9077849226980436 75
1774347517635 0.9116158161171158 76
1774347519866 0.9101108222739088 77
1774347522294 0.9099055958407443 78
1774347524655 0.9202353263100287 79
1774347526845 0.9182514707894377 80
1774347529276 0.9177042003009988 81
