1773958352174 0.6214436868093111 0
1773958352397 0.7149071243827886 1
1773958352617 0.7747472372442982 2
1773958352823 0.8114272278391723 3
1773958353057 0.8332941453091935 4
1773958353291 0.848224782506466 5
1773958353502 0.8639783682106749 6
1773958353714 0.8726781095697155 7
1773958353958 0.8747942628732659 8
1773958354386 0.8863155419703739 9
1773958354829 0.891370797084411 10
1773958355071 0.8980719492123207 11
1773958355310 0.9065365624265225 12
1773958355541 0.9052433576299083 13
1773958355780 0.9055960498471667 14
1773958356008 0.91370797084411 15
1773958356264 0.9131201504820127 16
1773958356487 0.9217023277686339 17
1773958356713 0.912179637902657 18
