1773958352170 0.6726166920299785 0
1773958352393 0.5562983857528647 1
1773958352612 0.47001900813480335 2
1773958352819 0.417731435052821 3
1773958353053 0.3721985264214633 4
1773958353287 0.33661128969128595 5
1773958353497 0.31872463024506253 6
1773958353710 0.3020258688965938 7
1773958353952 0.29074444919439196 8
1773958354379 0.2700787544208444 9
1773958354823 0.255301006830302 10
1773958355066 0.24527631607892064 11
1773958355305 0.23203630295187733 12
1773958355537 0.23336415054123738 13
1773958355775 0.23415508011411618 14
1773958356003 0.21384575439920545 15
1773958356257 0.21120405679950988 16
1773958356483 0.19935193491800515 17
1773958356708 0.2091485018568854 18
