1774195412258 40.673216968774796 0
1774195412649 34.18582820892334 1
1774195413035 31.984898567199707 2
1774195413423 30.404357492923737 3
1774195413808 28.6449314057827 4
1774195414252 27.055231779813766 5
1774195414636 25.025714099407196 6
1774195415012 22.958668634295464 7
1774195415402 19.726219102740288 8
1774195415885 17.624707221984863 9
1774195416264 15.241489991545677 10
1774195416652 13.775111258029938 11
1774195417033 10.588936269283295 12
1774195417428 11.392673432826996 13
1774195417898 8.0590432099998 14
1774195418285 7.481835510581732 15
1774195418670 7.133072834461927 16
