1768608074117 0.20036940757969626 0
1768608100317 0.41982487344369956 1
1768608126593 0.5103297304692844 2
1768608152877 0.5615679299493774 3
1768608179442 0.6044602544807771 4
1768608205789 0.6396223833629772 5
1768608232124 0.6661650020522644 6
1768608258588 0.6948967026953071 7
1768608284996 0.7163770693665344 8
1768608311305 0.7414831030236695 9
1768608337707 0.7599534820084827 10
1768608364083 0.7769872759611438 11
1768608390653 0.7913531262826652 12
1768608416991 0.8048296620604733 13
1768608443464 0.8191955123819948 14
1768608469495 0.8345190860582843 15
1768608495939 0.8351347653577781 16
1768608522119 0.8528526474209879 17
1768608548265 0.8633876043234369 18
1768608574731 0.855315364618963 19
1768608600771 0.8836366123956766 20
1768608626894 0.893966342864961 21
1768608653404 0.9010808592146669 22
1768608679760 0.9083321931864824 23
1768608706289 0.9114789984950061 24
1768608732556 0.9174305650567793 25
1768608759138 0.9298125598577097 26
1768608785636 0.9367218497742509 27
