1774215205122 0.0 0
1774215215129 79.0 1
1774215225143 78.0 2
1774215235151 76.0 3
1774215245165 78.0 4
1774215255173 78.0 5
1774215265182 78.0 6
1774215275189 79.0 7
1774215285196 79.0 8
1774215295206 78.0 9
1774215305214 79.0 10
1774215315221 78.0 11
1774215325235 69.0 12
1774215335245 79.0 13
1774215345253 80.0 14
1774215355261 79.0 15
1774215365272 79.0 16
1774215375280 77.0 17
1774215385289 59.0 18
1774215395302 77.0 19
1774215405309 76.0 20
1774215415324 78.0 21
1774215425333 78.0 22
1774215435350 79.0 23
1774215445359 80.0 24
1774215455378 76.0 25
