1774215205122 33.4 0
1774215215129 99.7 1
1774215225143 77.4 2
1774215235151 67.7 3
1774215245165 81.7 4
1774215255173 74.3 5
1774215265182 72.5 6
1774215275189 96.2 7
1774215285196 77.2 8
1774215295206 106.7 9
1774215305214 70.9 10
1774215315221 65.2 11
1774215325235 74.0 12
1774215335245 70.2 13
1774215345253 83.7 14
1774215355261 67.0 15
1774215365272 70.4 16
1774215375280 75.0 17
1774215385289 76.4 18
1774215395302 75.2 19
1774215405309 76.2 20
1774215415324 87.9 21
1774215425333 70.9 22
1774215435350 104.3 23
1774215445359 108.8 24
1774215455378 83.6 25
