1774215205122 326.0 0
1774215215129 1353.6 1
1774215225143 1428.8 2
1774215235151 1600.7 3
1774215245165 1600.7 4
1774215255173 1600.7 5
1774215265182 1600.7 6
1774215275189 1602.8 7
1774215285196 1602.8 8
1774215295206 1602.8 9
1774215305214 1602.8 10
1774215315221 1602.8 11
1774215325235 1602.8 12
1774215335245 1602.8 13
1774215345253 1602.8 14
1774215355261 1602.8 15
1774215365272 1602.8 16
1774215375280 1602.8 17
1774215385289 1602.8 18
1774215395302 1602.8 19
1774215405309 1776.9 20
1774215415324 1776.9 21
1774215425333 1776.9 22
1774215435350 1776.9 23
1774215445359 1776.9 24
1774215455378 1776.9 25
