1774215205122 3.8 0
1774215215129 15.8 1
1774215225143 16.6 2
1774215235151 18.6 3
1774215245165 18.6 4
1774215255173 18.6 5
1774215265182 18.6 6
1774215275189 18.7 7
1774215285196 18.7 8
1774215295206 18.7 9
1774215305214 18.7 10
1774215315221 18.7 11
1774215325235 18.7 12
1774215335245 18.7 13
1774215345253 18.7 14
1774215355261 18.7 15
1774215365272 18.7 16
1774215375280 18.7 17
1774215385289 18.7 18
1774215395302 18.7 19
1774215405309 20.7 20
1774215415324 20.7 21
1774215425333 20.7 22
1774215435350 20.7 23
1774215445359 20.7 24
1774215455378 20.7 25
