1774215205122 5512.6 0
1774215215129 6099.4 1
1774215225143 6137.1 2
1774215235151 6111.4 3
1774215245165 6125.9 4
1774215255173 6141.2 5
1774215265182 6173.3 6
1774215275189 6128.3 7
1774215285196 6132.5 8
1774215295206 6127.7 9
1774215305214 6152.0 10
1774215315221 6150.6 11
1774215325235 6411.6 12
1774215335245 6140.7 13
1774215345253 6141.3 14
1774215355261 6152.4 15
1774215365272 6177.8 16
1774215375280 6237.6 17
1774215385289 6135.3 18
1774215395302 6079.8 19
1774215405309 6144.1 20
1774215415324 6082.9 21
1774215425333 6105.7 22
1774215435350 6121.8 23
1774215445359 6099.3 24
1774215455378 6281.7 25
