1774365171682 0.5112570356472795 0
1774365171879 0.8419324577861164 1
1774365172056 0.8530722326454033 2
1774365172232 0.862453095684803 3
1774365172408 0.8696060037523452 4
1774365172586 0.8774624765478424 5
1774365172764 0.8847326454033771 6
1774365172943 0.8905956848030019 7
1774365173122 0.8961069418386491 8
1774365173308 0.9027908067542214 9
1774365173492 0.9086538461538461 10
1774365173693 0.9106472795497186 11
1774365173894 0.9163930581613509 12
1774365174095 0.9196763602251408 13
1774365174296 0.9216697936210131 14
1774365174498 0.9276500938086304 15
1774365174700 0.9309333958724203 16
1774365174903 0.9357410881801126 17
1774365175083 0.9390243902439024 18
1774365175267 0.9440666041275797 19
1774365175451 0.9448874296435272 20
1774365175633 0.9494606003752345 21
1774365175816 0.9522748592870544 22
1774365175999 0.9560272045028143 23
1774365176182 0.9595450281425891 24
1774365176365 0.961890243902439 25
1774365176551 0.963531894934334 26
1774365176736 0.9661116322701688 27
1774365176921 0.9691604127579737 28
1774365177108 0.9703330206378987 29
1774365177296 0.9726782363977486 30
1774365177486 0.9759615384615384 31
