1774206378410 0.25489122999042274 0
1774206386981 0.4909016281297031 1
1774206395570 0.568340402243809 2
1774206404173 0.6294978793268573 3
1774206412762 0.669380216171843 4
1774206421457 0.6966753317827337 5
1774206430141 0.7235599945272951 6
1774206438828 0.7534546449582706 7
1774206447581 0.7496921603502531 8
1774206456091 0.7667259543029142 9
1774206464531 0.7818443015460391 10
1774206473050 0.7993569571760842 11
1774206481459 0.8189902859488302 12
1774206489986 0.8269257080311945 13
1774206498519 0.8421124640853742 14
1774206507052 0.8600355725817486 15
1774206515435 0.8726227938158435 16
1774206524002 0.8776166370228485 17
1774206532488 0.8866466000820906 18
1774206540984 0.9022438090025995 19
1774206549413 0.9090846901080859 20
1774206558066 0.9114105896839513 21
1774206566751 0.9071692433985498 22
1774206575247 0.9068271993432754 23
1774206583688 0.9299493774798194 24
1774206592266 0.9407579696264879 25
1774206600662 0.9481461212204132 26
1774206609119 0.9428786427691886 27
1774206617608 0.9311807360788069 28
1774206626069 0.9456149952113833 29
1774206634397 0.9543713230264058 30
1774206642791 0.9458886304556027 31
1774206651325 0.9525242851279245 32
1774206659909 0.9662744561499521 33
1774206668345 0.9627856067861541 34
1774206676597 0.9659324120946778 35
1774206685092 0.9740730606102066 36
1774206693676 0.9682583116705432 37
1774206702152 0.976398960186072 38
