1774543145767 0.5262664165103189 0
1774543145974 0.6013133208255159 1
1774543146142 0.6322701688555347 2
1774543146301 0.6791744840525328 3
1774543146462 0.7101313320825516 4
1774543146616 0.7326454033771107 5
1774543146773 0.7439024390243902 6
1774543146935 0.7551594746716698 7
1774543147092 0.7729831144465291 8
1774543147249 0.7617260787992496 9
1774543147418 0.7795497185741088 10
1774543147583 0.7926829268292683 11
1774543147742 0.8030018761726079 12
1774543147900 0.800187617260788 13
1774543148057 0.8030018761726079 14
1774543148212 0.8161350844277674 15
1774543148372 0.8348968105065666 16
1774543148530 0.8245778611632271 17
1774543148692 0.8292682926829268 18
1774543148858 0.8311444652908068 19
1774543149021 0.8339587242026266 20
1774543149185 0.8433395872420263 21
1774543149348 0.8302063789868668 22
1774543149504 0.8292682926829268 23
1774543149660 0.851782363977486 24
1774543149817 0.8480300187617261 25
1774543149979 0.8639774859287055 26
1774543150154 0.8677298311444653 27
1774543150326 0.8846153846153846 28
