1774543145761 6.21427047252655 0
1774543145966 6.066634356975555 1
1774543146138 5.958624958992004 2
1774543146297 5.635259687900543 3
1774543146458 5.252360284328461 4
1774543146612 4.7784102857112885 5
1774543146769 4.705672234296799 6
1774543146929 4.635665863752365 7
1774543147087 4.162292540073395 8
1774543147245 4.198713004589081 9
1774543147413 4.214586853981018 10
1774543147579 3.975587636232376 11
1774543147738 3.9135871827602386 12
1774543147896 3.8480466306209564 13
1774543148053 3.8544129729270935 14
1774543148208 3.6362384259700775 15
1774543148367 3.4132571518421173 16
1774543148525 3.3774006068706512 17
1774543148688 3.1693283319473267 18
1774543148853 3.3777514696121216 19
1774543149014 3.2394012212753296 20
1774543149178 3.314829170703888 21
1774543149342 3.292603224515915 22
1774543149500 3.37896466255188 23
1774543149655 3.162369132041931 24
1774543149812 3.1352002024650574 25
1774543149974 2.6235427111387253 26
1774543150147 2.6738287061452866 27
1774543150322 2.448577329516411 28
