1768651037703 0.4989419233482248 0
1768651038306 0.5101105102280743 1
1768651038933 0.6316717611098048 2
1768651039530 0.7557018575123442 3
1768651040124 0.7926169762520574 4
1768651040740 0.8256524806019281 5
1768651041342 0.851986832823889 6
1768651041940 0.8629202915588996 7
1768651042716 0.8792616976252058 8
1768651043300 0.8743240065835881 9
1768651044077 0.8893722078532801 10
1768651044666 0.9038325887608747 11
1768651045251 0.9038325887608747 12
1768651045845 0.8990124617916765 13
1768651046443 0.9091229720197508 14
1768651047049 0.9261697625205737 15
1768651047653 0.9262873265929932 16
1768651048258 0.928756172113802 17
1768651048865 0.936045144603809 18
1768651049477 0.9415706560075241 19
1768651050080 0.9395720667763932 20
1768651050685 0.9434516811662356 21
