1773962888097 3.321631669998169 0
1773962889040 1.826154351234436 1
1773962889994 1.6891767978668213 2
1773962890948 1.5798355340957642 3
1773962891870 1.5163087844848633 4
1773962892825 1.4722816944122314 5
1773962893752 1.4012247323989868 6
1773962894677 1.347979187965393 7
1773962895605 1.316358208656311 8
1773962896564 1.273772120475769 9
1773962897502 1.2369599342346191 10
1773962898444 1.2013839483261108 11
1773962899388 1.1639068126678467 12
1773962900331 1.1361637115478516 13
1773962901275 1.1143537759780884 14
1773962902217 1.0888537168502808 15
1773962903160 1.0530273914337158 16
1773962904104 1.030923843383789 17
1773962905045 1.0051002502441406 18
1773962905990 0.9847690463066101 19
1773962906933 0.9662036299705505 20
1773962907878 0.938925564289093 21
1773962908825 0.917998731136322 22
1773962909807 0.8963190913200378 23
1773962910788 0.8748302459716797 24
1773962911768 0.8576863408088684 25
1773962912748 0.8370761871337891 26
1773962913729 0.8189373016357422 27
1773962914713 0.7976766228675842 28
1773962915700 0.778917670249939 29
1773962916684 0.7620936036109924 30
1773962917672 0.7394949197769165 31
1773962918658 0.7252315878868103 32
1773962919644 0.7069026827812195 33
1773962920628 0.6912851333618164 34
1773962921613 0.6747553944587708 35
1773962922599 0.6544278264045715 36
1773962923585 0.6417706608772278 37
1773962924573 0.6222264766693115 38
1773962925561 0.6070866584777832 39
1773962926549 0.5934404134750366 40
1773962927538 0.5767330527305603 41
1773962928527 0.5608627796173096 42
1773962929517 0.5470451712608337 43
1773962930509 0.533250629901886 44
1773962931497 0.5141493678092957 45
1773962932486 0.4956747889518738 46
1773962933473 0.48612266778945923 47
1773962934460 0.47210848331451416 48
1773962935447 0.4588488042354584 49
1773962936440 0.4458579421043396 50
1773962937428 0.4318477213382721 51
1773962938416 0.41879716515541077 52
1773962939406 0.40482765436172485 53
1773962940397 0.39741620421409607 54
1773962941357 0.3882686495780945 55
1773962942316 0.37346383929252625 56
1773962943273 0.3618154227733612 57
1773962944234 0.3448126018047333 58
1773962945196 0.3352358043193817 59
1773962946156 0.32629749178886414 60
1773962947125 0.31895872950553894 61
1773962948094 0.3043067157268524 62
1773962949065 0.29895418882369995 63
1773962950038 0.28856298327445984 64
1773962951035 0.2827523648738861 65
1773962952032 0.2723766565322876 66
1773962953031 0.26275718212127686 67
1773962953999 0.25777333974838257 68
1773962954969 0.2405131459236145 69
1773962955937 0.24424393475055695 70
1773962956907 0.2307247817516327 71
1773962957878 0.22499790787696838 72
1773962958847 0.21919874846935272 73
1773962959817 0.2141679972410202 74
1773962960795 0.2041412740945816 75
1773962961783 0.19767601788043976 76
1773962962754 0.19097383320331573 77
1773962963731 0.18409164249897003 78
1773962964703 0.1793225109577179 79
1773962965675 0.17758814990520477 80
1773962966647 0.17187443375587463 81
