1774714837786 0.065330414557395 0
1774714852976 0.106033657135039 1
1774714868151 0.17396360651251883 2
1774714883370 0.20420030099876865 3
1774714898615 0.24504036119852238 4
1774714913909 0.29224244082637846 5
1774714929243 0.33465590368039405 6
1774714944503 0.37098098235052673 7
1774714959865 0.3967026953071556 8
1774714975216 0.4223559994527295 9
1774714990498 0.4360377616637023 10
1774715005799 0.46203310986455054 11
1774715021070 0.47475714872075525 12
1774715036415 0.4798194007388152 13
1774715051635 0.49521138322615954 14
1774715067006 0.49801614447940895 15
1774715082346 0.5026679436311396 16
1774715097600 0.5114926802572172 17
1774715112963 0.5227117252702148 18
1774715128276 0.5292105623204268 19
1774715143590 0.5342728143384868 20
1774715158970 0.5342728143384868 21
1774715174321 0.5415241483103024 22
1774715189542 0.5499384320700507 23
1774715204962 0.5520591052127514 24
1774715220346 0.5604049801614448 25
1774715235576 0.5619099740046518 26
1774715250935 0.5673826788890409 27
1774715266321 0.5727869749623752 28
1774715281544 0.5686824462990834 29
1774715296820 0.5696401696538514 30
1774715312211 0.5778492269804351 31
1774715327416 0.5815433027773977 32
1774715342819 0.584895334519086 33
1774715358169 0.5838007935422083 34
1774715373451 0.5905048570255849 35
1774715388565 0.5922834861130114 36
1774715403966 0.5931043918456698 37
1774715419196 0.6013134491722534 38
1774715434492 0.5978930086195102 39
1774715449898 0.6062388835682035 40
1774715465147 0.6049391161581612 41
1774715480399 0.603502531126009 42
1774715495766 0.6041866192365577 43
1774715510981 0.6095225064988371 44
1774715526179 0.6085647831440689 45
1774715541327 0.6137638527842386 46
1774715556550 0.6162265699822137 47
1774715571787 0.616089752360104 48
1774715587159 0.6244356273087974 49
1774715602465 0.6221781365439869 50
1774715617682 0.6248460801751266 51
1774715633088 0.6256669859077849 52
1774715648401 0.6329183198796005 53
1774715663589 0.6301135586263511 54
1774715678907 0.6349021754001916 55
1774715694211 0.6383226159529347 56
1774715709550 0.6356546723217951 57
1774715724894 0.6349705842112464 58
1774715740179 0.6444110001368176 59
1774715755452 0.6414694212614585 60
1774715770773 0.6460528116021343 61
1774715786159 0.6449582706252566 62
1774715801396 0.6515255164865235 63
1774715816704 0.6494048433438226 64
1774715832073 0.6519359693528527 65
1774715847355 0.6541934601176631 66
1774715862824 0.6545355041729375 67
1774715878073 0.6585032152141196 68
1774715893340 0.6593925297578328 69
1774715908817 0.6609659324120947 70
1774715924182 0.6556300451498153 71
1774715939510 0.6596661650020522 72
1774715954637 0.665344096319606 73
1774715969930 0.666780681351758 74
1774715985298 0.6602134354904912 75
1774716000555 0.6682172663839102 76
1774716015853 0.6695170337939527 77
1774716031234 0.6715008893145437 78
1774716046509 0.6745792858120125 79
1774716061771 0.675331782733616 80
1774716077197 0.6819674374059379 81
1774716092302 0.6737583800793542 82
1774716107617 0.6734847448351348 83
1774716123051 0.6808044876180052 84
1774716138346 0.6795731290190177 85
1774716153632 0.6805308523737857 86
1774716168822 0.6810097140511698 87
1774716184197 0.6824462990833219 88
1774716199425 0.6884662744561499 89
1774716214849 0.6801888083185115 90
1774716230135 0.6829935695717608 91
1774716245433 0.6853194691476262 92
1774716260841 0.6914078533315091 93
1774716276154 0.6903133123546312 94
1774716291450 0.6906553564099056 95
1774716306732 0.6945546586400329 96
1774716322048 0.6942126145847585 97
1774716337326 0.6961964701053496 98
1774716352714 0.6946914762621426 99
1774716368069 0.70098508687919 100
1774716383440 0.6969489670269531 101
1774716398714 0.6965385141606238 102
1774716414067 0.702490080722397 103
1774716429450 0.6960596524832399 104
1774716444702 0.7027637159666165 105
1774716459882 0.7069366534409632 106
1774716475202 0.703037351210836 107
1774716490496 0.7013271309344643 108
1774716505864 0.7037214393213846 109
1774716521236 0.7061157477083049 110
1774716536412 0.7029005335887262 111
1774716551557 0.7026953071555616 112
1774716566889 0.7066630181967437 113
1774716582274 0.7061841565193597 114
1774716597440 0.7049527979203721 115
1774716612685 0.7081680120399507 116
1774716628067 0.7081680120399507 117
1774716643465 0.7144616226569982 118
1774716658715 0.7051580243535367 119
1774716674018 0.7132986728690656 120
1774716689236 0.7150088931454371 121
1774716704649 0.7160350253112601 122
1774716719877 0.7156245724449309 123
1774716735306 0.7165138869886442 124
1774716750691 0.7212340949514298 125
1774716766130 0.7242440826378438 126
1774716781386 0.7156245724449309 127
1774716796716 0.7194554658640033 128
1774716811951 0.7207552332740457 129
1774716827367 0.7219865918730333 130
1774716842714 0.7254070324257764 131
1774716858043 0.7249281707483924 132
1774716873384 0.7195238746750582 133
1774716888744 0.7249281707483924 134
1774716903979 0.7268436174579286 135
1774716919300 0.7261595293473799 136
1774716934581 0.7246545355041729 137
1774716949869 0.7237652209604597 138
1774716965119 0.7263647557805445 139
1774716980530 0.7247913531262826 140
1774716995909 0.7293747434669585 141
1774717011206 0.7319058694759885 142
1774717026573 0.7289642906006294 143
1774717041945 0.725680667669996 144
1774717057169 0.7314270077986045 145
1774717072419 0.7320426870980983 146
1774717087725 0.7318374606649336 147
1774717103087 0.7318374606649336 148
1774717118339 0.7308797373101655 149
1774717133753 0.7309481461212204 150
1774717149038 0.739225612258859 151
1774717164321 0.7317690518538787 152
1774717179636 0.7297167875222329 153
1774717194950 0.7355999452729511 154
1774717210334 0.7371049391161582 155
1774717225651 0.740183335613627 156
1774717240982 0.7352579012176769 157
1774717256367 0.7398412915583528 158
1774717271713 0.7280065672458612 159
1774717287041 0.7308113284991107 160
1774717302434 0.7387467505814749 161
1774717317768 0.7405937884799563 162
1774717333200 0.742235599945273 163
1774717348454 0.7485976193733753 164
1774717363895 0.7458612669311807 165
1774717379163 0.749760569161308 166
1774717394260 0.7409358325352305 167
1774717409611 0.7466137638527842 168
1774717424901 0.7442878642769188 169
1774717440221 0.7483923929402106 170
1774717455435 0.7483923929402106 171
1774717470941 0.7518128334929539 172
1774717486196 0.7508551101381858 173
