1774182830369 27.9 0
1774182840382 70.2 1
1774182850396 89.7 2
1774182860405 82.3 3
1774182870416 66.7 4
1774182880423 71.2 5
1774182890431 67.1 6
1774182900439 72.9 7
1774182910464 68.6 8
1774182920478 53.0 9
1774182930493 110.7 10
1774182940517 106.6 11
1774182950525 54.3 12
1774182960534 74.9 13
1774182970542 73.4 14
1774182980550 69.1 15
1774182990557 50.6 16
1774183000565 59.7 17
1774183010573 57.5 18
1774183020583 76.3 19
1774183030597 60.5 20
1774183040604 70.2 21
1774183050618 61.4 22
1774183060625 55.7 23
1774183070636 64.8 24
1774183080644 116.6 25
1774183090652 62.8 26
1774183100661 72.3 27
1774183110670 88.0 28
1774183120684 68.4 29
1774183130695 77.4 30
1774183140724 59.7 31
