1773963079293 0.8440797328948975 0
1773963079417 0.47498220205307007 1
1773963079536 0.4532546103000641 2
1773963079656 0.4351188540458679 3
1773963079780 0.4232555031776428 4
1773963079901 0.4117845594882965 5
1773963080021 0.4014943540096283 6
1773963080143 0.39389485120773315 7
1773963080264 0.3842432200908661 8
1773963080386 0.3770803213119507 9
1773963080508 0.37088435888290405 10
1773963080627 0.3643544614315033 11
1773963080745 0.357638418674469 12
1773963080864 0.35098758339881897 13
1773963080983 0.34541356563568115 14
1773963081102 0.3380887806415558 15
1773963081222 0.33209311962127686 16
1773963081343 0.32813623547554016 17
1773963081464 0.3219490349292755 18
