1768607235860 3.9 0
1768607245870 46.0 1
1768607255883 46.0 2
1768607265894 46.0 3
1768607275918 46.0 4
1768607285924 46.0 5
1768607295931 46.0 6
1768607305938 46.0 7
1768607315946 46.0 8
1768607325953 46.0 9
1768607335960 46.0 10
1768607345971 46.0 11
1768607355980 46.0 12
1768607365991 46.0 13
1768607375999 46.0 14
1768607386013 46.0 15
1768607396033 46.0 16
1768607406041 46.0 17
1768607416050 46.0 18
1768607426059 46.0 19
1768607436096 46.4 20
1768607446106 46.4 21
1768607456121 46.4 22
1768607466128 46.4 23
1768607476143 46.4 24
1768607486158 46.4 25
1768607496166 46.4 26
1768607506175 46.4 27
1768607516183 46.4 28
1768607526190 46.4 29
1768607536198 46.4 30
1768607546216 46.4 31
1768607556232 46.4 32
1768607566254 46.4 33
1768607576262 46.4 34
1768607586270 46.4 35
1768607596279 46.4 36
1768607606305 46.4 37
1768607616314 46.4 38
1768607626322 46.4 39
1768607636333 46.4 40
1768607646343 46.4 41
1768607656355 46.4 42
1768607666373 46.4 43
1768607676389 46.4 44
1768607686397 46.4 45
1768607696412 46.4 46
1768607706422 46.4 47
1768607716429 46.4 48
1768607726436 46.4 49
1768607736444 46.4 50
1768607746453 46.4 51
1768607756463 46.4 52
1768607766471 46.4 53
1768607776485 46.4 54
1768607786493 46.4 55
1768607796504 46.4 56
1768607806512 46.4 57
1768607816527 46.4 58
1768607826534 46.4 59
1768607836544 46.4 60
1768607846564 46.8 61
1768607856576 46.4 62
1768607866590 46.4 63
1768607876599 46.4 64
1768607886610 46.4 65
1768607896621 46.4 66
1768607906631 46.4 67
1768607916640 46.4 68
1768607926649 46.4 69
1768607936665 46.4 70
1768607946702 46.4 71
1768607956713 46.4 72
1768607966722 46.4 73
1768607976731 46.4 74
1768607986745 46.4 75
1768607996755 46.4 76
1768608006767 46.4 77
1768608016776 46.4 78
1768608026787 46.4 79
1768608036803 46.4 80
