1768607235860 0.0 0
1768607245870 0.786206000000675 1
1768607255883 1.2853379999996832 2
1768607265894 3.378305000000182 3
1768607275918 4.186298000000534 4
1768607285924 4.713318000000072 5
1768607295931 6.840548000000126 6
1768607305938 7.61968700000034 7
1768607315946 8.193884000000253 8
1768607325953 10.177520000001095 9
1768607335960 11.04615300000114 10
1768607345971 11.508942000000388 11
1768607355980 13.477444000000105 12
1768607365991 14.469570999999632 13
1768607375999 14.9351800000004 14
1768607386013 16.809634999999616 15
1768607396033 17.87048700000014 16
1768607406041 18.333799 17
1768607416050 20.191571000001204 18
1768607426059 21.3129540000009 19
1768607436096 21.870230000000447 20
1768607446106 23.660187000001315 21
1768607456121 24.826726999999664 22
1768607466128 25.28964900000028 23
1768607476143 27.14068800000132 24
1768607486158 28.270636000001105 25
1768607496166 28.73403700000017 26
1768607506175 30.511039000000892 27
1768607516183 31.65087400000084 28
1768607526190 32.1230400000004 29
1768607536198 33.940537000000404 30
1768607546216 35.086373000000094 31
1768607556232 35.58277300000009 32
1768607566254 37.40122900000097 33
1768607576262 38.524247000001196 34
1768607586270 39.054261000001134 35
1768607596279 40.93385699999999 36
1768607606305 42.04581599999983 37
1768607616314 42.58971300000121 38
1768607626322 44.397745000000214 39
1768607636333 45.52829399999973 40
1768607646343 46.03084800000033 41
1768607656355 47.829875999999786 42
1768607666373 48.949061000001166 43
1768607676389 49.416635999999926 44
1768607686397 51.25062900000012 45
1768607696412 52.38373599999977 46
1768607706422 52.87027599999965 47
1768607716429 54.71838300000127 48
1768607726436 55.817316000000574 49
1768607736444 56.28064400000039 50
1768607746453 58.094709000000876 51
1768607756463 59.191860000000815 52
1768607766471 59.710423000000446 53
1768607776485 61.514162000001306 54
1768607786493 62.616431000000375 55
1768607796504 63.17719600000055 56
1768607806512 64.95629200000076 57
1768607816527 66.08991600000081 58
1768607826534 66.58202300000085 59
1768607836544 68.38047200000074 60
1768607846564 69.36076700000012 61
1768607856576 69.9291460000004 62
1768607866590 71.69992900000034 63
1768607876599 72.70429400000103 64
1768607886610 73.3279679999996 65
1768607896621 75.15126899999996 66
1768607906631 76.1667150000012 67
1768607916640 76.84397999999965 68
1768607926649 78.63150599999972 69
1768607936665 79.6459560000003 70
1768607946702 80.25391000000127 71
1768607956713 82.0687539999999 72
1768607966722 83.07824299999993 73
1768607976731 83.64987199999996 74
1768607986745 85.42695100000128 75
1768607996755 86.44863900000018 76
1768608006767 87.05390500000067 77
1768608016776 88.93760800000018 78
1768608026787 89.93733600000087 79
1768608036803 90.51256000000103 80
