1774581920251 46.2060769200325 0
1774581921961 43.70507800579071 1
1774581923660 41.71518898010254 2
1774581925366 39.83651685714722 3
1774581927069 37.95888304710388 4
1774581928780 36.34435275197029 5
1774581930495 33.610395044088364 6
1774581932227 32.09341087937355 7
1774581933943 30.465002089738846 8
1774581935660 28.05557671189308 9
1774581937358 26.455540478229523 10
1774581939063 24.736750319600105 11
1774581940769 23.603712111711502 12
1774581942470 22.13227091729641 13
1774581944206 20.53064440190792 14
1774581945995 18.971419736742973 15
1774581947731 16.62761388719082 16
1774581949428 16.04345351457596 17
1774581951124 15.957208767533302 18
1774581952819 14.694550484418869 19
1774581954526 13.513836972415447 20
1774581956221 12.450648702681065 21
1774581957922 11.808779940009117 22
1774581959625 10.883321478962898 23
1774581961328 9.954824537038803 24
1774581963049 9.82872487604618 25
1774581964755 9.67853219807148 26
1774581966457 8.223385892808437 27
1774581968160 8.248548999428749 28
1774581969853 7.756432913243771 29
1774581971561 7.239661209285259 30
1774581973263 7.128243651241064 31
1774581974998 6.756926991045475 32
1774581976718 5.88237776607275 33
1774581978464 5.8203384429216385 34
1774581980201 5.663849636912346 35
1774581981909 5.519202023744583 36
1774581983626 5.212753912433982 37
1774581985328 4.463291509076953 38
1774581987035 4.039086316712201 39
1774581988743 4.463875262066722 40
1774581990461 4.323886375874281 41
1774581992175 3.999339073896408 42
1774581993907 4.427510650828481 43
1774581995625 3.951589200645685 44
1774581997335 3.6696448549628258 45
1774581999041 3.79082596860826 46
1774582000753 3.3480503614991903 47
1774582002464 3.521640980616212 48
1774582004180 3.0709647606126964 49
1774582005917 3.2110767187550664 50
1774582007625 2.8781971000134945 51
1774582009342 3.5658558811992407 52
1774582011082 2.7621270827949047 53
1774582012824 2.6821655686944723 54
1774582014533 2.4347357442602515 55
1774582016244 2.7569212475791574 56
1774582017952 2.953413070179522 57
1774582019669 3.294495918788016 58
1774582021389 2.437238499056548 59
