1773959890119 0.0 0
1773959900133 13.6 1
1773959910140 12.4 2
1773959920147 14.9 3
1773959930154 13.1 4
1773959940160 12.4 5
1773959950174 15.0 6
1773959960181 11.9 7
1773959970189 13.2 8
1773959980196 14.9 9
1773959990203 11.8 10
1773960000211 13.3 11
1773960010221 10.3 12
1773960020233 15.0 13
1773960030252 14.7 14
1773960040267 10.2 15
1773960050275 15.4 16
1773960060281 14.7 17
1773960070288 10.3 18
1773960080295 15.3 19
1773960090303 14.9 20
1773960100311 10.6 21
1773960110319 14.1 22
1773960120330 15.9 23
1773960130337 10.2 24
1773960140362 10.8 25
1773960150369 18.8 26
1773960160376 10.7 27
1773960170385 10.3 28
1773960180404 19.0 29
1773960190411 10.9 30
1773960200429 10.1 31
1773960210436 19.0 32
1773960220456 11.0 33
1773960230475 10.1 34
1773960240483 14.9 35
1773960250501 14.9 36
1773960260507 10.5 37
1773960270515 12.8 38
1773960280522 17.3 39
1773960290534 10.3 40
