1773959890119 0.0 0
1773959900133 99.0 1
1773959910140 99.0 2
1773959920147 100.0 3
1773959930154 99.0 4
1773959940160 100.0 5
1773959950174 99.0 6
1773959960181 99.0 7
1773959970189 100.0 8
1773959980196 99.0 9
1773959990203 99.0 10
1773960000211 100.0 11
1773960010221 99.0 12
1773960020233 100.0 13
1773960030252 99.0 14
1773960040267 99.0 15
1773960050275 100.0 16
1773960060281 100.0 17
1773960070288 99.0 18
1773960080295 99.0 19
1773960090303 93.0 20
1773960100311 99.0 21
1773960110319 99.0 22
1773960120330 99.0 23
1773960130337 100.0 24
1773960140362 100.0 25
1773960150369 99.0 26
1773960160376 99.0 27
1773960170385 99.0 28
1773960180404 99.0 29
1773960190411 99.0 30
1773960200429 99.0 31
1773960210436 100.0 32
1773960220456 99.0 33
1773960230475 99.0 34
1773960240483 100.0 35
1773960250501 100.0 36
1773960260507 100.0 37
1773960270515 99.0 38
1773960280522 99.0 39
1773960290534 98.0 40
