1773959890119 41.8 0
1773959900133 89.0 1
1773959910140 79.0 2
1773959920147 126.9 3
1773959930154 94.9 4
1773959940160 90.6 5
1773959950174 88.4 6
1773959960181 120.0 7
1773959970189 90.4 8
1773959980196 104.7 9
1773959990203 100.1 10
1773960000211 96.1 11
1773960010221 87.3 12
1773960020233 161.8 13
1773960030252 157.4 14
1773960040267 103.9 15
1773960050275 90.8 16
1773960060281 77.4 17
1773960070288 104.8 18
1773960080295 133.4 19
1773960090303 147.0 20
1773960100311 108.0 21
1773960110319 98.2 22
1773960120330 147.3 23
1773960130337 79.5 24
1773960140362 108.1 25
1773960150369 159.5 26
1773960160376 83.0 27
1773960170385 105.2 28
1773960180404 179.2 29
1773960190411 105.7 30
1773960200429 101.2 31
1773960210436 79.2 32
1773960220456 136.4 33
1773960230475 141.9 34
1773960240483 82.8 35
1773960250501 169.3 36
1773960260507 94.2 37
1773960270515 78.7 38
1773960280522 111.2 39
1773960290534 114.3 40
