1774585262935 0.49073639774859285 0
1774585263498 0.5043386491557224 1
1774585264236 0.5164165103189493 2
1774585264955 0.5342401500938087 3
1774585265499 0.5028142589118199 4
1774585266045 0.5021106941838649 5
1774585266728 0.5092636022514071 6
1774585267250 0.586421200750469 7
1774585267778 0.5728189493433395 8
1774585268476 0.6905487804878049 9
1774585269020 0.7178705440900562 10
1774585269748 0.7943245778611632 11
1774585270279 0.8126172607879925 12
1774585270813 0.8551829268292683 13
1774585271534 0.8692542213883677 14
1774585272246 0.8929409005628518 15
1774585272820 0.9056050656660413 16
1774585273352 0.9161585365853658 17
1774585274087 0.9248358348968105 18
1774585274662 0.9291744840525328 19
1774585275393 0.9359756097560976 20
1774585275965 0.9411350844277674 21
1774585276542 0.9407833020637899 22
1774585277310 0.949343339587242 23
1774585277865 0.9543855534709194 24
1774585278439 0.9523921200750469 25
1774585278981 0.9566135084427767 26
1774585279733 0.9593105065666041 27
1774585280293 0.9651735459662288 28
1774585281197 0.963531894934334 29
