1773970241501 0.33274045697085786 0
1773970247856 0.6208783691339445 1
1773970254263 0.721576139006704 2
1773970260608 0.7793131755370092 3
1773970266982 0.8254207141879875 4
1773970273373 0.8618826104802298 5
1773970279706 0.8826104802298536 6
1773970286083 0.9066903817211657 7
1773970292459 0.9088110548638665 8
1773970298845 0.9280339307702832 9
1773970305211 0.9363798057189766 10
1773970311552 0.9430838692023532 11
1773970317945 0.9497879326857299 12
1773970324298 0.9561499521138322 13
1773970330666 0.9562183609248871 14
1773970337018 0.9607333424545081 15
1773970343373 0.9607333424545081 16
1773970349795 0.963811738951977 17
1773970356168 0.9697633055137501 18
1773970362521 0.9669585442605008 19
1773970368907 0.9731837460664934 20
1773970375284 0.9727732932001641 21
1773970381658 0.9735941989328225 22
1773970388018 0.9735257901217677 23
1773970394422 0.9727732932001641 24
1773970400801 0.9750307839649747 25
