1774187653115 2.8 0
1774187663122 29.5 1
1774187673133 29.5 2
1774187683140 29.5 3
1774187693147 29.5 4
1774187703154 29.5 5
1774187713170 29.5 6
1774187723183 29.5 7
1774187733194 29.5 8
1774187743203 29.5 9
1774187753210 29.5 10
1774187763218 29.5 11
1774187773225 29.5 12
1774187783233 29.5 13
1774187793248 29.5 14
1774187803257 29.5 15
1774187813267 29.5 16
1774187823274 29.5 17
1774187833280 29.5 18
1774187843288 29.5 19
1774187853296 29.5 20
1774187863316 29.5 21
1774187873331 29.5 22
1774187883342 29.5 23
1774187893353 29.5 24
1774187903360 29.5 25
1774187913379 29.5 26
1774187923389 29.5 27
1774187933403 29.5 28
