1774802705813 19.3 0
1774802715829 23.1 1
1774802725838 22.9 2
1774802735853 23.0 3
1774802745860 23.0 4
1774802755872 23.0 5
1774802765881 23.0 6
1774802775889 23.0 7
1774802785910 23.0 8
1774802795920 23.0 9
1774802805929 23.0 10
1774802815937 23.0 11
1774802825945 23.0 12
1774802835954 23.1 13
1774802845963 23.5 14
1774802855977 23.1 15
1774802865991 23.0 16
1774802876001 23.2 17
1774802886009 23.1 18
1774802896020 23.1 19
1774802906028 23.3 20
1774802916035 23.1 21
1774802926049 23.1 22
1774802936069 23.3 23
1774802946076 24.7 24
1774802956084 23.1 25
1774802966091 23.2 26
1774802976099 23.1 27
1774802986107 23.1 28
1774802996120 23.1 29
1774803006128 23.0 30
1774803016137 23.0 31
1774803026149 23.3 32
1774803036157 23.1 33
1774803046164 23.1 34
1774803056173 23.1 35
1774803066182 23.1 36
1774803076196 24.6 37
1774803086204 23.1 38
1774803096212 23.1 39
1774803106222 23.1 40
1774803116231 23.1 41
1774803126239 23.0 42
1774803136248 23.1 43
1774803146257 23.1 44
1774803156265 23.0 45
1774803166276 23.1 46
1774803176285 23.1 47
1774803186295 23.1 48
1774803196325 23.1 49
1774803206334 24.4 50
1774803216343 23.1 51
1774803226354 23.1 52
1774803236374 23.1 53
1774803246382 23.3 54
1774803256391 23.1 55
1774803266400 23.1 56
1774803276409 23.0 57
1774803286420 23.1 58
1774803296431 23.1 59
1774803306439 23.2 60
1774803316451 23.1 61
1774803326461 23.1 62
1774803336473 23.8 63
1774803346483 23.1 64
1774803356498 23.1 65
1774803366509 23.1 66
1774803376518 23.1 67
1774803386527 23.1 68
1774803396537 23.0 69
1774803406548 23.1 70
1774803416557 23.1 71
1774803426565 23.1 72
1774803436577 23.1 73
1774803446586 23.1 74
1774803456595 23.2 75
1774803466604 23.3 76
1774803476614 23.1 77
1774803486623 23.3 78
1774803496632 23.1 79
1774803506642 23.1 80
1774803516652 23.2 81
1774803526661 23.1 82
1774803536673 23.1 83
1774803546685 23.1 84
1774803556708 23.1 85
1774803566728 24.8 86
1774803576738 23.2 87
1774803586755 23.1 88
1774803596766 23.1 89
1774803606783 23.2 90
1774803616792 23.0 91
1774803626808 23.1 92
1774803636829 23.1 93
1774803646839 23.1 94
1774803656855 23.1 95
1774803666864 23.1 96
1774803676875 23.1 97
1774803686885 23.0 98
1774803696902 24.7 99
1774803706915 23.2 100
1774803716924 23.1 101
1774803726935 23.1 102
1774803736945 23.1 103
1774803746958 23.1 104
1774803756967 23.1 105
1774803766977 23.1 106
1774803776987 23.1 107
