1774544198830 0.49120544090056284 0
1774544199330 0.5056285178236398 1
1774544200008 0.5121951219512195 2
1774544200490 0.5166510318949343 3
1774544200969 0.5727016885553471 4
1774544201635 0.6321529080675422 5
1774544202138 0.651735459662289 6
1774544202815 0.7060272045028143 7
1774544203335 0.7333489681050657 8
1774544203857 0.7763836772983115 9
1774544204744 0.7933864915572233 10
1774544205265 0.8214118198874296 11
1774544205787 0.8433395872420263 12
1774544206469 0.8594043151969981 13
1774544206985 0.8706613508442776 14
1774544207477 0.8809803001876173 15
1774544208161 0.8927063789868668 16
1774544208684 0.9015009380863039 17
1774544209187 0.9072467166979362 18
1774544209851 0.9194418386491557 19
1774544210356 0.9287054409005628 20
1774544210892 0.9387898686679175 21
1774544211570 0.9447701688555347 22
1774544212255 0.9489915572232646 23
1774544212803 0.9636491557223265 24
1774544213490 0.9658771106941839 25
1774544214015 0.9697467166979362 26
1774544214565 0.9705675422138836 27
1774544215260 0.9763133208255159 28
1774544215785 0.9787757973733584 29
1774544216336 0.9807692307692307 30
1774544217044 0.9786585365853658 31
1774544217557 0.9815900562851783 32
1774544218092 0.9844043151969981 33
1774544218780 0.9849906191369606 34
1774544219312 0.9855769230769231 35
