1774544198825 0.9091917686793415 0
1774544199325 0.6975547432004846 1
1774544200003 0.6939952632946995 2
1774544200485 0.6902938337531814 3
1774544200964 0.6818967178659636 4
1774544201630 0.6664481645006176 5
1774544202133 0.6421611066383448 6
1774544202810 0.6140877621258848 7
1774544203324 0.5727057973618356 8
1774544203852 0.5430747946028861 9
1774544204736 0.5088080987474037 10
1774544205259 0.4788314319909402 11
1774544205781 0.4488422995324877 12
1774544206459 0.4209495243838312 13
1774544206979 0.39384497330291635 14
1774544207471 0.3737459198954405 15
1774544208155 0.34452261771538467 16
1774544208678 0.31312377412592046 17
1774544209180 0.2673642704120049 18
1774544209845 0.22184175104741533 19
1774544210349 0.19621663424579555 20
1774544210879 0.1598140670032036 21
1774544211564 0.14550836742147943 22
1774544212245 0.1256717409358463 23
1774544212793 0.09826879577945366 24
1774544213479 0.0871680946863391 25
1774544214005 0.07343414350365608 26
1774544214555 0.07041826489159582 27
1774544215253 0.060790500179017014 28
1774544215778 0.05393000572612317 29
1774544216322 0.049020244329329055 30
1774544217029 0.05621634093838382 31
1774544217550 0.04467112554925692 32
1774544218085 0.04034777451830778 33
1774544218773 0.04112121714785779 34
1774544219305 0.03670729013897241 35
