1774703846523 0.0 0
1774703856532 14.7 1
1774703866540 14.9 2
1774703876556 10.8 3
1774703886571 14.3 4
1774703896579 15.0 5
1774703906592 10.8 6
1774703916601 14.2 7
1774703926610 14.8 8
1774703936623 10.8 9
1774703946643 14.3 10
1774703956651 13.4 11
1774703966659 11.3 12
1774703976683 14.4 13
1774703986691 10.4 14
1774703996698 14.5 15
1774704006713 14.7 16
1774704016723 10.7 17
1774704026731 14.9 18
1774704036742 14.5 19
1774704046750 10.2 20
1774704056766 14.9 21
1774704066778 14.5 22
1774704076788 10.3 23
1774704086796 13.0 24
1774704096805 16.5 25
1774704106813 10.4 26
1774704116821 10.5 27
1774704126832 19.4 28
1774704136842 10.4 29
1774704146860 10.3 30
1774704156869 19.2 31
1774704166878 10.4 32
1774704176898 10.4 33
1774704186913 19.2 34
1774704196921 10.9 35
1774704206931 10.4 36
1774704216940 14.6 37
1774704226952 15.7 38
1774704236959 10.5 39
1774704246985 11.9 40
