1774703846523 33.3 0
1774703856532 90.9 1
1774703866540 99.3 2
1774703876556 76.3 3
1774703886571 85.9 4
1774703896579 79.4 5
1774703906592 81.0 6
1774703916601 65.1 7
1774703926610 79.3 8
1774703936623 85.2 9
1774703946643 74.5 10
1774703956651 96.2 11
1774703966659 85.6 12
1774703976683 79.0 13
1774703986691 74.6 14
1774703996698 84.2 15
1774704006713 77.7 16
1774704016723 67.4 17
1774704026731 110.7 18
1774704036742 85.2 19
1774704046750 78.0 20
1774704056766 87.8 21
1774704066778 78.3 22
1774704076788 77.4 23
1774704086796 85.4 24
1774704096805 72.0 25
1774704106813 87.4 26
1774704116821 76.5 27
1774704126832 80.1 28
1774704136842 62.5 29
1774704146860 72.1 30
1774704156869 85.3 31
1774704166878 79.3 32
1774704176898 86.3 33
1774704186913 77.3 34
1774704196921 93.7 35
1774704206931 74.3 36
1774704216940 79.1 37
1774704226952 76.9 38
1774704236959 79.2 39
1774704246985 76.0 40
