1768616769019 1.8597231601980484 0
1768616772138 1.0595042882009347 1
1768616775286 0.8268923061232281 2
1768616778440 0.6448100076391753 3
1768616781567 0.5284488129663083 4
1768616784739 0.4270039592384232 5
1768616787922 0.3440764545048779 6
1768616791384 0.29176094035293976 7
1768616794550 0.23529331043784638 8
1768616797738 0.20528499361900807 9
1768616800887 0.18090527203764303 10
1768616804039 0.15321043104071969 11
1768616807212 0.14673500668417006 12
1768616810353 0.13251308296352343 13
1768616813509 0.1138422359543079 14
1768616816690 0.10709266312382651 15
1768616819848 0.10041257495437475 16
1768616823014 0.08972771705381438 17
1768616826201 0.09019696997815761 18
1768616829651 0.0815562617804874 19
1768616832799 0.08968721837608608 20
1768616835953 0.08273966359615505 21
1768616839106 0.07681578387098431 22
1768616842264 0.07024553215049868 23
