1774276272745 0.0 0
1774276282758 13.9 1
1774276292767 17.3 2
1774276302777 11.4 3
1774276312800 13.5 4
1774276322809 13.6 5
1774276332816 14.5 6
1774276342824 13.6 7
1774276352832 13.0 8
1774276362839 15.9 9
1774276372846 13.8 10
1774276382854 12.3 11
1774276392862 17.0 12
1774276402871 13.2 13
1774276412882 12.5 14
1774276422890 16.5 15
1774276432897 12.7 16
1774276442907 13.1 17
1774276452924 11.9 18
1774276462931 17.0 19
1774276472939 13.2 20
1774276482947 12.0 21
1774276492960 17.3 22
1774276502972 13.5 23
1774276512980 11.8 24
1774276522990 16.9 25
1774276532999 12.9 26
1774276543008 11.9 27
1774276553025 14.7 28
1774276563034 15.4 29
1774276573045 12.5 30
1774276583053 12.0 31
1774276593063 18.3 32
1774276603071 12.2 33
1774276613082 11.7 34
1774276623090 18.3 35
1774276633098 12.0 36
1774276643107 11.9 37
1774276653115 18.3 38
1774276663123 12.5 39
1774276673131 12.0 40
1774276683145 14.5 41
1774276693153 15.4 42
1774276703163 11.5 43
1774276713173 13.3 44
1774276723186 16.8 45
1774276733197 11.9 46
1774276743206 13.8 47
1774276753215 16.6 48
1774276763227 11.1 49
1774276773237 13.4 50
1774276783252 17.7 51
1774276793262 11.9 52
1774276803274 12.9 53
1774276813285 12.3 54
1774276823296 16.7 55
1774276833305 12.9 56
1774276843320 12.1 57
1774276853332 16.9 58
1774276863342 13.0 59
1774276873355 12.4 60
1774276883369 16.7 61
1774276893382 12.1 62
1774276903391 13.0 63
1774276913401 15.0 64
1774276923416 13.6 65
1774276933432 13.0 66
1774276943449 11.5 67
1774276953458 16.9 68
1774276963467 13.2 69
1774276973477 12.0 70
