1774276272745 33.6 0
1774276282758 91.0 1
1774276292767 78.7 2
1774276302777 77.6 3
1774276312800 87.3 4
1774276322809 86.2 5
1774276332816 90.6 6
1774276342824 79.9 7
1774276352832 84.9 8
1774276362839 79.6 9
1774276372846 76.1 10
1774276382854 79.0 11
1774276392862 77.6 12
1774276402871 92.4 13
1774276412882 77.0 14
1774276422890 78.2 15
1774276432897 78.6 16
1774276442907 75.3 17
1774276452924 91.8 18
1774276462931 78.8 19
1774276472939 93.3 20
1774276482947 63.0 21
1774276492960 75.2 22
1774276502972 80.6 23
1774276512980 92.5 24
1774276522990 75.8 25
1774276532999 80.2 26
1774276543008 105.1 27
1774276553025 81.5 28
1774276563034 86.9 29
1774276573045 77.5 30
1774276583053 80.8 31
1774276593063 85.5 32
1774276603071 77.4 33
1774276613082 75.6 34
1774276623090 79.9 35
1774276633098 70.7 36
1774276643107 96.6 37
1774276653115 79.8 38
1774276663123 80.0 39
1774276673131 77.2 40
1774276683145 82.1 41
1774276693153 73.4 42
1774276703163 72.0 43
1774276713173 77.1 44
1774276723186 81.9 45
1774276733197 78.0 46
1774276743206 69.3 47
1774276753215 79.9 48
1774276763227 68.2 49
1774276773237 75.1 50
1774276783252 68.4 51
1774276793262 76.4 52
1774276803274 66.5 53
1774276813285 63.5 54
1774276823296 86.2 55
1774276833305 92.2 56
1774276843320 78.5 57
1774276853332 81.1 58
1774276863342 73.0 59
1774276873355 80.1 60
1774276883369 79.7 61
1774276893382 87.6 62
1774276903391 70.2 63
1774276913401 71.8 64
1774276923416 78.2 65
1774276933432 77.5 66
1774276943449 84.8 67
1774276953458 76.3 68
1774276963467 75.3 69
1774276973477 72.9 70
