1774276272745 34.2 0
1774276282758 37.3 1
1774276292767 37.8 2
1774276302777 38.2 3
1774276312800 38.3 4
1774276322809 38.5 5
1774276332816 38.0 6
1774276342824 38.0 7
1774276352832 37.9 8
1774276362839 38.0 9
1774276372846 37.8 10
1774276382854 37.8 11
1774276392862 37.8 12
1774276402871 37.8 13
1774276412882 37.8 14
1774276422890 39.5 15
1774276432897 37.9 16
1774276442907 37.9 17
1774276452924 37.6 18
1774276462931 37.4 19
1774276472939 37.4 20
1774276482947 37.5 21
1774276492960 37.5 22
1774276502972 37.5 23
1774276512980 37.5 24
1774276522990 37.5 25
1774276532999 37.5 26
1774276543008 37.5 27
1774276553025 38.9 28
1774276563034 37.6 29
1774276573045 37.5 30
1774276583053 37.6 31
1774276593063 37.6 32
1774276603071 37.6 33
1774276613082 37.6 34
1774276623090 37.7 35
1774276633098 37.7 36
1774276643107 37.6 37
1774276653115 37.7 38
1774276663123 37.7 39
1774276673131 37.7 40
1774276683145 38.3 41
1774276693153 37.7 42
1774276703163 37.7 43
1774276713173 37.8 44
1774276723186 37.5 45
1774276733197 37.8 46
1774276743206 37.8 47
1774276753215 37.6 48
1774276763227 37.6 49
1774276773237 37.6 50
1774276783252 39.3 51
1774276793262 37.7 52
1774276803274 37.6 53
1774276813285 38.0 54
1774276823296 37.7 55
1774276833305 37.7 56
1774276843320 37.7 57
1774276853332 37.7 58
1774276863342 37.9 59
1774276873355 37.7 60
1774276883369 37.7 61
1774276893382 37.7 62
1774276903391 37.8 63
1774276913401 39.2 64
1774276923416 37.8 65
1774276933432 37.8 66
1774276943449 37.8 67
1774276953458 37.8 68
1774276963467 37.9 69
1774276973477 37.8 70
