1774201071649 271.5736166238785 0
1774201084499 193.10806226730347 1
1774201097330 162.45643818378448 2
1774201110102 144.4220644235611 3
1774201122825 132.2450568675995 4
1774201135539 123.10103511810303 5
1774201148213 113.68156725168228 6
1774201161112 104.60825306177139 7
1774201173723 96.11908024549484 8
1774201186454 93.29872423410416 9
1774201199101 84.92173951864243 10
1774201211750 78.44446563720703 11
1774201224399 72.9770277440548 12
1774201237097 70.61857789754868 13
1774201249670 70.29518038034439 14
1774201262489 65.09783765673637 15
1774201275142 58.690534859895706 16
1774201287929 51.96014529466629 17
1774201300567 48.12043334543705 18
1774201313296 49.586665600538254 19
1774201326013 46.202064141631126 20
1774201338796 39.52699226140976 21
1774201351265 36.45227125287056 22
1774201363916 36.78869479894638 23
1774201376529 33.594450026750565 24
1774201389230 31.575300484895706 25
1774201401813 29.576039612293243 26
1774201414414 28.628507919609547 27
1774201427153 27.90207978338003 28
1774201440067 24.300693698227406 29
1774201452782 21.70972117781639 30
1774201465585 21.42423614114523 31
1774201478287 22.239436637610197 32
1774201490942 21.81039337068796 33
1774201503483 20.758464347571135 34
