1773956901105 0.05972089205089615 0
1773956907440 0.12210972773293201 1
1773956913782 0.23662607743877412 2
1773956920150 0.3280886578191271 3
1773956926473 0.376864140101245 4
1773956932782 0.42584484881652757 5
1773956939127 0.47564646326446847 6
1773956945450 0.5051306608291148 7
1773956951780 0.5375564372691203 8
1773956958117 0.5604049801614448 9
1773956964446 0.5756601450266794 10
1773956970779 0.5907100834587495 11
1773956977125 0.6030920782596798 12
1773956983423 0.6254617594746203 13
1773956989734 0.6373648925981666 14
1773956996121 0.6408537419619647 15
1773957002435 0.6549459570392666 16
1773957008800 0.6600766178683815 17
1773957015149 0.6702011219045013 18
1773957021500 0.6760842796552196 19
1773957027845 0.6842249281707484 20
1773957034210 0.6855246955807908 21
1773957040583 0.6959228348611302 22
1773957046955 0.6983855520591052 23
1773957053292 0.7027637159666165 24
1773957059691 0.7109727732932002 25
1773957066085 0.7136407169243398 26
1773957072448 0.7148036667122726 27
1773957078802 0.7189081953755644 28
1773957085134 0.719113421808729 29
1773957091498 0.7289642906006294 30
1773957097818 0.7312217813654399 31
1773957104168 0.7364892598166644 32
1773957110504 0.7375838007935422 33
1773957116869 0.7353947188397866 34
1773957123254 0.74627171979751 35
1773957129613 0.7444930907100834 36
1773957135977 0.750239430838692 37
1773957142349 0.7514023806266247 38
1773957148699 0.7541387330688193 39
1773957155091 0.7589273498426597 40
1773957161443 0.7524969216035026 41
1773957167771 0.7615952934737994 42
1773957174088 0.7591325762758243 43
1773957180434 0.7624161992064578 44
1773957186841 0.7639211930496648 45
1773957193234 0.7706252565330415 46
1773957199593 0.7753454644958271 47
1773957205952 0.7700095772335477 48
1773957212317 0.778423860993296 49
1773957218698 0.7749350116294978 50
1773957225077 0.7712409358325353 51
1773957231441 0.7810233958133808 52
1773957237784 0.783417704200301 53
1773957244098 0.7758243261732111 54
1773957250493 0.7843754275550691 55
1773957257100 0.7803393077028321 56
1773957263464 0.7858804213982761 57
1773957269828 0.7862908742646053 58
1773957276179 0.7857436037761664 59
1773957282594 0.79142153509372 60
1773957288947 0.7918319879600493 61
1773957295303 0.7932001641811466 62
1773957301777 0.7960733342454508 63
1773957308132 0.7933369818032563 64
1773957314532 0.7973731016554932 65
1773957320903 0.7936106170474757 66
1773957327227 0.7912163086605555 67
1773957333603 0.8005883157750718 68
1773957339983 0.7983308250102613 69
1773957346375 0.7960049254343959 70
1773957352780 0.7959365166233411 71
1773957359140 0.8042139827609797 72
1773957365530 0.8019564919961691 73
1773957371922 0.8012724038856205 74
1773957378314 0.8042823915720345 75
1773957384735 0.8091394171569298 76
1773957391112 0.804008756327815 77
1773957397472 0.8071555616363387 78
1773957403868 0.8079764673689971 79
1773957410242 0.8094814612122041 80
1773957416647 0.8081132849911069 81
1773957423017 0.8072239704473936 82
1773957429375 0.8068135175810645 83
1773957435788 0.8087289642906006 84
1773957442160 0.8086605554795457 85
1773957448560 0.8143384867970994 86
1773957454926 0.8088657819127103 87
1773957461326 0.811054863866466 88
1773957467734 0.8146805308523738 89
1773957474136 0.8112600902996306 90
1773957480508 0.8139964427418251 91
1773957486897 0.8159802982624162 92
1773957493309 0.8131071281981119 93
1773957499694 0.8137228074976057 94
1773957506097 0.8131071281981119 95
1773957512480 0.8164591599398002 96
1773957518877 0.8134491722533862 97
1773957525298 0.8151593925297579 98
1773957531706 0.8127650841428375 99
