1774207280791 0.6949212320714789 0
1774207281270 0.7551140371502468 1
1774207281739 0.7703973665647778 2
1774207282208 0.780507876792852 3
1774207282680 0.7981424876557724 4
1774207283164 0.8115447919115918 5
1774207283638 0.8338819656712908 6
1774207284199 0.855984011286151 7
1774207284674 0.8760874676698801 8
1774207285143 0.9053609217023277 9
1774207285614 0.9221725840583118 10
1774207286083 0.9395720667763932 11
1774207286558 0.9463907829767223 12
1774207287028 0.9635551375499647 13
1774207287501 0.9635551375499647 14
1774207287974 0.9670820597225488 15
1774207288461 0.9655537267810957 16
1774207288935 0.979426287326593 17
