1774219219597 0.2441661534250325 0
1774219228050 0.47724628755217957 1
1774219236445 0.5713405871484295 2
1774219244799 0.6260863614589749 3
1774219253321 0.6715253541367275 4
1774219261862 0.6977348935879012 5
1774219270459 0.7174433723396976 6
1774219279011 0.740231300896462 7
1774219287489 0.7519332101553411 8
1774219295823 0.7697255868062683 9
1774219304332 0.7808116061041538 10
1774219312924 0.7993567371518511 11
1774219321373 0.8152330117019092 12
1774219329742 0.8242660644631492 13
1774219338023 0.8406897967563128 14
1774219346378 0.8541025114623965 15
1774219354927 0.8548552658591665 16
1774219363400 0.8707999726271128 17
1774219371972 0.874632176828851 18
1774219380422 0.8929720112228837 19
1774219388806 0.8990624786149319 20
1774219397311 0.9106959556559228 21
1774219405655 0.916786423047971 22
1774219414112 0.9219872716074728 23
1774219422529 0.9298569766646138 24
1774219430934 0.9399165126941764 25
1774219439416 0.94354342024225 26
1774219447916 0.9447067679463491 27
