1774219219593 261.9474927186966 0
1774219228044 176.5681116580963 1
1774219236440 148.18752419948578 2
1774219244794 133.17633628845215 3
1774219253316 117.86631083488464 4
1774219261856 110.00759077072144 5
1774219270453 103.71557915210724 6
1774219279005 93.9077582359314 7
1774219287483 90.03414008021355 8
1774219295818 84.28729325532913 9
1774219304326 79.97932642698288 10
1774219312918 73.33011478185654 11
1774219321367 67.61069302260876 12
1774219329736 64.48956009745598 13
1774219338017 59.25897154211998 14
1774219346372 53.261364787817 15
1774219354922 54.22577854990959 16
1774219363394 46.440166994929314 17
1774219371966 46.35878957808018 18
1774219380416 39.9076084792614 19
1774219388800 37.31054396927357 20
1774219397305 33.589078813791275 21
1774219405649 30.77231366932392 22
1774219414105 28.877817153930664 23
1774219422523 25.707154400646687 24
1774219430928 22.503459230065346 25
1774219439410 20.930203162133694 26
1774219447909 21.56491769850254 27
