1774136391093 2.8 0
1774136401101 44.9 1
1774136411110 44.9 2
1774136421117 44.9 3
1774136431134 44.9 4
1774136441141 44.9 5
1774136451148 44.9 6
1774136461154 44.9 7
1774136471161 44.9 8
1774136481169 44.9 9
1774136491181 44.9 10
1774136501192 44.9 11
1774136511218 44.9 12
1774136521238 44.9 13
1774136531245 44.9 14
1774136541252 44.9 15
1774136551259 44.9 16
1774136561279 44.9 17
1774136571286 44.9 18
1774136581300 44.9 19
1774136591307 44.9 20
1774136601322 44.9 21
1774136611329 44.9 22
1774136621342 44.9 23
1774136631349 44.9 24
1774136641358 44.9 25
1774136651376 44.9 26
1774136661390 44.9 27
1774136671404 44.9 28
1774136681414 44.9 29
1774136691421 44.9 30
1774136701430 44.9 31
1774136711445 44.9 32
1774136721453 44.9 33
1774136731467 44.9 34
1774136741481 44.9 35
1774136751513 44.9 36
1774136761521 44.9 37
1774136771529 44.9 38
1774136781537 44.9 39
1774136791551 44.9 40
1774136801565 44.9 41
1774136811575 44.9 42
1774136821583 44.9 43
1774136831593 44.9 44
1774136841608 44.9 45
1774136851617 44.9 46
1774136861628 44.9 47
1774136871642 44.9 48
1774136881650 44.9 49
1774136891659 44.9 50
1774136901667 44.9 51
1774136911691 44.9 52
1774136921699 44.9 53
1774136931707 44.9 54
1774136941717 44.9 55
1774136951739 44.9 56
1774136961759 44.9 57
1774136971767 44.9 58
1774136981777 44.9 59
1774136991792 44.9 60
1774137001801 44.9 61
1774137011817 44.9 62
1774137021832 44.9 63
1774137031839 44.9 64
1774137041851 44.9 65
1774137051859 44.9 66
1774137061873 44.9 67
1774137071889 44.9 68
1774137081896 44.9 69
1774137091906 44.9 70
1774137101934 44.9 71
1774137111945 44.9 72
1774137121953 44.9 73
1774137131966 44.9 74
1774137141989 44.9 75
1774137151997 44.9 76
1774137162011 44.9 77
1774137172020 44.9 78
1774137182038 44.9 79
1774137192047 44.9 80
1774137202072 44.9 81
1774137212080 44.9 82
1774137222091 44.9 83
1774137232102 44.9 84
1774137242112 44.9 85
1774137252120 44.9 86
1774137262135 44.9 87
1774137272145 44.9 88
1774137282162 44.9 89
1774137292172 44.9 90
1774137302181 44.9 91
