1774135906949 0.06293706293706294 0
1774135908409 0.10915646853146853 1
1774135910060 0.16215034965034966 2
1774135911544 0.2174388111888112 3
1774135912972 0.3147945804195804 4
1774135914795 0.39357517482517484 5
1774135916225 0.47082604895104896 6
1774135917701 0.5299388111888111 7
1774135919345 0.5831512237762237 8
1774135920832 0.6290428321678322 9
1774135922325 0.6678321678321678 10
1774135924023 0.7012674825174825 11
1774135925488 0.7337194055944056 12
1774135927150 0.7663898601398601 13
1774135928639 0.78125 14
1774135930311 0.8052884615384616 15
1774135931775 0.8262674825174825 16
1774135933460 0.8427666083916084 17
1774135934954 0.862652972027972 18
1774135936428 0.8769667832167832 19
1774135938077 0.8845061188811189 20
1774135939717 0.9043924825174825 21
1774135941211 0.9050480769230769 22
1774135942703 0.9171765734265734 23
1774135944387 0.926791958041958 24
1774135945887 0.9322552447552448 25
1774135947372 0.9390297202797203 26
1774135949012 0.9399038461538461 27
1774135950678 0.9491914335664335 28
1774135952146 0.951048951048951 29
1774135953815 0.9532342657342657 30
1774135955286 0.958916083916084 31
1774135956794 0.9615384615384616 32
1774135958498 0.9636145104895105 33
1774135959986 0.9674388111888111 34
1774135961629 0.9697333916083916 35
1774135963307 0.9732298951048951 36
1774135964804 0.9730113636363636 37
1774135966318 0.9729020979020979 38
1774135968005 0.9786931818181818 39
1774135969488 0.977381993006993 40
1774135970981 0.9779283216783217 41
1774135972886 0.9793487762237763 42
1774135974387 0.980659965034965 43
1774135975892 0.9793487762237763 44
1774135977582 0.9832823426573427 45
1774135979059 0.9820804195804196 46
