1774185596492 3.6 0
1774185606507 45.7 1
1774185616518 45.7 2
1774185626526 45.7 3
1774185636532 45.7 4
1774185646539 45.7 5
1774185656552 45.7 6
1774185666565 45.7 7
1774185676572 45.7 8
1774185686580 45.7 9
1774185696598 45.7 10
1774185706629 45.7 11
1774185716644 45.7 12
1774185726659 45.7 13
1774185736666 45.7 14
1774185746679 45.7 15
1774185756688 45.7 16
1774185766704 45.7 17
1774185776712 45.7 18
1774185786730 45.7 19
1774185796738 45.7 20
1774185806748 45.7 21
1774185816765 45.7 22
1774185826779 45.7 23
1774185836811 45.7 24
1774185846820 45.7 25
1774185856836 45.7 26
1774185866849 45.7 27
1774185876856 45.7 28
1774185886864 45.7 29
1774185896872 45.7 30
1774185906880 45.7 31
1774185916887 45.7 32
1774185926895 45.7 33
1774185936903 45.7 34
1774185946915 45.7 35
1774185956923 45.7 36
1774185966939 45.7 37
1774185976951 45.7 38
1774185986963 45.7 39
1774185996985 45.7 40
1774186006994 45.7 41
1774186017010 45.7 42
1774186027032 45.7 43
1774186037041 45.7 44
1774186047050 45.7 45
1774186057059 45.7 46
1774186067067 45.7 47
1774186077085 45.7 48
1774186087093 45.7 49
1774186097101 45.7 50
1774186107109 45.7 51
1774186117117 44.9 52
1774186127129 44.9 53
1774186137140 44.9 54
1774186147158 44.9 55
1774186157167 44.9 56
1774186167177 44.9 57
1774186177194 44.9 58
1774186187208 44.9 59
1774186197220 44.9 60
1774186207230 44.9 61
1774186217243 44.9 62
1774186227255 44.9 63
1774186237282 44.9 64
1774186247292 44.9 65
1774186257315 44.9 66
1774186267335 44.9 67
1774186277344 44.9 68
1774186287360 44.9 69
1774186297371 44.9 70
1774186307380 44.9 71
