1774273945560 0.7168085150155072 0
1774273946042 0.6563751231215014 1
1774273946666 0.5443691169567001 2
1774273947147 0.4808840434613863 3
1774273947630 0.41015029501512396 4
1774273948262 0.3509543631470449 5
1774273948724 0.28420077854204806 6
1774273949351 0.23393925736478302 7
1774273949859 0.19561645346667486 8
1774273950315 0.1636756381498716 9
1774273951133 0.13555363741813412 10
1774273951600 0.11756886927652091 11
1774273952064 0.09421976605398794 12
1774273952690 0.08230990420251134 13
1774273953136 0.07538443490667146 14
1774273953601 0.06203899181694295 15
1774273954255 0.05943241906238765 16
1774273954733 0.057302643053974485 17
1774273955208 0.04430759587721798 18
1774273955881 0.03920856253794389 19
1774273956361 0.04229477384104961 20
1774273956820 0.04562910786684861 21
1774273957470 0.035229340097805796 22
