1773963778097 3.8 0
1773963788105 45.9 1
1773963798112 45.9 2
1773963808122 45.9 3
1773963818129 45.9 4
1773963828136 45.9 5
1773963838143 45.9 6
1773963848149 45.9 7
1773963858156 45.9 8
1773963868178 45.9 9
1773963878185 46.1 10
1773963888192 46.4 11
1773963898201 46.4 12
1773963908209 46.4 13
1773963918216 46.4 14
1773963928223 46.4 15
1773963938233 46.4 16
1773963948248 46.4 17
1773963958255 46.4 18
1773963968264 46.4 19
1773963978271 46.4 20
1773963988280 46.4 21
1773963998287 46.4 22
1773964008294 46.4 23
1773964018303 46.4 24
1773964028316 46.4 25
1773964038324 46.4 26
1773964048331 46.4 27
1773964058366 45.9 28
1773964068373 45.9 29
1773964078386 45.9 30
1773964088396 46.1 31
1773964098405 46.1 32
1773964108412 46.1 33
1773964118428 46.1 34
1773964128438 46.1 35
1773964138447 46.1 36
1773964148455 46.1 37
1773964158466 46.1 38
1773964168474 46.1 39
1773964178482 46.3 40
1773964188490 46.6 41
1773964198497 46.6 42
1773964208505 46.6 43
1773964218514 46.6 44
1773964228528 46.6 45
1773964238543 46.6 46
1773964248551 46.6 47
1773964258573 46.6 48
1773964268587 46.6 49
1773964278601 46.6 50
1773964288616 46.6 51
1773964298624 46.6 52
1773964308632 46.6 53
1773964318640 46.6 54
1773964328658 46.6 55
1773964338671 46.6 56
1773964348679 46.6 57
1773964358688 46.1 58
1773964368698 46.1 59
1773964378711 46.1 60
1773964388720 46.1 61
1773964398732 46.1 62
1773964408749 46.1 63
1773964418758 46.1 64
1773964428766 46.1 65
1773964438774 46.1 66
1773964448791 46.1 67
1773964458799 46.1 68
1773964468807 46.1 69
1773964478822 46.1 70
1773964488830 46.6 71
1773964498840 46.6 72
1773964508904 46.6 73
