1773956863469 0.507288972490007 0
1773956863588 0.8084881260286856 1
1773956863700 0.8338819656712908 2
1773956863814 0.8485774747237245 3
1773956863922 0.8630378556313191 4
1773956864031 0.8790265694803668 5
1773956864142 0.8970138725605455 6
1773956864251 0.9034798965436163 7
1773956864362 0.9126498941923348 8
1773956864473 0.9184105337408888 9
1773956864584 0.9255819421584763 10
1773956864696 0.9341641194450976 11
1773956864808 0.9372207853280038 12
1773956864921 0.9460380907594639 13
1773956865034 0.9509757818010816 14
1773956865148 0.9582647542910886 15
