1774807357873 0.0 0
1774807367881 92.0 1
1774807377889 94.0 2
1774807387895 90.0 3
1774807397902 92.0 4
1774807407914 90.0 5
1774807417921 90.0 6
1774807427935 93.0 7
1774807437948 90.0 8
1774807447957 94.0 9
1774807457971 89.0 10
1774807467979 94.0 11
1774807477992 90.0 12
1774807487999 90.0 13
1774807498007 90.0 14
1774807508019 94.0 15
1774807518027 94.0 16
1774807528040 93.0 17
1774807538049 94.0 18
1774807548059 92.0 19
1774807558067 94.0 20
1774807568083 90.0 21
1774807578092 91.0 22
1774807588109 79.0 23
1774807598129 94.0 24
1774807608136 94.0 25
1774807618144 92.0 26
1774807628151 94.0 27
1774807638159 93.0 28
1774807648177 92.0 29
1774807658185 94.0 30
1774807668196 94.0 31
1774807678207 93.0 32
1774807688218 92.0 33
1774807698227 94.0 34
1774807708236 94.0 35
1774807718246 90.0 36
1774807728258 94.0 37
1774807738267 93.0 38
1774807748276 93.0 39
1774807758285 94.0 40
1774807768293 92.0 41
1774807778305 90.0 42
1774807788313 94.0 43
1774807798322 91.0 44
1774807808338 88.0 45
1774807818346 94.0 46
1774807828354 92.0 47
1774807838363 93.0 48
1774807848371 75.0 49
1774807858382 94.0 50
1774807868392 92.0 51
1774807878404 94.0 52
1774807888414 90.0 53
1774807898424 93.0 54
1774807908440 93.0 55
1774807918448 94.0 56
1774807928467 94.0 57
1774807938477 91.0 58
1774807948487 94.0 59
1774807958514 91.0 60
1774807968523 94.0 61
1774807978533 90.0 62
1774807988549 90.0 63
1774807998557 94.0 64
1774808008566 93.0 65
1774808018580 90.0 66
1774808028593 94.0 67
1774808038602 91.0 68
1774808048611 93.0 69
1774808058624 90.0 70
1774808068636 91.0 71
1774808078645 94.0 72
1774808088659 94.0 73
1774808098671 92.0 74
1774808108681 76.0 75
1774808118690 93.0 76
1774808128707 92.0 77
1774808138718 91.0 78
1774808148731 91.0 79
1774808158743 94.0 80
1774808168752 92.0 81
1774808178769 92.0 82
1774808188778 94.0 83
1774808198790 89.0 84
1774808208800 94.0 85
1774808218818 94.0 86
1774808228835 90.0 87
1774808238843 94.0 88
1774808248853 94.0 89
1774808258865 94.0 90
1774808268874 90.0 91
1774808278885 92.0 92
1774808288897 94.0 93
1774808298908 94.0 94
1774808308930 92.0 95
1774808318940 90.0 96
1774808328953 94.0 97
1774808338963 68.0 98
1774808348972 94.0 99
1774808358982 94.0 100
1774808368994 75.0 101
1774808379004 94.0 102
1774808389017 90.0 103
1774808399027 93.0 104
1774808409036 92.0 105
1774808419057 91.0 106
1774808429068 94.0 107
1774808439078 94.0 108
1774808449088 90.0 109
1774808459103 90.0 110
1774808469113 94.0 111
1774808479130 91.0 112
1774808489140 93.0 113
1774808499154 91.0 114
1774808509166 94.0 115
1774808519176 94.0 116
1774808529188 94.0 117
1774808539198 94.0 118
1774808549213 94.0 119
1774808559223 93.0 120
1774808569234 93.0 121
1774808579245 94.0 122
1774808589255 94.0 123
1774808599266 92.0 124
1774808609276 93.0 125
1774808619287 94.0 126
1774808629297 82.0 127
1774808639308 93.0 128
1774808649318 94.0 129
1774808659330 94.0 130
1774808669343 92.0 131
1774808679354 94.0 132
1774808689364 92.0 133
1774808699378 94.0 134
1774808709389 93.0 135
1774808719400 94.0 136
1774808729412 94.0 137
1774808739431 94.0 138
1774808749442 94.0 139
1774808759453 94.0 140
1774808769463 94.0 141
