1774582027365 0.5233348968105066 0
1774582028302 0.5453799249530957 1
1774582029187 0.5657833020637899 2
1774582029949 0.5894699812382739 3
1774582030709 0.6041275797373359 4
1774582031478 0.6350844277673546 5
1774582032247 0.6629924953095685 6
1774582033019 0.6926594746716698 7
1774582033799 0.7141181988742964 8
1774582034599 0.739094746716698 9
1774582035454 0.7573874296435272 10
1774582036223 0.7729831144465291 11
1774582037046 0.7905722326454033 12
1774582037814 0.8030018761726079 13
1774582038642 0.8156660412757973 14
1774582039574 0.8324343339587242 15
1774582040355 0.8443949343339587 16
1774582041338 0.8564727954971857 17
1774582042128 0.8628048780487805 18
1774582042947 0.8755863039399625 19
1774582043760 0.8828564727954972 20
1774582044563 0.8958724202626641 21
1774582045376 0.8921200750469043 22
1774582046291 0.9053705440900562 23
1774582047063 0.9138133208255159 24
1774582047938 0.9169793621013134 25
1774582048720 0.9275328330206379 26
1774582049503 0.9309333958724203 27
1774582050295 0.9362101313320825 28
1774582051072 0.9432457786116323 29
1774582052019 0.9514540337711069 30
1774582052837 0.950046904315197 31
1774582053643 0.9532129455909943 32
1774582054416 0.9577861163227017 33
1774582055381 0.9563789868667918 34
1774582056144 0.9610694183864915 35
1774582056902 0.9620075046904315 36
1774582057660 0.9659943714821764 37
1774582058422 0.9682223264540337 38
1774582059183 0.9709193245778611 39
1774582059942 0.9731472795497186 40
1774582060704 0.9745544090056285 41
1774582061468 0.9738508442776735 42
1774582062231 0.9757270168855535 43
1774582063211 0.975609756097561 44
1774582063984 0.9777204502814258 45
1774582064781 0.9774859287054409 46
1774582065614 0.9803001876172608 47
1774582066399 0.9804174484052532 48
1774582067292 0.9833489681050657 49
1774582068084 0.9841697936210131 50
