1774582027361 47.227005779743195 0
1774582028296 46.17291349172592 1
1774582029183 45.631055772304535 2
1774582029945 44.770340621471405 3
1774582030706 43.86326688528061 4
1774582031472 42.72929126024246 5
1774582032241 41.23419952392578 6
1774582033015 39.14503937959671 7
1774582033796 37.32611629366875 8
1774582034595 35.91008302569389 9
1774582035447 33.79587063193321 10
1774582036218 32.39694207906723 11
1774582037041 30.714402079582214 12
1774582037809 28.950073808431625 13
1774582038633 27.52196791768074 14
1774582039564 25.61600747704506 15
1774582040350 24.45523300766945 16
1774582041328 22.680214017629623 17
1774582042121 21.743711844086647 18
1774582042942 20.67027121782303 19
1774582043754 19.366693079471588 20
1774582044557 17.351830452680588 21
1774582045371 17.6557165235281 22
1774582046281 16.09831264615059 23
1774582047058 14.782264485955238 24
1774582047928 13.796051621437073 25
1774582048715 12.788989663124084 26
1774582049495 11.985298551619053 27
1774582050290 11.496535934507847 28
1774582051067 10.395792059600353 29
1774582052011 9.039741054177284 30
1774582052832 9.441572330892086 31
1774582053635 8.573001645505428 32
1774582054411 8.148612804710865 33
1774582055373 7.923981249332428 34
1774582056139 7.28672706335783 35
1774582056897 6.911393605172634 36
1774582057655 6.586480092257261 37
1774582058417 5.94085580855608 38
1774582059178 5.514710638672113 39
1774582059937 5.478641213849187 40
1774582060699 5.300135441124439 41
1774582061463 5.290878944098949 42
1774582062226 4.967497806996107 43
1774582063201 4.868776898831129 44
1774582063979 4.554051194339991 45
1774582064776 4.282937897369266 46
1774582065608 4.090148810297251 47
1774582066393 4.087793918326497 48
1774582067282 3.5877018570899963 49
1774582068076 3.266785128042102 50
