1774575094900 0.06444110001368177 0
1774575097029 0.1219045012997674 1
1774575099438 0.22458612669311806 2
1774575101616 0.3406074702421672 3
1774575103781 0.4460254480777124 4
1774575106146 0.5363934874811875 5
1774575108495 0.6087700095772336 6
1774575110680 0.6641127377206184 7
1774575113029 0.7141879874127788 8
1774575115216 0.7505130660829115 9
1774575117368 0.786427691886715 10
1774575119792 0.8106444110001368 11
1774575121973 0.8320563688603092 12
1774575124292 0.8511424271446162 13
1774575126683 0.8687919003967711 14
1774575128833 0.883910247639896 15
1774575130977 0.8961554248187167 16
1774575133301 0.9048433438226844 17
1774575135428 0.9141469421261459 18
1774575137608 0.9229032699411684 19
1774575139793 0.9323436858667397 20
1774575142287 0.9377479819400739 21
1774575144453 0.9446572718566151 22
1774575146803 0.9489670269530716 23
1774575148944 0.9535504172937475 24
1774575151108 0.9561499521138322 25
1774575153281 0.9591599398002463 26
1774575155604 0.9634696948967026 27
1774575157942 0.9642221918183062 28
1774575160158 0.9692844438363661 29
1774575162519 0.9707210288685183 30
1774575164697 0.971405116979067 31
1774575166866 0.9742098782323163 32
1774575169223 0.9748255575318101 33
1774575171363 0.975851689697633 34
1774575173520 0.9760569161307976 35
1774575176034 0.9790669038172116 36
1774575178215 0.9794773566835409 37
1774575180408 0.9807771240935833 38
1774575182765 0.9810507593378027 39
1774575184961 0.9836502941578875 40
1774575187109 0.9820084826925708 41
1774575189480 0.9835818853468327 42
1774575191820 0.9847448351347654 43
