1774580813463 140.4 0
1774580823471 1096.7 1
1774580833478 1096.7 2
1774580843486 1096.7 3
1774580853493 1096.7 4
1774580863502 1096.7 5
1774580873515 1096.7 6
1774580883522 1096.7 7
1774580893529 1096.7 8
1774580903537 1096.7 9
1774580913546 1096.7 10
1774580923557 1096.7 11
1774580933572 1096.7 12
1774580943580 1096.7 13
1774580953589 1096.7 14
1774580963602 1096.7 15
1774580973609 1096.7 16
1774580983621 1096.7 17
1774580993628 1096.7 18
1774581003640 1096.7 19
1774581013647 1096.7 20
1774581023658 1096.7 21
1774581033666 1096.7 22
1774581043674 1096.7 23
1774581053692 1096.7 24
1774581063700 1096.7 25
1774581073710 1096.7 26
1774581083722 1096.7 27
1774581093730 1096.7 28
1774581103744 1096.7 29
1774581113752 1096.7 30
1774581123766 1096.7 31
1774581133775 1205.8 32
1774581143782 1205.8 33
1774581153795 1205.8 34
1774581163805 1205.8 35
1774581173815 1205.8 36
1774581183824 1205.8 37
1774581193835 1205.8 38
1774581203849 1205.8 39
1774581213857 1205.8 40
1774581223864 1205.8 41
1774581233875 1205.8 42
1774581243884 1205.8 43
1774581253893 1205.8 44
1774581263900 1205.8 45
1774581273914 1205.8 46
1774581283922 1205.8 47
1774581293933 1205.8 48
1774581303941 1205.8 49
1774581313953 1205.8 50
1774581323963 1205.8 51
1774581333971 1205.8 52
1774581343982 1205.8 53
1774581353991 1205.8 54
1774581363999 1205.8 55
1774581374008 1205.8 56
