1768609389257 2.314329197356751 0
1768609393285 1.3766522149106006 1
1768609397388 0.9939122008276986 2
1768609401518 0.791653956983473 3
1768609405598 0.6333556091868794 4
1768609409723 0.5003954049173769 5
1768609413818 0.3942114840020667 6
1768609417925 0.31835473959262556 7
1768609422020 0.26693668273779064 8
1768609426095 0.2180184639625616 9
1768609430186 0.1846072641494391 10
1768609434249 0.15627755245545527 11
1768609438332 0.1410998669746039 12
1768609442427 0.1383249397044415 13
1768609446492 0.11835040000977216 14
1768609450579 0.11144770845979243 15
1768609454685 0.09014592575026559 16
1768609458785 0.09006447516954862 17
1768609462886 0.08615543630781707 18
1768609466993 0.09229951112212001 19
1768609471092 0.07301784754841478 20
