1774574706350 0.50187617260788 0
1774574706539 0.9049405878674172 1
1774574706712 0.9136960600375235 2
1774574706907 0.9224515322076298 3
1774574707103 0.9290181363352095 4
1774574707300 0.9358974358974359 5
1774574707498 0.942151344590369 6
1774574707695 0.9471544715447154 7
1774574707894 0.950281425891182 8
1774574708093 0.9555972482801751 9
1774574708292 0.9596622889305816 10
1774574708492 0.9640400250156348 11
1774574708692 0.9659161976235147 12
1774574708891 0.9684177611006879 13
1774574709092 0.9752970606629143 14
1774574709293 0.9777986241400876 15
1774574709495 0.9809255784865542 16
1774574709698 0.9809255784865542 17
1774574709901 0.9859287054409006 18
1774574710082 0.9874921826141339 19
1774574710265 0.9871794871794872 20
1774574710447 0.9881175734834271 21
1774574710630 0.9896810506566605 22
1774574710813 0.9909318323952471 23
1774574710996 0.9912445278298937 24
1774574711181 0.9928080050031269 25
1774574711366 0.9949968730456535 26
1774574711550 0.9946841776110069 27
1774574711736 0.9953095684803002 28
1774574711922 0.9968730456535334 29
1774574712110 0.9962476547842402 30
1774574712297 0.9971857410881801 31
1774574712485 0.9984365228267668 32
