1773967953324 27.7 0
1773967963331 55.9 1
1773967973337 54.1 2
1773967983349 64.5 3
1773967993363 74.7 4
1773968003371 63.8 5
1773968013379 61.6 6
1773968023397 63.5 7
1773968033407 81.6 8
1773968043438 60.5 9
1773968053452 51.8 10
1773968063459 79.8 11
1773968073467 129.0 12
1773968083475 67.8 13
1773968093491 58.4 14
1773968103500 65.2 15
1773968113508 58.5 16
1773968123515 64.8 17
1773968133523 77.6 18
1773968143530 52.1 19
1773968153537 71.7 20
1773968163545 71.6 21
1773968173562 74.8 22
1773968183574 62.1 23
1773968193581 76.7 24
1773968203588 81.9 25
1773968213604 57.2 26
1773968223618 56.5 27
1773968233625 55.6 28
1773968243633 54.5 29
1773968253641 66.3 30
1773968263648 59.1 31
1773968273658 59.7 32
1773968283667 63.1 33
1773968293681 64.4 34
1773968303688 63.3 35
1773968313696 49.5 36
1773968323704 66.7 37
1773968333717 68.1 38
1773968343724 54.5 39
1773968353735 55.5 40
1773968363747 46.8 41
1773968373754 68.0 42
1773968383772 76.4 43
1773968393780 46.1 44
1773968403792 81.8 45
1773968413800 60.8 46
1773968423814 64.4 47
1773968433831 69.4 48
1773968443840 80.9 49
1773968453860 73.6 50
1773968463882 72.4 51
1773968473895 68.7 52
1773968483903 59.1 53
1773968493911 56.9 54
1773968503919 69.5 55
1773968513927 60.2 56
1773968523935 75.1 57
1773968533950 62.7 58
1773968543958 61.0 59
1773968553965 60.4 60
1773968563973 73.7 61
1773968573981 75.6 62
1773968583989 64.1 63
1773968593996 50.6 64
1773968604004 68.0 65
1773968614013 62.3 66
1773968624042 91.5 67
1773968634053 66.8 68
1773968644075 68.8 69
1773968654097 73.9 70
1773968664105 77.2 71
1773968674113 56.5 72
1773968684131 79.3 73
1773968694145 112.0 74
1773968704154 64.2 75
1773968714162 50.9 76
1773968724173 49.1 77
1773968734197 50.1 78
1773968744206 73.3 79
1773968754215 59.8 80
1773968764223 58.5 81
1773968774236 62.8 82
1773968784245 83.6 83
1773968794264 112.0 84
1773968804273 57.6 85
1773968814282 59.2 86
1773968824290 78.5 87
1773968834299 73.7 88
1773968844308 82.5 89
1773968854340 64.9 90
1773968864349 66.1 91
1773968874362 90.3 92
1773968884377 106.3 93
1773968894387 68.5 94
1773968904396 81.5 95
1773968914405 51.8 96
1773968924420 64.2 97
1773968934432 67.1 98
1773968944446 74.9 99
1773968954457 68.0 100
1773968964466 61.6 101
1773968974476 68.6 102
1773968984485 60.3 103
1773968994499 49.1 104
1773969004511 55.0 105
1773969014524 51.6 106
1773969024545 52.5 107
1773969034554 68.3 108
1773969044566 52.4 109
1773969054581 79.1 110
1773969064590 51.8 111
1773969074609 52.8 112
1773969084631 61.3 113
1773969094640 61.0 114
1773969104655 60.0 115
1773969114665 81.9 116
1773969124680 66.7 117
1773969134711 81.3 118
1773969144727 66.8 119
1773969154737 71.1 120
1773969164746 64.7 121
1773969174761 65.7 122
1773969184771 64.1 123
1773969194782 105.0 124
1773969204801 111.3 125
1773969214811 56.9 126
1773969224821 68.8 127
1773969234833 115.7 128
1773969244852 131.6 129
1773969254867 76.2 130
1773969264889 110.3 131
1773969274899 66.4 132
1773969284922 55.7 133
