1773967953324 4.0 0
1773967963331 52.2 1
1773967973337 52.2 2
1773967983349 52.2 3
1773967993363 52.2 4
1773968003371 52.2 5
1773968013379 52.2 6
1773968023397 52.2 7
1773968033407 52.2 8
1773968043438 52.2 9
1773968053452 52.2 10
1773968063459 52.2 11
1773968073467 52.2 12
1773968083475 52.2 13
1773968093491 52.7 14
1773968103500 52.7 15
1773968113508 52.7 16
1773968123515 52.7 17
1773968133523 52.7 18
1773968143530 52.7 19
1773968153537 52.7 20
1773968163545 52.7 21
1773968173562 52.7 22
1773968183574 52.7 23
1773968193581 52.7 24
1773968203588 52.7 25
1773968213604 52.7 26
1773968223618 52.7 27
1773968233625 52.7 28
1773968243633 52.7 29
1773968253641 51.9 30
1773968263648 51.9 31
1773968273658 51.9 32
1773968283667 51.9 33
1773968293681 51.9 34
1773968303688 51.9 35
1773968313696 51.9 36
1773968323704 51.9 37
1773968333717 51.9 38
1773968343724 51.9 39
1773968353735 51.9 40
1773968363747 51.9 41
1773968373754 51.9 42
1773968383772 51.9 43
1773968393780 52.4 44
1773968403792 52.4 45
1773968413800 52.4 46
1773968423814 52.4 47
1773968433831 52.4 48
1773968443840 52.4 49
1773968453860 52.4 50
1773968463882 52.4 51
1773968473895 52.4 52
1773968483903 52.4 53
1773968493911 52.4 54
1773968503919 52.4 55
1773968513927 52.4 56
1773968523935 52.4 57
1773968533950 52.4 58
1773968543958 52.4 59
1773968553965 51.9 60
1773968563973 51.9 61
1773968573981 51.9 62
1773968583989 51.9 63
1773968593996 51.9 64
1773968604004 51.9 65
1773968614013 51.9 66
1773968624042 51.9 67
1773968634053 51.9 68
1773968644075 51.9 69
1773968654097 51.9 70
1773968664105 51.9 71
1773968674113 51.9 72
1773968684131 51.9 73
1773968694145 52.4 74
1773968704154 52.4 75
1773968714162 52.4 76
1773968724173 52.4 77
1773968734197 52.4 78
1773968744206 52.4 79
1773968754215 52.4 80
1773968764223 52.4 81
1773968774236 52.4 82
1773968784245 52.4 83
1773968794264 52.4 84
1773968804273 52.4 85
1773968814282 52.4 86
1773968824290 52.4 87
1773968834299 52.4 88
1773968844308 52.4 89
1773968854340 51.9 90
1773968864349 51.9 91
1773968874362 51.9 92
1773968884377 51.9 93
1773968894387 51.9 94
1773968904396 51.9 95
1773968914405 51.9 96
1773968924420 51.9 97
1773968934432 51.9 98
1773968944446 51.9 99
1773968954457 51.9 100
1773968964466 51.9 101
1773968974476 51.9 102
1773968984485 51.9 103
1773968994499 52.4 104
1773969004511 52.4 105
1773969014524 52.4 106
1773969024545 52.4 107
1773969034554 52.4 108
1773969044566 52.4 109
1773969054581 52.4 110
1773969064590 52.4 111
1773969074609 52.4 112
1773969084631 52.4 113
1773969094640 52.4 114
1773969104655 52.4 115
1773969114665 52.4 116
1773969124680 52.4 117
1773969134711 52.4 118
1773969144727 52.4 119
1773969154737 51.9 120
1773969164746 51.9 121
1773969174761 51.9 122
1773969184771 51.9 123
1773969194782 51.9 124
1773969204801 51.9 125
1773969214811 51.9 126
1773969224821 51.9 127
1773969234833 51.9 128
1773969244852 51.9 129
1773969254867 51.9 130
1773969264889 51.9 131
1773969274899 51.9 132
1773969284922 51.9 133
