1773967953324 25.2 0
1773967963331 28.2 1
1773967973337 28.3 2
1773967983349 28.3 3
1773967993363 28.7 4
1773968003371 28.8 5
1773968013379 28.8 6
1773968023397 29.0 7
1773968033407 29.8 8
1773968043438 28.8 9
1773968053452 31.1 10
1773968063459 28.8 11
1773968073467 28.8 12
1773968083475 28.8 13
1773968093491 28.8 14
1773968103500 28.9 15
1773968113508 29.1 16
1773968123515 28.8 17
1773968133523 28.9 18
1773968143530 28.8 19
1773968153537 28.9 20
1773968163545 29.4 21
1773968173562 28.9 22
1773968183574 28.8 23
1773968193581 28.9 24
1773968203588 28.9 25
1773968213604 28.9 26
1773968223618 28.9 27
1773968233625 28.9 28
1773968243633 28.9 29
1773968253641 28.9 30
1773968263648 30.8 31
1773968273658 28.9 32
1773968283667 28.9 33
1773968293681 28.9 34
1773968303688 28.9 35
1773968313696 29.0 36
1773968323704 29.0 37
1773968333717 28.9 38
1773968343724 29.0 39
1773968353735 29.0 40
1773968363747 29.1 41
1773968373754 29.0 42
1773968383772 29.1 43
1773968393780 30.3 44
1773968403792 29.1 45
1773968413800 29.1 46
1773968423814 29.1 47
1773968433831 29.1 48
1773968443840 29.1 49
1773968453860 29.0 50
1773968463882 29.2 51
1773968473895 29.1 52
1773968483903 29.1 53
1773968493911 28.7 54
1773968503919 28.8 55
1773968513927 28.7 56
1773968523935 29.5 57
1773968533950 28.8 58
1773968543958 28.8 59
1773968553965 28.8 60
1773968563973 28.8 61
1773968573981 28.8 62
1773968583989 28.8 63
1773968593996 28.8 64
1773968604004 28.8 65
1773968614013 28.8 66
1773968624042 29.6 67
1773968634053 28.9 68
1773968644075 28.9 69
1773968654097 29.0 70
1773968664105 28.8 71
1773968674113 28.8 72
1773968684131 28.8 73
1773968694145 28.8 74
1773968704154 28.9 75
1773968714162 28.9 76
1773968724173 28.8 77
1773968734197 28.9 78
1773968744206 28.8 79
1773968754215 30.3 80
1773968764223 28.9 81
1773968774236 28.9 82
1773968784245 28.9 83
1773968794264 28.9 84
1773968804273 28.9 85
1773968814282 29.0 86
1773968824290 28.9 87
1773968834299 29.0 88
1773968844308 29.0 89
1773968854340 29.0 90
1773968864349 29.3 91
1773968874362 29.0 92
1773968884377 30.1 93
1773968894387 29.2 94
1773968904396 29.0 95
1773968914405 29.0 96
1773968924420 29.3 97
1773968934432 29.1 98
1773968944446 29.0 99
1773968954457 29.3 100
1773968964466 29.1 101
1773968974476 29.1 102
1773968984485 29.0 103
1773968994499 29.1 104
1773969004511 29.1 105
1773969014524 29.7 106
1773969024545 29.1 107
1773969034554 29.1 108
1773969044566 29.1 109
1773969054581 29.1 110
1773969064590 29.1 111
1773969074609 29.1 112
1773969084631 29.1 113
1773969094640 29.2 114
1773969104655 29.2 115
1773969114665 30.8 116
1773969124680 29.2 117
1773969134711 29.2 118
1773969144727 29.2 119
1773969154737 29.2 120
1773969164746 29.1 121
1773969174761 29.1 122
1773969184771 29.2 123
1773969194782 29.2 124
1773969204801 29.3 125
1773969214811 29.2 126
1773969224821 29.2 127
1773969234833 29.2 128
1773969244852 30.6 129
1773969254867 29.2 130
1773969264889 29.2 131
1773969274899 29.2 132
1773969284922 29.3 133
