1774218070783 0.0 0
1774218080792 19.6 1
1774218090811 13.6 2
1774218100823 11.4 3
1774218110831 18.3 4
1774218120841 13.8 5
1774218130848 11.6 6
1774218140855 13.9 7
1774218150867 18.0 8
1774218160875 12.1 9
1774218170882 14.4 10
1774218180889 18.4 11
1774218190910 11.7 12
1774218200917 14.5 13
1774218210929 18.3 14
1774218220938 11.5 15
1774218230948 13.5 16
1774218240956 16.1 17
1774218250966 14.9 18
1774218260974 12.4 19
1774218270982 14.8 20
1774218280989 16.3 21
1774218291002 12.9 22
1774218301010 15.1 23
1774218311018 16.3 24
1774218321027 12.6 25
1774218331035 14.4 26
1774218341046 16.0 27
1774218351061 12.7 28
1774218361069 14.1 29
1774218371077 12.3 30
1774218381090 17.9 31
1774218391103 14.1 32
1774218401116 12.2 33
1774218411126 16.7 34
1774218421135 14.0 35
1774218431149 14.0 36
1774218441167 17.0 37
1774218451175 14.4 38
1774218461184 13.5 39
1774218471195 13.5 40
1774218481212 16.9 41
1774218491220 13.2 42
1774218501231 12.1 43
1774218511242 18.9 44
1774218521254 13.3 45
1774218531263 11.7 46
1774218541271 19.0 47
1774218551287 13.4 48
1774218561304 11.4 49
1774218571315 17.9 50
1774218581330 14.6 51
1774218591344 11.4 52
1774218601363 12.2 53
1774218611372 20.0 54
1774218621381 11.5 55
1774218631390 12.5 56
1774218641398 19.8 57
1774218651409 11.2 58
1774218661418 12.7 59
1774218671426 19.9 60
1774218681435 11.8 61
