1774193507716 0.0 0
1774193517731 13.6 1
1774193527745 11.4 2
1774193537753 18.5 3
1774193547763 13.5 4
1774193557771 11.3 5
1774193567779 12.3 6
1774193577788 18.6 7
1774193587800 11.3 8
1774193597807 12.5 9
1774193607814 19.4 10
1774193617821 11.3 11
1774193627828 12.4 12
1774193637837 18.9 13
1774193647845 11.3 14
1774193657852 12.1 15
1774193667862 17.5 16
1774193677874 13.1 17
1774193687882 11.9 18
1774193697889 14.3 19
1774193707906 16.2 20
1774193717915 12.3 21
1774193727930 14.4 22
1774193737937 15.9 23
1774193747944 12.5 24
1774193757952 14.7 25
1774193767961 16.1 26
1774193777971 11.6 27
1774193787985 14.7 28
1774193797995 12.2 29
1774193808010 15.3 30
1774193818017 14.5 31
1774193828026 11.7 32
1774193838037 16.8 33
