1774193507716 21.8 0
1774193517731 53.8 1
1774193527745 49.3 2
1774193537753 64.6 3
1774193547763 47.7 4
1774193557771 50.0 5
1774193567779 49.8 6
1774193577788 54.9 7
1774193587800 74.6 8
1774193597807 55.7 9
1774193607814 57.9 10
1774193617821 68.2 11
1774193627828 76.6 12
1774193637837 62.8 13
1774193647845 69.9 14
1774193657852 49.3 15
1774193667862 52.9 16
1774193677874 78.4 17
1774193687882 63.9 18
1774193697889 48.8 19
1774193707906 54.5 20
1774193717915 46.8 21
1774193727930 51.4 22
1774193737937 73.4 23
1774193747944 57.4 24
1774193757952 53.6 25
1774193767961 72.6 26
1774193777971 75.2 27
1774193787985 42.7 28
1774193797995 46.4 29
1774193808010 61.9 30
1774193818017 51.1 31
1774193828026 50.5 32
1774193838037 65.9 33
