1774193507716 0.0 0
1774193517731 79.0 1
1774193527745 79.0 2
1774193537753 73.0 3
1774193547763 79.0 4
1774193557771 79.0 5
1774193567779 72.0 6
1774193577788 79.0 7
1774193587800 79.0 8
1774193597807 79.0 9
1774193607814 80.0 10
1774193617821 78.0 11
1774193627828 63.0 12
1774193637837 77.0 13
1774193647845 78.0 14
1774193657852 77.0 15
1774193667862 76.0 16
1774193677874 77.0 17
1774193687882 76.0 18
1774193697889 78.0 19
1774193707906 80.0 20
1774193717915 79.0 21
1774193727930 79.0 22
1774193737937 79.0 23
1774193747944 64.0 24
1774193757952 77.0 25
1774193767961 80.0 26
1774193777971 80.0 27
1774193787985 78.0 28
1774193797995 77.0 29
1774193808010 81.0 30
1774193818017 78.0 31
1774193828026 77.0 32
1774193838037 78.0 33
