1767556790791 3.257242202758789 0
1767556814456 1.8571276664733887 1
1767556839494 1.7015937566757202 2
1767556865205 1.6056983470916748 3
1767556891363 1.5513020753860474 4
1767556917494 1.4679368734359741 5
1767556943521 1.4129008054733276 6
1767556970082 1.3801796436309814 7
1767556995532 1.3393126726150513 8
1767557020975 1.3008365631103516 9
1767557047006 1.2640745639801025 10
1767557072310 1.2348123788833618 11
1767557097939 1.2036283016204834 12
1767557123881 1.1788960695266724 13
1767557150012 1.142098307609558 14
1767557175388 1.111910343170166 15
1767557200904 1.0923429727554321 16
1767557226597 1.0750783681869507 17
1767557251819 1.0491689443588257 18
1767557275766 1.028433918952942 19
1767557298744 1.0048705339431763 20
1767557321397 0.9785462021827698 21
1767557344131 0.9620357751846313 22
1767557367151 0.936499834060669 23
1767557389889 0.920924961566925 24
1767557412554 0.9036505818367004 25
1767557435445 0.8837373852729797 26
1767557458177 0.8676404356956482 27
1767557480963 0.853489875793457 28
1767557503720 0.8298569917678833 29
1767557526598 0.8165555596351624 30
1767557549383 0.7946158647537231 31
1767557575574 0.7780563831329346 32
1767557601059 0.7592552900314331 33
1767557626389 0.7443521618843079 34
1767557652031 0.7277214527130127 35
1767557677496 0.7094283103942871 36
1767557702948 0.6903930902481079 37
1767557728349 0.6789088845252991 38
1767557753866 0.6599209308624268 39
1767557779176 0.6472235918045044 40
1767557804745 0.6323632597923279 41
1767557830449 0.6153764724731445 42
1767557855881 0.6054480075836182 43
1767557881693 0.585122287273407 44
1767557907076 0.5717886686325073 45
1767557932619 0.5579566955566406 46
1767557956428 0.5422940850257874 47
1767557981798 0.5310022830963135 48
1767558007741 0.5153266787528992 49
1767558033430 0.501110315322876 50
1767558058988 0.49010610580444336 51
1767558084624 0.4777642786502838 52
1767558109979 0.46353843808174133 53
1767558135440 0.4475557506084442 54
1767558160899 0.44155195355415344 55
