1767556790796 0.05102120666718835 0
1767556814462 0.6941075201502465 1
1767556839501 0.7178182956412865 2
1767556865211 0.7282259957743172 3
1767556891369 0.7406682839032788 4
1767556917500 0.7572580014085609 5
1767556943527 0.7601533766335394 6
1767556970089 0.7635182721652711 7
1767556995539 0.7715783707645356 8
1767557020982 0.7791689490570467 9
1767557047012 0.7805775099773066 10
1767557072317 0.7819078175131075 11
1767557097946 0.7843336724313327 12
1767557123888 0.7880898348853588 13
1767557150018 0.7959934267157055 14
1767557175395 0.7984975350183895 15
1767557200910 0.798262774865013 16
1767557226604 0.8033492448548399 17
1767557251826 0.8063228734642773 18
1767557275772 0.8096095156115501 19
1767557298752 0.8115658502230222 20
1767557321404 0.8185304014398622 21
1767557344138 0.8225213240472651 22
1767557367157 0.82706002034588 23
1767557389896 0.8297988888019406 24
1767557412561 0.8312074497222005 25
1767557435452 0.8331637843336724 26
1767557458184 0.8384067610924173 27
1767557480970 0.8425541904687378 28
1767557503727 0.8399718287815948 29
1767557526605 0.8427889506221145 30
1767557549394 0.8495969950700368 31
1767557575582 0.8506142890680022 32
1767557601067 0.8574223335159246 33
1767557626397 0.8605524688942797 34
1767557652039 0.8606307222787386 35
1767557677504 0.8629783238125049 36
1767557702956 0.8684560607246263 37
1767557728357 0.8703341419516394 38
1767557753874 0.8711949291806871 39
1767557779184 0.8772986931684795 40
1767557804753 0.8806635887002113 41
1767557830458 0.8846545113076141 42
1767557855890 0.8868456060724627 43
1767557881701 0.8938101572893028 44
1767557907084 0.8934188903670084 45
1767557932628 0.8938884106737617 46
1767557956437 0.9009312152750606 47
1767557981809 0.9024180295797793 48
1767558007750 0.9071914860317709 49
1767558033439 0.9070349792628531 50
1767558058997 0.9105563815635026 51
1767558084633 0.9139212770952344 52
1767558109988 0.9177556929337194 53
1767558135449 0.92119884184991 54
1767558160908 0.9211205884654511 55
