1774704260300 0.0 0
1774704270310 10.6 1
1774704280325 16.3 2
1774704290340 14.8 3
1774704300349 10.3 4
1774704310358 13.5 5
1774704320365 15.6 6
1774704330372 10.1 7
1774704340380 12.4 8
1774704350387 17.0 9
1774704360401 10.4 10
1774704370409 12.4 11
1774704380416 14.5 12
1774704390423 13.8 13
1774704400430 12.0 14
1774704410443 13.1 15
1774704420457 14.7 16
1774704430466 11.5 17
1774704440474 13.8 18
1774704450482 14.7 19
1774704460490 11.3 20
1774704470504 13.6 21
1774704480512 14.5 22
1774704490522 10.6 23
1774704500530 14.0 24
1774704510544 11.0 25
1774704520552 13.9 26
1774704530560 14.3 27
1774704540578 10.0 28
1774704550589 14.5 29
1774704560602 14.6 30
1774704570610 10.0 31
1774704580618 14.7 32
1774704590629 14.6 33
1774704600653 10.2 34
1774704610662 14.7 35
1774704620681 14.8 36
1774704630690 10.4 37
1774704640697 10.3 38
1774704650714 18.8 39
1774704660723 10.1 40
1774704670736 10.2 41
1774704680749 19.3 42
1774704690764 10.6 43
1774704700785 10.4 44
1774704710795 19.6 45
1774704720803 10.1 46
1774704730815 10.4 47
1774704740826 16.7 48
1774704750839 13.6 49
1774704760848 10.4 50
1774704770859 12.4 51
1774704780869 16.8 52
1774704790884 10.0 53
1774704800896 12.0 54
1774704810907 17.0 55
1774704820916 10.5 56
1774704830926 11.6 57
1774704840935 17.6 58
1774704850943 10.3 59
1774704860951 11.6 60
1774704870963 15.7 61
