1774704260300 140.4 0
1774704270310 1015.0 1
1774704280325 1015.0 2
1774704290340 1015.0 3
1774704300349 1015.0 4
1774704310358 1015.0 5
1774704320365 1015.0 6
1774704330372 1015.0 7
1774704340380 1015.0 8
1774704350387 1015.0 9
1774704360401 1015.0 10
1774704370409 1015.0 11
1774704380416 1015.0 12
1774704390423 1015.0 13
1774704400430 1015.0 14
1774704410443 1015.0 15
1774704420457 1015.0 16
1774704430466 1015.0 17
1774704440474 1015.0 18
1774704450482 1015.0 19
1774704460490 1015.0 20
1774704470504 1015.0 21
1774704480512 1015.0 22
1774704490522 1015.0 23
1774704500530 1015.0 24
1774704510544 1015.0 25
1774704520552 1015.0 26
1774704530560 1015.0 27
1774704540578 1015.0 28
1774704550589 1015.0 29
1774704560602 1015.0 30
1774704570610 1015.0 31
1774704580618 1015.0 32
1774704590629 1015.0 33
1774704600653 1015.0 34
1774704610662 1015.0 35
1774704620681 1015.0 36
1774704630690 1015.0 37
1774704640697 1015.0 38
1774704650714 1015.0 39
1774704660723 1015.0 40
1774704670736 1015.0 41
1774704680749 1015.0 42
1774704690764 1015.0 43
1774704700785 1015.0 44
1774704710795 1015.0 45
1774704720803 1015.0 46
1774704730815 1015.0 47
1774704740826 1015.0 48
1774704750839 1015.0 49
1774704760848 1015.0 50
1774704770859 1015.0 51
1774704780869 1015.0 52
1774704790884 1015.0 53
1774704800896 1015.0 54
1774704810907 1015.0 55
1774704820916 1015.0 56
1774704830926 1015.0 57
1774704840935 1015.0 58
1774704850943 1015.0 59
1774704860951 1015.0 60
1774704870963 1015.0 61
1774704880977 1015.0 62
1774704890990 1015.0 63
1774704901004 1015.0 64
1774704911013 1015.0 65
1774704921028 1015.0 66
1774704931037 1015.0 67
1774704941052 1015.0 68
1774704951068 1015.0 69
1774704961077 1015.0 70
1774704971090 1015.0 71
1774704981114 1015.0 72
1774704991125 1015.0 73
1774705001142 1015.0 74
1774705011152 1015.0 75
