1773959471867 0.49941217963790263 0
1773959471992 0.7901481307312486 1
1773959472107 0.8051963320009405 2
1773959472222 0.814601457794498 3
1773959472336 0.8211850458499882 4
1773959472451 0.8271808135433811 5
1773959472566 0.8323536327298378 6
1773959472686 0.8382318363508112 7
1773959472819 0.8441100399717846 8
1773959472950 0.8488126028685634 9
1773959473081 0.8524570891135669 10
1773959473213 0.8561015753585705 11
1773959473344 0.8555137549964731 12
1773959473476 0.8609217023277687 13
1773959473593 0.8656242652245474 14
1773959473710 0.8684458029626146 15
1773959473829 0.8722078532800376 16
1773959473947 0.8736186221490713 17
1773959474066 0.8764401598871385 18
1773959474185 0.8803197742769809 19
1773959474304 0.880084646132142 20
1773959474424 0.8819656712908536 21
1773959474545 0.8867857982600518 22
1773959474666 0.8903127204326358 23
1773959474787 0.8896073359981189 24
1773959474909 0.893369386315542 25
1773959475032 0.893134258170703 26
1773959475155 0.897131436632965 27
