1774585148785 1.133995676241941 0
1774585149458 0.7008706107595848 1
1774585149940 0.6945209928122515 2
1774585150589 0.6778944221938529 3
1774585151059 0.6572248325115297 4
1774585151526 0.6347727869509756 5
1774585152178 0.6063596455285966 6
1774585152680 0.5786168528318852 7
1774585153330 0.5577230928762769 8
1774585153824 0.5239487146123489 9
1774585154311 0.4990722836741363 10
1774585154969 0.4823071244845471 11
1774585155461 0.45279641743001525 12
1774585155941 0.4176576702277164 13
1774585156589 0.39219126295417156 14
1774585157248 0.36216085316092617 15
1774585157775 0.32841346612790734 16
1774585158432 0.2970187609795111 17
1774585158946 0.2622699487611903 18
1774585159457 0.22277403053937664 19
1774585160131 0.1913489732912289 20
1774585160648 0.16556085805508253 21
1774585161174 0.1458219780148082 22
1774585161850 0.1256988178833788 23
1774585162370 0.11237590825691902 24
1774585162874 0.10361571531693886 25
1774585163555 0.08912889739082633 26
1774585164072 0.08034689355410957 27
1774585164589 0.06924642562362983 28
1774585165411 0.06562594708062247 29
1774585165946 0.061640491474971984 30
1774585166461 0.05644077978203489 31
1774585167145 0.049252105600726535 32
1774585167658 0.03942687707074252 33
1774585168171 0.03924524399677316 34
1774585168841 0.0413600798367783 35
1774585169359 0.03521839566319118 36
1774585169891 0.03125512625805432 37
1774585170580 0.034025294915904024 38
1774585171117 0.03060692964614444 39
1774585171657 0.02943070009210991 40
