1774213590289 34.4738849401474 0
1774213590728 29.74275702238083 1
1774213591141 28.086886703968048 2
1774213591555 26.898408323526382 3
1774213592012 25.553199738264084 4
1774213592430 24.059651404619217 5
1774213592845 22.302711218595505 6
1774213593271 19.369498416781425 7
1774213593691 16.894494771957397 8
1774213594149 14.368241243064404 9
1774213594577 11.69047324359417 10
1774213594999 9.936396105214953 11
1774213595415 8.333590682595968 12
1774213595831 6.672492455691099 13
1774213596252 6.532867919653654 14
1774213596671 4.417894251644611 15
1774213597114 5.9090830478817225 16
1774213597533 3.438695151358843 17
1774213597952 2.7439169073477387 18
1774213598370 3.291524847969413 19
