1774197088956 0.0 0
1774197098964 14.1 1
1774197108973 16.4 2
1774197118981 11.5 3
1774197128988 13.2 4
1774197138997 16.3 5
1774197149007 12.1 6
1774197159022 13.5 7
1774197169039 16.5 8
1774197179047 11.6 9
1774197189064 12.9 10
1774197199080 12.9 11
1774197209092 16.0 12
1774197219101 13.9 13
1774197229112 12.8 14
1774197239121 15.8 15
1774197249131 13.1 16
1774197259146 12.6 17
1774197269155 15.5 18
1774197279163 13.5 19
1774197289173 12.5 20
1774197299184 14.5 21
1774197309192 14.0 22
1774197319202 12.6 23
1774197329216 11.4 24
1774197339225 17.7 25
1774197349233 14.3 26
1774197359246 11.4 27
1774197369257 16.9 28
1774197379267 14.5 29
1774197389276 11.4 30
1774197399286 17.0 31
1774197409297 14.4 32
1774197419311 10.9 33
1774197429319 14.2 34
1774197439329 16.8 35
1774197449337 11.4 36
