1774197088956 5.7 0
1774197098964 109.4 1
1774197108973 76.1 2
1774197118981 72.8 3
1774197128988 78.4 4
1774197138997 72.4 5
1774197149007 66.6 6
1774197159022 70.3 7
1774197169039 88.5 8
1774197179047 82.1 9
1774197189064 65.9 10
1774197199080 117.4 11
1774197209092 75.5 12
1774197219101 107.1 13
1774197229112 74.1 14
1774197239121 65.3 15
1774197249131 78.4 16
1774197259146 111.8 17
1774197269155 93.1 18
1774197279163 79.0 19
1774197289173 81.7 20
1774197299184 117.3 21
1774197309192 62.5 22
1774197319202 63.7 23
1774197329216 78.2 24
1774197339225 105.1 25
1774197349233 110.2 26
1774197359246 95.0 27
1774197369257 80.8 28
1774197379267 90.6 29
1774197389276 76.9 30
1774197399286 81.0 31
1774197409297 71.9 32
1774197419311 87.4 33
1774197429319 83.7 34
1774197439329 108.4 35
1774197449337 64.0 36
