1774197088956 5519.2 0
1774197098964 6122.1 1
1774197108973 6138.5 2
1774197118981 6149.5 3
1774197128988 6142.2 4
1774197138997 6151.1 5
1774197149007 6148.9 6
1774197159022 6202.2 7
1774197169039 6457.9 8
1774197179047 6177.7 9
1774197189064 6170.5 10
1774197199080 6177.2 11
1774197209092 6234.1 12
1774197219101 6181.9 13
1774197229112 6196.5 14
1774197239121 6201.2 15
1774197249131 6183.6 16
1774197259146 6191.8 17
1774197269155 6179.9 18
1774197279163 6197.7 19
1774197289173 6205.7 20
1774197299184 6463.9 21
1774197309192 6187.3 22
1774197319202 6200.3 23
1774197329216 6135.6 24
1774197339225 6209.8 25
1774197349233 6165.1 26
1774197359246 6167.2 27
1774197369257 6052.0 28
1774197379267 6063.6 29
1774197389276 6052.0 30
1774197399286 6071.4 31
1774197409297 6090.1 32
1774197419311 6082.1 33
1774197429319 6242.3 34
1774197439329 6057.4 35
1774197449337 6053.1 36
