1774367574194 0.20967300588315774 0
1774367624142 0.43631139690792176 1
1774367675831 0.5205226433164591 2
1774367728020 0.5676563141332603 3
1774367780010 0.5913941715692981 4
1774367831779 0.6203995074565604 5
1774367883765 0.6338760432343686 6
1774367936032 0.642700779860446 7
1774367986195 0.6531673279518402 8
1774368037915 0.6684224928170749 9
1774368088344 0.6830619783828157 10
1774368139632 0.6868928718018881 11
1774368193063 0.6833356136270352 12
1774368243305 0.690450129976741 13
1774368293388 0.7067314270077986 14
1774368344373 0.7124777671364072 15
1774368396154 0.7069366534409632 16
1774368447368 0.710562320426871 17
1774368498024 0.7165138869886442 18
1774368548820 0.72109727732932 19
1774368600405 0.7208920508961554 20
1774368649840 0.7262963469694896 21
1774368702558 0.7292379258448488 22
1774368752012 0.7403201532357367 23
1774368805373 0.7374469831714325 24
1774368856925 0.7111779997263648 25
1774368909699 0.726638391024764 26
1774368961537 0.7409358325352305 27
1774369014396 0.749760569161308 28
1774369067627 0.7500342044055275 29
1774369117416 0.752223286359283 30
1774369168534 0.7549596388014777 31
1774369221152 0.7607059789300862 32
1774369273936 0.7625530168285675 33
1774369325402 0.7661102750034204 34
1774369377092 0.771377753454645 35
1774369427941 0.7697359419893283 36
1774369482595 0.7711041182104255 37
1774369532811 0.7771925023943084 38
1774369582442 0.7778081816938022 39
1774369635725 0.7765768230948146 40
1774369687150 0.7851963332877274 41
1774369736846 0.7700095772335477 42
1774369787722 0.769325489122999 43
1774369838877 0.784922698043508 44
1774369889991 0.771377753454645 45
1774369950439 0.7890956355178547 46
1774370002844 0.7851963332877274 47
1774370054915 0.7973731016554932 48
1774370105883 0.8037351210835956 49
1774370156469 0.7851279244766726 50
1774370207306 0.7826652072786975 51
1774370257250 0.7778081816938022 52
1774370309362 0.774866602818443 53
1774370361127 0.7922424408263784 54
1774370410452 0.7924476672595431 55
1774370462134 0.801477630318785 56
