1774703669315 0.06896551724137931 0
1774703671512 0.1297208538587849 1
1774703673690 0.1959496442255063 2
1774703675890 0.2326217843459223 3
1774703678090 0.2950191570881226 4
1774703680273 0.3459222769567597 5
1774703682459 0.3793103448275862 6
1774703684639 0.4269293924466338 7
1774703686854 0.46250684181718665 8
1774703689008 0.4838533114395183 9
1774703691245 0.511767925561029 10
1774703693383 0.5172413793103449 11
1774703695555 0.50519978106185 12
1774703697733 0.5320197044334976 13
1774703699912 0.5829228243021346 14
1774703702097 0.5818281335522715 15
1774703704328 0.5856595511767926 16
1774703706541 0.6141215106732348 17
1774703708689 0.5949644225506294 18
1774703710907 0.6108374384236454 19
1774703713077 0.6272577996715928 20
1774703715275 0.6469622331691297 21
1774703717483 0.6513409961685823 22
1774703719705 0.6431308155446086 23
1774703721861 0.655719759168035 24
1774703724077 0.6787082649151615 25
1774703726268 0.6683087027914614 26
1774703728403 0.6491516146688561 27
1774703730609 0.6781609195402298 28
1774703732820 0.7049808429118773 29
1774703735029 0.6896551724137931 30
1774703737231 0.7000547345374931 31
1774703739452 0.6995073891625616 32
1774703741674 0.7104542966611932 33
1774703743842 0.7197591680350302 34
1774703745969 0.7400109469074986 35
1774703748156 0.7449370552818829 36
1774703750288 0.7361795292829776 37
1774703752512 0.7416529830322933 38
1774703754710 0.7394636015325671 39
1774703756903 0.7690202517788725 40
1774703759077 0.7662835249042146 41
1774703761279 0.776135741652983 42
1774703763478 0.7783251231527094 43
1774703765665 0.7690202517788725 44
1774703767862 0.7635467980295566 45
1774703770048 0.7723043240284619 46
1774703772204 0.7931034482758621 47
1774703774421 0.7733990147783252 48
1774703776626 0.7941981390257252 49
1774703778795 0.7706622879036672 50
1774703780928 0.7766830870279147 51
1774703783147 0.8056923918992884 52
1774703785385 0.7865353037766831 53
1774703787581 0.8100711548987412 54
1774703789818 0.8018609742747673 55
1774703792036 0.8051450465243569 56
1774703794277 0.8029556650246306 57
1774703796509 0.8144499178981938 58
1774703798732 0.825944170771757 59
1774703800963 0.819376026272578 60
1774703803110 0.8188286808976464 61
1774703805329 0.8341543513957307 62
1774703807528 0.8155446086480569 63
1774703809722 0.8385331143951834 64
1774703811956 0.8407224958949097 65
1774703814183 0.849480021893815 66
1774703816406 0.8511220580186097 67
1774703818598 0.8659003831417624 68
1774703820723 0.8418171866447729 69
1774703822949 0.8527640941434045 70
1774703825082 0.8598795840175151 71
1774703827276 0.8708264915161467 72
1774703829446 0.8686371100164204 73
1774703831645 0.8653530377668309 74
