1774364687984 0.05110138185798331 0
1774364688982 0.7142563962238336 1
1774364689947 0.7323163223423177 2
1774364690913 0.7488028458065399 3
1774364691880 0.7638527842386099 4
1774364692882 0.7778081816938022 5
1774364693854 0.788411547407306 6
1774364694824 0.7910110822273909 7
1774364695831 0.7927213025037625 8
1774364696836 0.7956628813791217 9
1774364697857 0.796962648789164 10
1774364698875 0.8013408126966753 11
1774364699863 0.8066766999589547 12
1774364700843 0.8066082911478999 13
1774364701827 0.8116021343549049 14
1774364702815 0.8169380216171843 15
1774364703799 0.8165959775619099 16
1774364704782 0.8217266383910248 17
1774364705766 0.8248734436995485 18
1774364706752 0.8303461485839376 19
1774364707738 0.8315775071829251 20
1774364708725 0.8320563688603092 21
1774364709748 0.8369133944452045 22
1774364710771 0.8389656587768505 23
1774364711795 0.8451224517717882 24
1774364712823 0.8456697222602271 25
1774364713858 0.845259269393898 26
1774364714891 0.8504583390340675 27
1774364715923 0.8575044465727185 28
1774364716956 0.8568887672732248 29
1774364717980 0.8622246545355041 30
1774364719009 0.8659187303324668 31
1774364720046 0.8662607743877412 32
1774364721077 0.8698864413736489 33
1774364722108 0.8717334792721303 34
1774364723140 0.8764536872349159 35
1774364724172 0.8766589136680805 36
1774364725205 0.8823368449856341 37
1774364726241 0.8867834177042003 38
1774364727276 0.8882200027363525 39
1774364728315 0.8929402106991381 40
1774364729357 0.8921193049664797 41
1774364730395 0.8992338213161856 42
1774364731437 0.899507456560405 43
1774364732475 0.9022438090025995 44
1774364733478 0.9027910794910384 45
1774364734478 0.9092899165412505 46
1774364735475 0.9110001368176222 47
1774364736508 0.9157203447804078 48
1774364737540 0.9169517033793952 49
1774364738572 0.9212614584758517 50
1774364739605 0.9218771377753454 51
1774364740637 0.9234505404296073 52
1774364741637 0.9249555342728143 53
1774364742637 0.9311123272677521 54
1774364743673 0.9320700506225201 55
1774364744709 0.9327541387330688 56
1774364745751 0.9349432206868244 57
1774364746796 0.937200711451635 58
1774364747805 0.9391161581611711 59
1774364748813 0.9415104665480913 60
1774364749820 0.945751812833493 61
1774364750827 0.9479408947872486 62
1774364751833 0.9491038445751813 63
1774364752839 0.9520454234505404 64
1774364753848 0.9531399644274182 65
1774364754855 0.9540292789711314 66
1774364755865 0.9571076754686003 67
1774364756873 0.9599124367218498 68
1774364757883 0.9585442605007525 69
1774364758893 0.9610069776987276 70
1774364759909 0.9631960596524832 71
1774364760924 0.9653851416062389 72
