1774574146265 6.38221275806427 0
1774574146474 6.42644727230072 1
1774574146662 6.22942841053009 2
1774574146844 6.083760559558868 3
1774574147025 6.101413726806641 4
1774574147210 6.065229415893555 5
1774574147398 5.944933533668518 6
1774574147580 5.986765801906586 7
1774574147763 5.819318234920502 8
1774574147945 5.825579345226288 9
1774574148128 5.581320643424988 10
1774574148310 5.6223360896110535 11
1774574148493 5.359408438205719 12
1774574148676 5.152417004108429 13
1774574148858 4.954307943582535 14
1774574149038 4.630640923976898 15
1774574149219 4.245804131031036 16
1774574149402 3.964245170354843 17
1774574149585 3.7121078968048096 18
1774574149767 3.5797590911388397 19
1774574149954 2.834414452314377 20
1774574150134 2.87847438454628 21
1774574150315 2.65793976187706 22
1774574150496 2.3904283940792084 23
1774574150681 2.1702453792095184 24
1774574150863 2.219101458787918 25
1774574151050 2.0408966690301895 26
1774574151238 1.8843960165977478 27
1774574151421 1.796039491891861 28
1774574151608 1.6394661962985992 29
1774574151795 1.5367343425750732 30
1774574152000 1.4880868643522263 31
1774574152189 1.3519321233034134 32
1774574152374 1.1706716492772102 33
1774574152558 1.22653678804636 34
1774574152742 1.1223328560590744 35
1774574152926 1.054083064198494 36
1774574153114 0.9763565063476562 37
1774574153301 0.8496530950069427 38
1774574153485 0.7742266431450844 39
1774574153677 0.9041908718645573 40
