1774574146268 0.4981238273921201 0
1774574146481 0.5206378986866792 1
1774574146666 0.5534709193245778 2
1774574146847 0.5909943714821764 3
1774574147029 0.5684803001876173 4
1774574147214 0.5853658536585366 5
1774574147402 0.5984990619136961 6
1774574147584 0.6144465290806754 7
1774574147767 0.6191369606003753 8
1774574147949 0.626641651031895 9
1774574148132 0.6848030018761726 10
1774574148314 0.6697936210131332 11
1774574148497 0.6857410881801126 12
1774574148680 0.7101313320825516 13
1774574148861 0.7288930581613509 14
1774574149042 0.7786116322701688 15
1774574149222 0.7851782363977486 16
1774574149406 0.801125703564728 17
1774574149589 0.8133208255159474 18
1774574149771 0.8283302063789869 19
1774574149959 0.8789868667917449 20
1774574150138 0.8714821763602252 21
1774574150319 0.8686679174484052 22
1774574150499 0.8864915572232646 23
1774574150686 0.9024390243902439 24
1774574150867 0.9043151969981238 25
1774574151055 0.9183864915572233 26
1774574151243 0.9230769230769231 27
1774574151425 0.9146341463414634 28
1774574151614 0.9296435272045028 29
1774574151801 0.9352720450281425 30
1774574152007 0.950281425891182 31
1774574152195 0.9446529080675422 32
1774574152378 0.9549718574108818 33
1774574152562 0.9587242026266416 34
1774574152746 0.9606003752345216 35
1774574152930 0.9596622889305816 36
1774574153120 0.9643527204502814 37
1774574153306 0.9690431519699813 38
1774574153489 0.9727954971857411 39
1774574153683 0.9727954971857411 40
