1774591271354 4.5 0
1774591281368 61.0 1
1774591291377 57.5 2
1774591301384 57.7 3
1774591311393 61.0 4
1774591321401 52.4 5
1774591331409 47.2 6
1774591341423 51.2 7
1774591351430 53.2 8
1774591361439 51.4 9
1774591371450 59.1 10
1774591381457 52.5 11
1774591391464 53.3 12
1774591401481 56.9 13
1774591411487 56.5 14
1774591421500 71.4 15
1774591431506 54.5 16
1774591441512 53.9 17
1774591451519 64.1 18
1774591461527 51.0 19
1774591471534 52.3 20
1774591481542 55.5 21
1774591491549 54.1 22
1774591501556 41.7 23
1774591511567 51.7 24
1774591521573 52.2 25
1774591531583 56.9 26
1774591541603 51.8 27
1774591551611 50.6 28
1774591561620 55.9 29
1774591571628 50.8 30
1774591581637 48.2 31
1774591591655 50.4 32
1774591601666 54.9 33
1774591611674 48.3 34
1774591621682 52.8 35
1774591631689 52.1 36
1774591641697 52.8 37
1774591651704 52.9 38
1774591661718 50.7 39
1774591671725 52.3 40
1774591681735 51.0 41
1774591691747 50.6 42
1774591701760 58.1 43
1774591711770 53.1 44
1774591721778 48.7 45
1774591731786 49.5 46
1774591741793 50.7 47
1774591751801 50.5 48
1774591761810 52.8 49
1774591771823 50.4 50
1774591781831 41.8 51
1774591791839 52.9 52
1774591801852 50.5 53
1774591811867 44.8 54
1774591821878 55.2 55
1774591831886 53.0 56
1774591841900 51.0 57
1774591851912 52.2 58
1774591861919 43.6 59
1774591871938 49.1 60
1774591881947 42.1 61
1774591891956 50.1 62
1774591901964 52.6 63
1774591911974 53.1 64
1774591921983 54.9 65
1774591931991 48.9 66
1774591942003 49.8 67
1774591952018 59.7 68
1774591962027 52.2 69
1774591972035 51.6 70
1774591982044 61.7 71
1774591992055 61.5 72
1774592002068 42.5 73
1774592012081 51.4 74
1774592022096 50.6 75
1774592032107 57.1 76
1774592042125 48.1 77
1774592052134 52.8 78
1774592062149 52.6 79
1774592072158 54.3 80
1774592082167 53.5 81
1774592092175 49.0 82
1774592102183 50.6 83
1774592112193 51.7 84
1774592122207 45.6 85
1774592132222 51.1 86
1774592142231 60.2 87
1774592152239 62.9 88
1774592162246 50.7 89
1774592172257 52.9 90
1774592182273 50.5 91
1774592192281 52.1 92
1774592202291 53.9 93
1774592212300 52.3 94
1774592222309 56.5 95
1774592232320 40.5 96
1774592242329 53.9 97
1774592252346 53.9 98
1774592262355 57.0 99
1774592272371 44.6 100
1774592282381 52.8 101
1774592292394 52.1 102
1774592302404 50.6 103
1774592312414 65.8 104
1774592322430 49.2 105
1774592332443 50.8 106
1774592342454 50.6 107
1774592352470 57.9 108
1774592362480 58.2 109
1774592372493 53.7 110
1774592382503 66.0 111
1774592392514 50.6 112
1774592402522 61.1 113
1774592412532 61.4 114
1774592422546 52.0 115
1774592432556 52.6 116
1774592442568 50.4 117
1774592452578 58.8 118
1774592462590 54.7 119
1774592472603 52.4 120
