1774591271354 3563.3 0
1774591281368 3805.7 1
1774591291377 3907.4 2
1774591301384 3898.4 3
1774591311393 3917.2 4
1774591321401 3921.6 5
1774591331409 3921.7 6
1774591341423 3919.3 7
1774591351430 3923.2 8
1774591361439 3922.3 9
1774591371450 3923.5 10
1774591381457 3926.6 11
1774591391464 3915.6 12
1774591401481 4083.1 13
1774591411487 3926.7 14
1774591421500 3927.1 15
1774591431506 3929.1 16
1774591441512 3929.1 17
1774591451519 3927.9 18
1774591461527 3928.4 19
1774591471534 3933.2 20
1774591481542 3930.2 21
1774591491549 3928.2 22
1774591501556 3931.8 23
1774591511567 3932.2 24
1774591521573 3933.1 25
1774591531583 3971.2 26
1774591541603 3931.8 27
1774591551611 3936.6 28
1774591561620 3935.6 29
1774591571628 3934.0 30
1774591581637 3933.7 31
1774591591655 3934.9 32
1774591601666 3934.0 33
1774591611674 3935.2 34
1774591621682 3934.7 35
1774591631689 4232.2 36
1774591641697 3936.5 37
1774591651704 3936.5 38
1774591661718 3934.9 39
1774591671725 3936.2 40
1774591681735 3935.1 41
1774591691747 3936.8 42
1774591701760 3937.1 43
1774591711770 3937.3 44
1774591721778 3935.8 45
1774591731786 3936.6 46
1774591741793 3937.9 47
1774591751801 3936.9 48
1774591761810 4176.1 49
1774591771823 3938.1 50
1774591781831 3937.1 51
1774591791839 3936.4 52
1774591801852 3936.6 53
1774591811867 3936.6 54
1774591821878 3938.4 55
1774591831886 3938.6 56
1774591841900 3935.8 57
1774591851912 3938.8 58
1774591861919 3939.4 59
1774591871938 3935.6 60
1774591881947 3939.4 61
1774591891956 4106.7 62
1774591901964 3972.3 63
1774591911974 3936.5 64
1774591921983 3938.0 65
1774591931991 3938.3 66
1774591942003 3937.9 67
1774591952018 3942.5 68
1774591962027 4004.5 69
1774591972035 3943.1 70
1774591982044 3929.7 71
1774591992055 3935.7 72
1774592002068 3934.3 73
1774592012081 3970.8 74
1774592022096 3983.7 75
1774592032107 3927.1 76
1774592042125 3934.5 77
1774592052134 3936.8 78
1774592062149 3940.7 79
1774592072158 3937.8 80
1774592082167 3942.8 81
1774592092175 3920.9 82
1774592102183 3931.6 83
1774592112193 3942.1 84
1774592122207 4200.9 85
1774592132222 3935.9 86
1774592142231 3934.2 87
1774592152239 3928.8 88
1774592162246 3935.6 89
1774592172257 3939.7 90
1774592182273 3934.5 91
1774592192281 3940.2 92
1774592202291 3938.0 93
1774592212300 3933.0 94
1774592222309 3937.7 95
1774592232320 3935.9 96
1774592242329 3955.2 97
1774592252346 4113.8 98
1774592262355 3932.7 99
1774592272371 3956.6 100
1774592282381 3943.3 101
1774592292394 3942.4 102
1774592302404 3938.9 103
1774592312414 3935.3 104
1774592322430 3931.6 105
1774592332443 3944.2 106
1774592342454 3950.5 107
1774592352470 3939.9 108
1774592362480 3937.1 109
1774592372493 3935.3 110
1774592382503 4039.5 111
1774592392514 3937.1 112
1774592402522 3937.8 113
1774592412532 3937.0 114
1774592422546 3928.7 115
1774592432556 3934.7 116
1774592442568 3932.8 117
1774592452578 3934.9 118
1774592462590 3935.6 119
1774592472603 3930.5 120
