1773962974285 0.05609522506498837 0
1773962975273 0.6831303871938705 1
1773962976267 0.7226706799835819 2
1773962977231 0.7509235189492407 3
1773962978194 0.7661786838144753 4
1773962979190 0.7709673005883158 5
1773962980188 0.7807497605691613 6
1773962981189 0.7860856478314406 7
1773962982194 0.7942947051580244 8
1773962983201 0.7936790258585306 9
1773962984212 0.7917635791489944 10
1773962985225 0.7985360514434259 11
1773962986238 0.8013408126966753 12
1773962987254 0.8052401149268026 13
1773962988235 0.8103707757559173 14
1773962989214 0.810576002189082 15
1773962990196 0.8168696128061295 16
1773962991178 0.8209741414694213 17
1773962992165 0.8241893555889999 18
1773962993149 0.8263100287317007 19
1773962994136 0.8287043371186209 20
1773962995159 0.8305513750171022 21
1773962996183 0.8352715829798878 22
1773962997205 0.8406074702421672 23
1773962998225 0.8415651935969353 24
1773962999246 0.8423860993295936 25
1773963000269 0.8484060747024217 26
1773963001296 0.853810370775756 27
1773963002323 0.8529210562320427 28
1773963003348 0.8545628676973595 29
1773963004373 0.8605144342591325 30
1773963005398 0.8625666985907785 31
1773963006421 0.8672869065535641 32
1773963007450 0.866329183198796 33
1773963008476 0.8725543850047887 34
1773963009502 0.8765905048570256 35
1773963010531 0.8802161718429333 36
1773963011559 0.8814475304419209 37
1773963012587 0.8873990970036941 38
1773963013619 0.8858941031604871 39
1773963014651 0.8915720344780408 40
1773963015689 0.8931454371323027 41
1773963016720 0.8979340539061431 42
1773963017751 0.9005335887262279 43
1773963018783 0.9036119852236968 44
1773963019815 0.9051169790669038 45
1773963020844 0.9073744698317143 46
1773963021871 0.907511287453824 47
1773963022907 0.9124367218497742 48
1773963023952 0.9172937474346696 49
1773963024984 0.917567382678889 50
1773963026021 0.9209194144205773 51
1773963027020 0.9209878232316322 52
1773963028017 0.9270077986044603 53
1773963029020 0.9282391572034479 54
1773963030021 0.9309071008345875 55
1773963031021 0.933711862087837 56
1773963032024 0.9365850321521412 57
1773963033025 0.9369270762074156 58
1773963034026 0.9398686550827746 59
1773963035028 0.9423313722807498 60
1773963036031 0.9444520454234505 61
1773963037034 0.9459570392666575 62
1773963038036 0.9482829388425229 63
1773963039039 0.9499931591188945 64
1773963040043 0.9526611027500342 65
