1774355045284 22.0 0
1774355055291 63.0 1
1774355065298 46.9 2
1774355075307 70.6 3
1774355085319 52.1 4
1774355095327 55.0 5
1774355105338 52.8 6
1774355115346 52.9 7
1774355125353 53.5 8
1774355135365 68.7 9
1774355145374 69.0 10
1774355155384 84.1 11
1774355165394 49.5 12
1774355175401 47.4 13
1774355185408 52.2 14
1774355195419 47.1 15
1774355205428 63.8 16
1774355215447 80.5 17
1774355225455 59.5 18
1774355235462 49.4 19
1774355245472 65.9 20
1774355255478 51.4 21
1774355265490 63.9 22
1774355275499 52.7 23
1774355285512 58.7 24
1774355295519 57.4 25
1774355305525 45.0 26
1774355315534 47.3 27
1774355325542 48.6 28
1774355335552 61.3 29
1774355345566 47.1 30
1774355355573 51.1 31
1774355365585 46.9 32
1774355375593 53.2 33
1774355385600 47.0 34
1774355395608 53.2 35
1774355405615 48.3 36
1774355415624 77.3 37
1774355425632 50.3 38
1774355435639 45.6 39
1774355445659 72.2 40
1774355455666 53.5 41
1774355465675 52.8 42
1774355475683 57.0 43
1774355485691 51.9 44
1774355495700 48.8 45
1774355505707 57.8 46
1774355515716 49.4 47
1774355525726 46.5 48
1774355535735 49.7 49
1774355545748 48.1 50
1774355555756 46.1 51
1774355565764 58.3 52
1774355575775 55.1 53
1774355585784 49.7 54
1774355595798 46.6 55
1774355605826 64.6 56
1774355615835 86.6 57
1774355625845 47.8 58
1774355635856 63.0 59
1774355645871 86.6 60
1774355655880 59.1 61
1774355665891 50.7 62
1774355675901 61.9 63
1774355685909 54.9 64
1774355695921 48.9 65
1774355705935 48.7 66
1774355715943 67.0 67
1774355725951 49.1 68
1774355735966 46.0 69
1774355745975 53.4 70
1774355755983 51.6 71
1774355765993 55.4 72
1774355776004 53.8 73
1774355786019 62.1 74
1774355796029 56.1 75
1774355806039 52.9 76
1774355816051 52.8 77
1774355826060 87.1 78
1774355836074 45.0 79
1774355846087 86.6 80
1774355856098 66.9 81
1774355866111 64.5 82
1774355876121 47.9 83
1774355886131 56.0 84
1774355896143 65.8 85
1774355906151 53.4 86
1774355916160 51.6 87
1774355926172 63.4 88
1774355936181 56.3 89
1774355946196 48.5 90
1774355956206 91.1 91
1774355966215 50.5 92
1774355976224 53.4 93
1774355986237 56.7 94
1774355996253 63.4 95
1774356006262 52.4 96
1774356016284 80.0 97
1774356026293 53.4 98
1774356036306 49.8 99
1774356046325 67.3 100
1774356056335 57.8 101
1774356066344 47.8 102
1774356076355 82.1 103
1774356086368 46.0 104
1774356096377 53.1 105
1774356106392 48.8 106
1774356116403 50.1 107
1774356126412 78.3 108
1774356136422 47.9 109
1774356146433 52.0 110
1774356156448 47.5 111
1774356166457 53.1 112
1774356176466 47.1 113
1774356186476 51.5 114
1774356196495 50.8 115
1774356206516 62.2 116
1774356216525 48.8 117
1774356226535 52.9 118
1774356236547 53.2 119
1774356246556 46.8 120
1774356256569 57.6 121
1774356266582 48.8 122
1774356276592 49.2 123
1774356286613 46.9 124
1774356296627 65.1 125
1774356306639 49.5 126
1774356316649 61.1 127
1774356326659 49.3 128
1774356336675 47.7 129
1774356346690 53.3 130
1774356356705 47.4 131
1774356366716 73.1 132
1774356376726 52.2 133
1774356386743 53.4 134
1774356396760 53.7 135
