1774200200809 33.8 0
1774200210824 60.2 1
1774200220843 62.5 2
1774200230852 62.3 3
1774200240865 60.6 4
1774200250873 56.2 5
1774200260886 73.5 6
1774200270897 53.6 7
1774200280906 83.9 8
1774200290917 58.7 9
1774200300928 70.1 10
1774200310940 75.1 11
1774200320950 56.7 12
1774200330961 58.6 13
1774200340972 68.9 14
1774200350981 60.1 15
1774200360993 64.3 16
1774200371007 42.6 17
1774200381017 88.6 18
1774200391026 59.6 19
1774200401035 60.7 20
1774200411045 68.8 21
1774200421056 61.3 22
1774200431067 70.8 23
1774200441078 56.8 24
1774200451093 59.7 25
1774200461104 61.3 26
1774200471117 54.3 27
1774200481125 77.2 28
1774200491140 56.6 29
1774200501153 59.0 30
1774200511161 79.1 31
1774200521171 89.1 32
1774200531180 55.2 33
