1767881834754 0.05696929896568708 0
1767881843354 0.8180922672795928 1
1767881851915 0.8379576424232474 2
1767881860548 0.8620916105729766 3
1767881869335 0.8714496798555246 4
1767881877892 0.8845838121819077 5
1767881886402 0.8829420456411098 6
1767881894963 0.8934493515022164 7
1767881903531 0.9008373009358069 8
1767881912251 0.9019865375143654 9
1767881920852 0.9080610737153176 10
1767881929450 0.9083894270234772 11
1767881938068 0.9100311935642752 12
1767881946602 0.9110162534887539 13
1767881955258 0.9161057297652274 14
1767881963973 0.921031029387621 15
1767881972598 0.9207026760794615 16
1767881981140 0.9297323920538499 17
1767881989778 0.9298965687079297 18
1767881998516 0.9302249220160893 19
1767882007270 0.9394188146445576 20
1767882015842 0.9410605811853554 21
1767882024413 0.9425381710720736 22
1767882033016 0.9487768839271056 23
1767882041667 0.9510753570842226 24
1767882050320 0.954687243473978 25
1767882058886 0.9568215399770152 26
1767882067537 0.960105073058611 27
1767882076102 0.9607617796749303 28
1767882084797 0.9637169594483664 29
1767882093567 0.9628960761779675 30
1767882102251 0.9673288458381218 31
1767882111055 0.9691347890329995 32
1767882119806 0.969463142341159 33
1767882128565 0.9725824987686751 34
1767882137344 0.9737317353472337 35
1767882145963 0.9770152684288295 36
1767882154615 0.9775077983910688 37
1767882163273 0.9791495649318667 38
1767882171964 0.9809555081267444 39
1767882180564 0.982104744705303 40
1767882189149 0.9832539812838614 41
1767882197667 0.9863733377113775 42
1767882206196 0.9865375143654572 43
1767882214812 0.9842390412083402 44
1767882223442 0.9862091610572976 45
1767882232016 0.987522574289936 46
1767882240637 0.9871942209817763 47
1767882249199 0.9888359875225743 48
1767882257809 0.9901494007552126 49
1767882266312 0.991462813987851 50
1767882274833 0.9911344606796914 51
1767882283420 0.9922836972582498 52
1767882292433 0.9919553439500903 53
1767882301257 0.9927762272204892 54
1767882309989 0.9924478739123297 55
1767882318723 0.9955672303398456 56
1767882327491 0.9945821704153669 57
1767882336489 0.9950747003776063 58
1767882345301 0.9957314069939255 59
1767882353944 0.9952388770316861 60
1767882362572 0.9960597603020851 61
1767882371224 0.9967164669184042 62
1767882379963 0.9957314069939255 63
1767882388659 0.9967164669184042 64
1767882397246 0.998358233459202 65
1767882406042 0.9973731735347233 66
1767882414762 0.9978657034969627 67
