1774708387582 1.6 0
1774708397592 19.1 1
1774708407599 19.1 2
1774708417611 19.1 3
1774708427626 19.1 4
1774708437638 19.1 5
1774708447649 19.1 6
1774708457661 19.1 7
1774708467669 19.1 8
1774708477677 19.1 9
1774708487700 19.1 10
1774708497710 19.1 11
1774708507725 19.1 12
1774708517733 19.1 13
1774708527755 19.1 14
1774708537768 21.5 15
1774708547783 21.5 16
1774708557799 21.5 17
1774708567807 21.5 18
1774708577815 21.5 19
1774708587823 21.5 20
1774708597835 21.5 21
1774708607844 21.5 22
1774708617863 21.5 23
1774708627873 21.5 24
1774708637881 21.5 25
1774708647893 21.5 26
1774708657907 21.5 27
1774708667914 21.5 28
1774708677925 21.5 29
1774708687936 21.5 30
1774708697944 21.5 31
1774708707955 21.5 32
1774708717963 21.5 33
1774708727971 21.5 34
1774708737981 21.5 35
1774708747999 21.5 36
1774708758010 23.9 37
1774708768019 23.9 38
1774708778027 23.9 39
1774708788036 23.9 40
1774708798053 23.9 41
1774708808065 23.9 42
1774708818076 23.9 43
1774708828085 23.9 44
1774708838093 23.9 45
1774708848101 23.9 46
1774708858109 23.9 47
1774708868117 23.9 48
1774708878125 23.9 49
1774708888135 23.9 50
1774708898149 23.9 51
1774708908166 23.9 52
1774708918175 23.9 53
1774708928183 23.9 54
1774708938198 23.9 55
1774708948207 23.9 56
1774708958222 23.9 57
1774708968230 23.9 58
1774708978239 23.9 59
1774708988248 23.9 60
1774708998257 23.9 61
1774709008267 23.9 62
1774709018275 23.9 63
1774709028284 23.9 64
1774709038297 23.9 65
1774709048310 23.9 66
1774709058320 23.9 67
1774709068328 23.9 68
1774709078338 23.9 69
1774709088354 23.9 70
1774709098363 23.9 71
1774709108377 23.9 72
1774709118392 23.9 73
1774709128404 23.9 74
1774709138413 23.9 75
1774709148422 23.9 76
1774709158431 23.9 77
1774709168440 23.9 78
1774709178451 23.9 79
1774709188463 23.9 80
1774709198480 23.9 81
1774709208489 23.9 82
1774709218500 23.9 83
1774709228509 23.9 84
1774709238517 23.9 85
1774709248537 23.9 86
1774709258547 23.9 87
1774709268557 23.9 88
1774709278567 23.9 89
1774709288579 23.9 90
1774709298588 23.9 91
1774709308597 23.9 92
1774709318612 23.9 93
1774709328625 23.9 94
1774709338641 23.9 95
1774709348651 23.9 96
1774709358661 23.9 97
1774709368670 23.9 98
1774709378680 23.9 99
1774709388689 23.9 100
1774709398700 23.9 101
1774709408711 23.9 102
1774709418720 23.9 103
1774709428733 23.9 104
1774709438747 23.9 105
1774709448757 23.9 106
1774709458766 23.9 107
1774709468780 23.9 108
1774709478794 23.9 109
1774709488803 23.9 110
1774709498813 23.9 111
1774709508824 23.9 112
1774709518839 23.9 113
1774709528848 23.9 114
1774709538858 23.9 115
1774709548867 23.9 116
1774709558877 23.9 117
1774709568887 23.9 118
1774709578897 23.9 119
1774709588909 23.9 120
1774709598927 23.9 121
1774709608941 23.9 122
1774709618953 23.9 123
1774709628971 23.9 124
1774709638981 23.9 125
1774709648993 23.9 126
1774709659003 23.9 127
1774709669014 23.9 128
1774709679031 23.9 129
1774709689043 23.9 130
1774709699056 23.9 131
1774709709069 23.9 132
1774709719080 23.9 133
1774709729093 23.9 134
1774709739111 23.9 135
1774709749121 23.9 136
1774709759131 26.4 137
1774709769142 26.4 138
1774709779152 26.4 139
1774709789165 26.4 140
1774709799179 26.4 141
1774709809191 26.4 142
1774709819201 26.4 143
1774709829212 26.4 144
1774709839226 26.4 145
1774709849235 26.4 146
1774709859247 26.4 147
1774709869268 26.4 148
1774709879281 26.4 149
1774709889292 26.4 150
1774709899304 26.4 151
1774709909315 26.4 152
1774709919326 26.4 153
1774709929336 26.4 154
1774709939349 26.4 155
1774709949359 26.4 156
1774709959377 26.4 157
1774709969389 26.4 158
1774709979400 26.4 159
1774709989419 26.4 160
1774709999431 26.4 161
1774710009442 26.4 162
1774710019453 26.4 163
1774710029463 26.4 164
1774710039479 26.4 165
1774710049494 26.4 166
1774710059506 26.4 167
1774710069526 26.4 168
1774710079537 26.4 169
1774710089553 26.4 170
1774710099578 26.4 171
1774710109588 26.4 172
1774710119602 26.4 173
1774710129615 26.4 174
1774710139633 26.4 175
1774710149652 26.4 176
1774710159668 26.4 177
1774710169680 26.4 178
1774710179692 26.4 179
1774710189705 26.4 180
1774710199719 26.4 181
1774710209733 26.4 182
1774710219750 26.4 183
1774710229764 26.4 184
1774710239775 26.4 185
1774710249791 26.4 186
1774710259803 26.4 187
1774710269815 26.4 188
1774710279829 26.4 189
1774710289841 26.4 190
1774710299852 26.4 191
1774710309864 26.4 192
1774710319875 26.4 193
1774710329894 26.4 194
1774710339910 26.4 195
1774710349921 26.4 196
1774710359932 26.4 197
1774710369951 26.4 198
1774710379964 26.4 199
1774710389976 26.4 200
1774710399995 26.4 201
1774710410007 26.4 202
1774710420022 26.4 203
1774710430035 26.4 204
1774710440046 26.4 205
1774710450058 26.4 206
1774710460070 26.4 207
1774710470082 26.4 208
1774710480097 26.4 209
1774710490109 26.4 210
1774710500127 26.4 211
1774710510143 26.4 212
1774710520156 26.4 213
1774710530174 26.4 214
1774710540189 26.4 215
1774710550201 26.4 216
1774710560215 26.4 217
