1774351543111 0.0 0
1774351553124 91.0 1
1774351563132 93.0 2
1774351573140 94.0 3
1774351583149 94.0 4
1774351593155 94.0 5
1774351603162 91.0 6
1774351613169 89.0 7
1774351623175 93.0 8
1774351633192 94.0 9
1774351643200 92.0 10
1774351653209 94.0 11
1774351663215 92.0 12
1774351673222 94.0 13
1774351683229 90.0 14
1774351693237 94.0 15
1774351703246 94.0 16
1774351713256 94.0 17
1774351723269 92.0 18
1774351733280 90.0 19
1774351743287 78.0 20
1774351753295 92.0 21
1774351763301 91.0 22
1774351773308 93.0 23
1774351783315 91.0 24
1774351793322 94.0 25
1774351803329 93.0 26
1774351813340 90.0 27
1774351823349 94.0 28
1774351833356 94.0 29
1774351843363 90.0 30
1774351853375 94.0 31
1774351863387 90.0 32
1774351873397 93.0 33
1774351883407 91.0 34
1774351893415 91.0 35
1774351903431 93.0 36
1774351913440 94.0 37
1774351923453 94.0 38
1774351933462 90.0 39
1774351943470 94.0 40
1774351953481 92.0 41
1774351963507 91.0 42
1774351973520 94.0 43
1774351983529 94.0 44
1774351993537 93.0 45
1774352003546 78.0 46
1774352013554 94.0 47
1774352023562 89.0 48
1774352033570 93.0 49
1774352043579 94.0 50
1774352053588 92.0 51
1774352063601 92.0 52
1774352073611 91.0 53
1774352083619 91.0 54
1774352093629 94.0 55
1774352103646 90.0 56
1774352113657 94.0 57
1774352123667 94.0 58
1774352133675 93.0 59
1774352143683 94.0 60
1774352153692 92.0 61
1774352163703 93.0 62
1774352173710 90.0 63
1774352183718 94.0 64
1774352193729 94.0 65
1774352203744 94.0 66
1774352213755 93.0 67
1774352223764 90.0 68
1774352233777 94.0 69
1774352243788 94.0 70
1774352253803 92.0 71
1774352263817 78.0 72
1774352273826 92.0 73
1774352283842 94.0 74
1774352293856 93.0 75
1774352303876 93.0 76
1774352313886 93.0 77
1774352323899 94.0 78
1774352333912 93.0 79
1774352343920 94.0 80
1774352353935 90.0 81
1774352363943 91.0 82
1774352373961 91.0 83
1774352383974 94.0 84
1774352393985 90.0 85
1774352403995 92.0 86
1774352414004 93.0 87
1774352424013 92.0 88
1774352434022 93.0 89
1774352444035 90.0 90
1774352454048 94.0 91
1774352464057 94.0 92
1774352474065 94.0 93
1774352484074 93.0 94
1774352494083 93.0 95
1774352504093 90.0 96
1774352514111 93.0 97
1774352524120 82.0 98
1774352534134 92.0 99
1774352544142 94.0 100
1774352554151 93.0 101
1774352564160 92.0 102
1774352574175 94.0 103
1774352584184 92.0 104
1774352594194 92.0 105
1774352604204 93.0 106
1774352614219 94.0 107
1774352624228 94.0 108
1774352634243 94.0 109
1774352644256 94.0 110
1774352654266 94.0 111
1774352664275 94.0 112
1774352674297 94.0 113
1774352684306 91.0 114
1774352694316 90.0 115
1774352704325 94.0 116
1774352714341 94.0 117
1774352724353 92.0 118
1774352734365 89.0 119
1774352744377 93.0 120
1774352754400 94.0 121
1774352764409 94.0 122
1774352774422 91.0 123
1774352784433 56.0 124
1774352794448 91.0 125
1774352804458 94.0 126
1774352814468 92.0 127
1774352824478 91.0 128
1774352834492 93.0 129
1774352844502 93.0 130
1774352854515 91.0 131
1774352864525 94.0 132
1774352874538 93.0 133
1774352884550 92.0 134
1774352894561 90.0 135
1774352904575 94.0 136
1774352914585 93.0 137
1774352924600 93.0 138
1774352934614 95.0 139
1774352944631 92.0 140
1774352954646 91.0 141
1774352964658 94.0 142
1774352974668 92.0 143
1774352984679 94.0 144
1774352994690 94.0 145
1774353004700 94.0 146
1774353014712 94.0 147
1774353024726 94.0 148
1774353034752 93.0 149
1774353044768 73.0 150
