1774351543111 2.5 0
1774351553124 13.3 1
1774351563132 14.5 2
1774351573140 15.7 3
1774351583149 15.7 4
1774351593155 17.0 5
1774351603162 17.0 6
1774351613169 17.0 7
1774351623175 17.0 8
1774351633192 17.0 9
1774351643200 17.0 10
1774351653209 17.0 11
1774351663215 17.0 12
1774351673222 17.0 13
1774351683229 17.0 14
1774351693237 17.0 15
1774351703246 17.0 16
1774351713256 17.0 17
1774351723269 17.0 18
1774351733280 17.0 19
1774351743287 17.0 20
1774351753295 17.0 21
1774351763301 18.4 22
1774351773308 18.4 23
1774351783315 18.4 24
1774351793322 18.4 25
1774351803329 18.4 26
1774351813340 18.4 27
1774351823349 18.4 28
1774351833356 18.4 29
1774351843363 18.4 30
1774351853375 18.4 31
1774351863387 18.4 32
1774351873397 18.4 33
1774351883407 18.4 34
1774351893415 18.4 35
1774351903431 18.4 36
1774351913440 18.4 37
1774351923453 18.4 38
1774351933462 18.4 39
1774351943470 18.4 40
1774351953481 18.4 41
1774351963507 18.4 42
1774351973520 18.4 43
1774351983529 18.4 44
1774351993537 18.4 45
1774352003546 18.4 46
1774352013554 18.4 47
1774352023562 18.4 48
1774352033570 18.4 49
1774352043579 18.4 50
1774352053588 18.4 51
1774352063601 18.4 52
1774352073611 18.4 53
1774352083619 18.4 54
1774352093629 18.4 55
1774352103646 18.4 56
1774352113657 18.4 57
1774352123667 18.4 58
1774352133675 18.4 59
1774352143683 18.4 60
1774352153692 18.4 61
1774352163703 18.4 62
1774352173710 18.4 63
1774352183718 18.4 64
1774352193729 18.4 65
1774352203744 18.4 66
1774352213755 18.4 67
1774352223764 18.4 68
1774352233777 18.4 69
1774352243788 18.4 70
1774352253803 18.4 71
1774352263817 19.8 72
1774352273826 19.8 73
1774352283842 19.8 74
1774352293856 19.8 75
1774352303876 19.8 76
1774352313886 19.8 77
1774352323899 19.8 78
1774352333912 19.8 79
1774352343920 19.8 80
1774352353935 19.8 81
1774352363943 19.8 82
1774352373961 19.8 83
1774352383974 19.8 84
1774352393985 19.8 85
1774352403995 19.8 86
1774352414004 19.8 87
1774352424013 19.8 88
1774352434022 19.8 89
1774352444035 19.8 90
1774352454048 19.8 91
1774352464057 19.8 92
1774352474065 19.8 93
1774352484074 19.8 94
1774352494083 19.8 95
1774352504093 19.8 96
1774352514111 19.8 97
1774352524120 19.8 98
1774352534134 19.8 99
1774352544142 19.8 100
1774352554151 19.8 101
1774352564160 19.8 102
1774352574175 19.8 103
1774352584184 19.8 104
1774352594194 19.8 105
1774352604204 19.8 106
1774352614219 19.8 107
1774352624228 19.8 108
1774352634243 19.8 109
1774352644256 19.8 110
1774352654266 19.8 111
1774352664275 19.8 112
1774352674297 19.8 113
1774352684306 19.8 114
1774352694316 19.8 115
1774352704325 19.8 116
1774352714341 19.8 117
1774352724353 19.8 118
1774352734365 19.8 119
1774352744377 19.8 120
1774352754400 19.8 121
1774352764409 19.8 122
1774352774422 19.8 123
1774352784433 19.8 124
1774352794448 19.8 125
1774352804458 19.8 126
1774352814468 19.8 127
1774352824478 19.8 128
1774352834492 19.8 129
1774352844502 19.8 130
1774352854515 19.8 131
1774352864525 19.8 132
1774352874538 19.8 133
1774352884550 19.8 134
1774352894561 19.8 135
1774352904575 19.8 136
1774352914585 19.8 137
1774352924600 19.8 138
1774352934614 19.8 139
1774352944631 19.8 140
1774352954646 19.8 141
1774352964658 19.8 142
1774352974668 19.8 143
1774352984679 19.8 144
1774352994690 19.8 145
1774353004700 19.8 146
1774353014712 19.8 147
1774353024726 19.8 148
1774353034752 19.8 149
1774353044768 19.8 150
