1774351543111 35.3 0
1774351553124 38.3 1
1774351563132 38.8 2
1774351573140 38.9 3
1774351583149 38.9 4
1774351593155 38.4 5
1774351603162 38.6 6
1774351613169 38.6 7
1774351623175 40.2 8
1774351633192 38.6 9
1774351643200 38.6 10
1774351653209 38.6 11
1774351663215 38.6 12
1774351673222 38.7 13
1774351683229 38.7 14
1774351693237 39.0 15
1774351703246 38.7 16
1774351713256 39.0 17
1774351723269 39.0 18
1774351733280 38.9 19
1774351743287 38.8 20
1774351753295 40.3 21
1774351763301 38.8 22
1774351773308 38.8 23
1774351783315 38.8 24
1774351793322 38.7 25
1774351803329 38.8 26
1774351813340 38.8 27
1774351823349 38.9 28
1774351833356 38.9 29
1774351843363 38.9 30
1774351853375 38.9 31
1774351863387 38.8 32
1774351873397 38.9 33
1774351883407 39.6 34
1774351893415 38.9 35
1774351903431 38.8 36
1774351913440 38.9 37
1774351923453 38.9 38
1774351933462 38.9 39
1774351943470 38.9 40
1774351953481 38.9 41
1774351963507 39.0 42
1774351973520 38.9 43
1774351983529 38.9 44
1774351993537 38.7 45
1774352003546 38.6 46
1774352013554 39.0 47
1774352023562 38.7 48
1774352033570 38.9 49
1774352043579 38.8 50
1774352053588 39.0 51
1774352063601 39.0 52
1774352073611 39.0 53
1774352083619 38.8 54
1774352093629 38.8 55
1774352103646 38.7 56
1774352113657 40.4 57
1774352123667 38.7 58
1774352133675 38.7 59
1774352143683 38.8 60
1774352153692 38.8 61
1774352163703 39.0 62
1774352173710 38.9 63
1774352183718 38.8 64
1774352193729 38.9 65
1774352203744 38.8 66
1774352213755 38.9 67
1774352223764 38.9 68
1774352233777 38.9 69
1774352243788 40.1 70
1774352253803 38.9 71
1774352263817 38.9 72
1774352273826 38.9 73
1774352283842 39.0 74
1774352293856 39.0 75
1774352303876 38.9 76
1774352313886 39.0 77
1774352323899 39.0 78
1774352333912 39.0 79
1774352343920 39.0 80
1774352353935 39.0 81
1774352363943 39.0 82
1774352373961 39.6 83
1774352383974 39.1 84
1774352393985 39.2 85
1774352403995 39.4 86
1774352414004 39.4 87
1774352424013 38.9 88
1774352434022 38.7 89
1774352444035 38.7 90
1774352454048 38.7 91
1774352464057 38.7 92
1774352474065 40.3 93
1774352484074 38.6 94
1774352494083 38.6 95
1774352504093 38.7 96
1774352514111 38.8 97
1774352524120 38.8 98
1774352534134 38.8 99
1774352544142 38.8 100
1774352554151 38.8 101
1774352564160 38.7 102
1774352574175 38.8 103
1774352584184 38.8 104
1774352594194 38.8 105
1774352604204 40.1 106
1774352614219 38.9 107
1774352624228 38.8 108
1774352634243 38.8 109
1774352644256 38.9 110
1774352654266 38.8 111
1774352664275 38.8 112
1774352674297 38.8 113
1774352684306 38.8 114
1774352694316 38.7 115
1774352704325 38.9 116
1774352714341 39.1 117
1774352724353 38.8 118
1774352734365 39.8 119
1774352744377 38.9 120
1774352754400 38.9 121
1774352764409 38.9 122
1774352774422 39.0 123
1774352784433 38.9 124
1774352794448 39.0 125
1774352804458 39.0 126
1774352814468 38.9 127
1774352824478 39.1 128
1774352834492 39.1 129
1774352844502 39.1 130
1774352854515 39.1 131
1774352864525 39.2 132
1774352874538 39.0 133
1774352884550 39.1 134
1774352894561 39.1 135
1774352904575 39.1 136
1774352914585 39.2 137
1774352924600 39.2 138
1774352934614 39.2 139
1774352944631 39.1 140
1774352954646 39.2 141
1774352964658 40.6 142
1774352974668 39.2 143
1774352984679 39.2 144
1774352994690 39.3 145
1774353004700 39.3 146
1774353014712 39.3 147
1774353024726 39.3 148
1774353034752 38.8 149
1774353044768 38.9 150
