1774584453970 3.080669190525144 0
1774584456098 2.819694998065658 1
1774584458447 2.4147561202216923 2
1774584460602 2.0278383840498804 3
1774584462771 1.7179658218355867 4
1774584465134 1.4794061744012492 5
1774584467563 1.2629256827476691 6
1774584469683 1.0900630284177732 7
1774584472067 0.9618805075396362 8
1774584474232 0.8319267509312747 9
1774584476413 0.7301615459890597 10
1774584478785 0.6545793240088936 11
1774584480962 0.5687688744203518 12
1774584483295 0.4987885503676607 13
1774584485666 0.45046989425439843 14
1774584487821 0.40324353458601175 15
1774584490009 0.3633658367544637 16
1774584492377 0.32552513295884233 17
1774584494541 0.2864230579578986 18
1774584496693 0.2666616296903561 19
1774584499071 0.24075686980336028 20
1774584501474 0.21970769913451976 21
1774584503660 0.20639391667923762 22
1774584506051 0.1902627457809409 23
1774584508215 0.18001256609953026 24
1774584510422 0.1584269565227241 25
1774584512573 0.14898103011757 26
1774584514940 0.14361752893835333 27
1774584517258 0.12861678711300364 28
1774584519425 0.11775821659809295 29
1774584521782 0.11915524036837988 30
1774584523951 0.11040464097440023 31
1774584526135 0.10482228379750125 32
1774584528507 0.0992136432046782 33
1774584530694 0.0930157598438839 34
1774584532995 0.08912308586901264 35
