1773965395761 22.3 0
1773965405787 97.3 1
1773965415796 64.2 2
1773965425806 72.2 3
1773965435819 114.9 4
1773965445825 66.8 5
1773965455832 62.7 6
1773965465840 58.1 7
1773965475851 76.1 8
1773965485858 85.2 9
1773965495871 109.7 10
1773965505879 76.6 11
1773965515886 64.4 12
1773965525896 71.4 13
1773965535919 73.6 14
1773965545940 90.8 15
1773965555953 108.8 16
1773965565963 67.1 17
1773965575970 57.0 18
1773965585978 66.4 19
1773965595985 59.7 20
1773965605996 76.6 21
1773965616003 90.1 22
1773965626011 85.7 23
1773965636020 64.3 24
1773965646027 52.2 25
1773965656038 63.9 26
1773965666046 88.9 27
1773965676054 66.0 28
1773965686081 89.5 29
1773965696093 80.1 30
1773965706100 74.3 31
1773965716108 56.6 32
1773965726115 51.0 33
1773965736123 89.3 34
1773965746131 88.0 35
1773965756144 72.2 36
1773965766152 58.4 37
1773965776160 64.3 38
1773965786175 65.1 39
1773965796185 80.4 40
1773965806197 56.2 41
1773965816211 61.0 42
1773965826220 121.9 43
1773965836228 88.9 44
1773965846241 100.3 45
1773965856249 57.6 46
1773965866259 61.8 47
1773965876281 114.0 48
1773965886289 63.1 49
1773965896323 105.8 50
1773965906343 68.6 51
1773965916350 50.5 52
1773965926364 51.9 53
1773965936390 103.1 54
1773965946400 80.9 55
1773965956409 68.0 56
1773965966419 92.5 57
1773965976427 63.7 58
1773965986435 70.0 59
1773965996444 118.3 60
1773966006454 67.7 61
1773966016464 69.4 62
1773966026480 76.1 63
1773966036489 113.2 64
1773966046497 87.3 65
1773966056504 56.4 66
1773966066513 68.9 67
1773966076531 84.2 68
1773966086541 75.0 69
1773966096548 55.2 70
1773966106559 55.2 71
1773966116574 58.1 72
1773966126588 89.9 73
1773966136597 72.3 74
1773966146606 59.3 75
1773966156617 59.0 76
1773966166629 59.4 77
1773966176637 50.9 78
1773966186654 82.1 79
1773966196668 53.3 80
1773966206681 76.4 81
1773966216688 76.3 82
1773966226702 72.0 83
1773966236715 38.8 84
1773966246728 64.7 85
1773966256739 98.5 86
1773966266749 68.6 87
1773966276770 50.9 88
1773966286778 67.7 89
1773966296787 68.1 90
1773966306802 52.7 91
1773966316826 94.8 92
1773966326840 65.0 93
1773966336849 76.9 94
1773966346858 70.3 95
1773966356868 60.5 96
1773966366878 52.5 97
1773966376902 77.3 98
1773966386924 75.8 99
1773966396941 83.2 100
1773966406950 64.7 101
