1774707281377 38.24788135290146 0
1774707282188 31.27918830513954 1
1774707282976 29.884889751672745 2
1774707283799 28.905114740133286 3
1774707284582 28.07212206721306 4
1774707285352 27.794234693050385 5
1774707286166 26.895549803972244 6
1774707286937 26.466057509183884 7
1774707287724 26.30128863453865 8
1774707288513 25.50291022658348 9
1774707289296 24.89249050617218 10
1774707290078 24.986435383558273 11
1774707290864 23.73133146762848 12
1774707291630 22.751478642225266 13
1774707292400 23.06988227367401 14
1774707293174 22.55576792359352 15
1774707294011 22.131751656532288 16
1774707294795 20.919912427663803 17
1774707295573 20.804790526628494 18
1774707296355 20.251713752746582 19
1774707297150 19.56120727956295 20
1774707297919 18.887009009718895 21
1774707298683 18.609880313277245 22
1774707299463 18.4721487313509 23
1774707300255 17.959622755646706 24
1774707301035 16.861285626888275 25
1774707301808 16.414800614118576 26
1774707302585 16.81906896829605 27
1774707303360 15.778541684150696 28
1774707304140 15.79776194691658 29
1774707304914 15.718385934829712 30
1774707305689 14.742651581764221 31
1774707306469 14.500623628497124 32
1774707307246 13.753286063671112 33
1774707308011 13.93266636133194 34
1774707308802 13.694923624396324 35
