1768609899472 31729.1 0
1768609909480 31728.9 1
1768609919494 31728.9 2
1768609929501 31728.8 3
1768609939509 31728.8 4
1768609949516 31728.8 5
1768609959527 31728.7 6
1768609969540 31728.7 7
1768609979551 31728.7 8
1768609989566 31728.7 9
1768609999574 31728.7 10
1768610009590 31728.6 11
1768610019620 31728.6 12
1768610029635 31728.6 13
1768610039656 31728.5 14
1768610049663 31728.5 15
1768610059670 31728.4 16
1768610069678 31728.4 17
1768610079686 31728.4 18
1768610089693 31728.4 19
1768610099704 31728.3 20
1768610109711 31728.3 21
1768610119718 31728.2 22
1768610129726 31728.2 23
1768610139734 31728.2 24
1768610149741 31728.1 25
1768610159749 31728.1 26
1768610169757 31728.0 27
1768610179766 31728.0 28
1768610189778 31728.0 29
1768610199790 31728.0 30
1768610209802 31728.0 31
1768610219810 31727.9 32
1768610229818 31727.9 33
1768610239846 31727.9 34
1768610249853 31727.9 35
1768610259863 31727.8 36
1768610269872 31727.8 37
1768610279879 31727.8 38
1768610289886 31727.8 39
1768610299893 31727.8 40
1768610309906 31727.8 41
1768610319914 31727.7 42
1768610329922 31727.7 43
1768610339931 31727.7 44
1768610349940 31727.7 45
1768610359952 31727.7 46
1768610369961 31727.7 47
1768610379970 31727.7 48
1768610389978 31727.6 49
1768610399985 31727.6 50
1768610409994 31727.6 51
1768610420008 31727.6 52
1768610430025 31727.6 53
1768610440036 31727.5 54
1768610450057 31727.5 55
1768610460066 31727.5 56
1768610470074 31727.5 57
1768610480083 31727.5 58
1768610490092 31727.5 59
1768610500102 31727.4 60
1768610510135 31727.4 61
1768610520143 31727.3 62
1768610530151 31727.3 63
1768610540165 31727.3 64
1768610550178 31727.3 65
1768610560187 31727.2 66
1768610570219 31727.2 67
1768610580229 31727.2 68
1768610590253 31727.2 69
1768610600261 31727.1 70
1768610610269 31727.1 71
1768610620291 31727.1 72
1768610630309 31727.1 73
1768610640319 31727.0 74
1768610650335 31727.0 75
1768610660344 31727.0 76
1768610670367 31727.0 77
1768610680387 31727.0 78
1768610690397 31726.9 79
1768610700415 31726.9 80
1768610710452 31726.9 81
1768610720464 31726.9 82
1768610730496 31726.9 83
1768610740506 31726.8 84
1768610750518 31726.8 85
1768610760528 31726.8 86
1768610770539 31726.8 87
1768610780547 31726.8 88
1768610790556 31726.7 89
1768610800567 31726.7 90
1768610810579 31726.7 91
1768610820590 31726.7 92
1768610830607 31726.7 93
1768610840616 31726.7 94
1768610850634 31726.6 95
1768610860648 31726.6 96
1768610870659 31726.6 97
1768610880673 31726.6 98
1768610890689 31726.6 99
1768610900699 31726.6 100
1768610910713 31726.6 101
1768610920723 31726.5 102
