1768609899472 3.9 0
1768609909480 46.0 1
1768609919494 46.0 2
1768609929501 46.0 3
1768609939509 46.0 4
1768609949516 46.0 5
1768609959527 46.0 6
1768609969540 46.0 7
1768609979551 46.0 8
1768609989566 46.0 9
1768609999574 46.0 10
1768610009590 46.0 11
1768610019620 46.0 12
1768610029635 46.0 13
1768610039656 46.0 14
1768610049663 46.0 15
1768610059670 46.0 16
1768610069678 46.0 17
1768610079686 46.0 18
1768610089693 46.0 19
1768610099704 46.0 20
1768610109711 46.0 21
1768610119718 46.0 22
1768610129726 46.0 23
1768610139734 46.0 24
1768610149741 46.0 25
1768610159749 46.0 26
1768610169757 46.0 27
1768610179766 46.0 28
1768610189778 46.0 29
1768610199790 46.0 30
1768610209802 46.0 31
1768610219810 46.0 32
1768610229818 46.0 33
1768610239846 46.0 34
1768610249853 46.0 35
1768610259863 46.0 36
1768610269872 46.0 37
1768610279879 46.0 38
1768610289886 46.0 39
1768610299893 46.0 40
1768610309906 46.0 41
1768610319914 46.0 42
1768610329922 46.0 43
1768610339931 46.0 44
1768610349940 46.0 45
1768610359952 46.0 46
1768610369961 46.0 47
1768610379970 46.0 48
1768610389978 46.0 49
1768610399985 46.0 50
1768610409994 46.0 51
1768610420008 46.0 52
1768610430025 46.0 53
1768610440036 46.0 54
1768610450057 46.0 55
1768610460066 46.0 56
1768610470074 46.0 57
1768610480083 46.0 58
1768610490092 46.0 59
1768610500102 46.0 60
1768610510135 46.0 61
1768610520143 46.0 62
1768610530151 46.0 63
1768610540165 46.0 64
1768610550178 46.0 65
1768610560187 46.0 66
1768610570219 46.0 67
1768610580229 46.0 68
1768610590253 46.0 69
1768610600261 46.0 70
1768610610269 46.0 71
1768610620291 46.0 72
1768610630309 46.0 73
1768610640319 46.0 74
1768610650335 46.0 75
1768610660344 46.0 76
1768610670367 46.0 77
1768610680387 46.0 78
1768610690397 46.0 79
1768610700415 46.0 80
1768610710452 46.0 81
1768610720464 46.0 82
1768610730496 46.0 83
1768610740506 46.0 84
1768610750518 46.0 85
1768610760528 46.0 86
1768610770539 46.0 87
1768610780547 46.0 88
1768610790556 46.0 89
1768610800567 46.0 90
1768610810579 46.0 91
1768610820590 46.0 92
1768610830607 46.0 93
1768610840616 46.0 94
1768610850634 46.0 95
1768610860648 46.0 96
1768610870659 46.0 97
1768610880673 46.0 98
1768610890689 46.0 99
1768610900699 46.0 100
1768610910713 46.0 101
1768610920723 46.0 102
