1774183817318 0.2131134729603001 0
1774183841021 0.3794935917474211 1
1774183864747 0.4905439199749922 2
1774183888704 0.5822131916223819 3
1774183912337 0.6404345107846202 4
1774183936017 0.7038918412003751 5
1774183959543 0.7624257580493904 6
1774183983292 0.793919974992185 7
1774184007082 0.8352610190684588 8
1774184030866 0.8547202250703345 9
1774184054665 0.8726164426383245 10
1774184078258 0.9044232572678962 11
1774184101917 0.9271647389809315 12
1774184125662 0.9346670834635824 13
1774184149417 0.9361519224757737 14
1774184172963 0.939043451078462 15
1774184196390 0.9520162550797124 16
1774184220141 0.9616286339481088 17
1774184243923 0.9484213816817756 18
1774184267625 0.9476398874648327 19
1774184291304 0.9662394498280713 20
1774184314779 0.9684276336355111 21
1774184338346 0.9731947483588621 22
1774184361570 0.96475461081588 23
1774184385075 0.9676461394185683 24
1774184408632 0.9692872772741482 25
1774184432209 0.973429196623945 26
1774184455847 0.9817911847452329 27
1774184479463 0.9592060018755861 28
1774184503102 0.9727258518286964 29
1774184526853 0.9806189434198187 30
1774184550485 0.9786652078774617 31
1774184573981 0.9817130353235386 32
1774184597699 0.980150046889653 33
1774184621485 0.973976242575805 34
1774184645131 0.9799155986245702 35
1774184669026 0.9704595185995624 36
1774184693026 0.9817911847452329 37
1774184716822 0.9847608627696155 38
1774184740773 0.9886683338543295 39
1774184764585 0.9753047827446076 40
1774184788348 0.9735854954673335 41
1774184812072 0.9798374492028759 42
1774184835707 0.9799937480462645 43
1774184859313 0.9803063457330415 44
1774184883054 0.9729603000937793 45
1774184906645 0.9796811503594873 46
1774184930517 0.9856205064082526 47
1774184954381 0.9899968740231322 48
1774184978246 0.9907002188183808 49
