1774192181265 2.8 0
1774192191273 19.4 1
1774192201281 19.4 2
1774192211289 19.4 3
1774192221298 21.5 4
1774192231307 21.5 5
1774192241315 23.5 6
1774192251326 23.5 7
1774192261340 23.5 8
1774192271354 23.5 9
1774192281362 23.5 10
1774192291370 23.5 11
1774192301381 23.5 12
1774192311390 23.5 13
1774192321400 23.5 14
1774192331409 23.5 15
1774192341423 23.5 16
1774192351435 23.5 17
1774192361442 23.5 18
1774192371450 23.5 19
1774192381465 23.5 20
1774192391474 23.5 21
1774192401484 23.5 22
1774192411493 23.5 23
1774192421502 23.5 24
1774192431513 23.5 25
1774192441526 23.5 26
1774192451536 23.5 27
1774192461552 23.5 28
