1774192181265 40.5 0
1774192191273 117.5 1
1774192201281 77.4 2
1774192211289 94.9 3
1774192221298 84.2 4
1774192231307 112.5 5
1774192241315 84.3 6
1774192251326 75.3 7
1774192261340 79.1 8
1774192271354 73.1 9
1774192281362 78.0 10
1774192291370 70.3 11
1774192301381 76.6 12
1774192311390 103.1 13
1774192321400 81.3 14
1774192331409 78.9 15
1774192341423 75.3 16
1774192351435 79.7 17
1774192361442 73.4 18
1774192371450 103.9 19
1774192381465 77.4 20
1774192391474 78.8 21
1774192401484 103.6 22
1774192411493 90.3 23
1774192421502 87.0 24
1774192431513 90.8 25
1774192441526 94.8 26
1774192451536 108.0 27
1774192461552 124.8 28
