1774192181265 239.7 0
1774192191273 1669.9 1
1774192201281 1669.9 2
1774192211289 1669.9 3
1774192221298 1844.0 4
1774192231307 1844.0 5
1774192241315 2022.2 6
1774192251326 2022.2 7
1774192261340 2022.2 8
1774192271354 2022.2 9
1774192281362 2022.2 10
1774192291370 2022.2 11
1774192301381 2022.2 12
1774192311390 2022.2 13
1774192321400 2022.2 14
1774192331409 2022.2 15
1774192341423 2022.2 16
1774192351435 2022.2 17
1774192361442 2022.2 18
1774192371450 2022.2 19
1774192381465 2022.2 20
1774192391474 2022.2 21
1774192401484 2022.2 22
1774192411493 2022.2 23
1774192421502 2022.2 24
1774192431513 2022.2 25
1774192441526 2022.2 26
1774192451536 2022.2 27
1774192461552 2022.2 28
