1774204085301 0.0 0
1774204095313 12.2 1
1774204105323 13.8 2
1774204115333 17.5 3
1774204125344 11.8 4
1774204135356 14.1 5
1774204145364 17.5 6
1774204155372 11.9 7
1774204165379 13.8 8
1774204175387 15.9 9
1774204185394 13.4 10
1774204195401 14.2 11
1774204205409 13.2 12
1774204215420 16.3 13
1774204225427 13.2 14
1774204235439 14.1 15
1774204245446 16.1 16
1774204255457 12.6 17
1774204265466 14.7 18
1774204275475 16.2 19
1774204285485 12.0 20
1774204295493 14.5 21
1774204305501 12.6 22
1774204315509 15.6 23
1774204325520 14.7 24
