1774204085301 33.2 0
1774204095313 36.7 1
1774204105323 36.7 2
1774204115333 36.1 3
1774204125344 36.2 4
1774204135356 36.5 5
1774204145364 36.3 6
1774204155372 36.3 7
1774204165379 36.2 8
1774204175387 37.6 9
1774204185394 36.2 10
1774204195401 36.3 11
1774204205409 36.3 12
1774204215420 36.4 13
1774204225427 36.7 14
1774204235439 36.3 15
1774204245446 36.3 16
1774204255457 36.4 17
1774204265466 36.5 18
1774204275475 36.5 19
1774204285485 36.4 20
1774204295493 36.4 21
1774204305501 37.1 22
1774204315509 36.5 23
1774204325520 36.5 24
