1774387385528 27.7 0
1774387395537 144.3 1
1774387405545 145.2 2
1774387415559 40.4 3
1774387425574 135.2 4
1774387435582 118.8 5
1774387445590 116.4 6
1774387455598 108.7 7
1774387465608 97.9 8
1774387475617 41.1 9
1774387485626 98.3 10
1774387495684 112.7 11
1774387505698 46.6 12
1774387515723 125.3 13
1774387525736 105.5 14
1774387535747 41.4 15
1774387545756 110.1 16
1774387555765 105.3 17
1774387565831 97.0 18
1774387575841 49.9 19
1774387585852 103.7 20
1774387595874 41.6 21
1774387605890 48.5 22
1774387615900 121.5 23
1774387625915 121.8 24
1774387635936 95.0 25
1774387645947 41.3 26
1774387655956 105.6 27
1774387665972 97.3 28
1774387675986 89.2 29
1774387685998 114.7 30
1774387696008 41.2 31
1774387706021 133.3 32
1774387716046 101.9 33
