1774387385528 18.3 0
1774387395537 95.6 1
1774387405545 96.2 2
1774387415559 26.8 3
1774387425574 89.5 4
1774387435582 78.7 5
1774387445590 77.1 6
1774387455598 72.0 7
1774387465608 64.8 8
1774387475617 27.2 9
1774387485626 65.1 10
1774387495684 74.6 11
1774387505698 30.9 12
1774387515723 83.0 13
1774387525736 69.9 14
1774387535747 27.4 15
1774387545756 72.9 16
1774387555765 69.7 17
1774387565831 64.2 18
1774387575841 33.0 19
1774387585852 68.7 20
1774387595874 27.6 21
1774387605890 32.1 22
1774387615900 80.4 23
1774387625915 80.6 24
1774387635936 62.9 25
1774387645947 27.4 26
1774387655956 69.9 27
1774387665972 64.5 28
1774387675986 59.0 29
1774387685998 76.0 30
1774387696008 27.3 31
1774387706021 88.3 32
1774387716046 67.5 33
