1774387385528 6149.9 0
1774387395537 8215.4 1
1774387405545 8262.3 2
1774387415559 8363.1 3
1774387425574 8388.5 4
1774387435582 8396.6 5
1774387445590 8674.6 6
1774387455598 8445.4 7
1774387465608 8410.2 8
1774387475617 8404.2 9
1774387485626 8423.6 10
1774387495684 8419.6 11
1774387505698 8429.5 12
1774387515723 8437.7 13
1774387525736 8433.0 14
1774387535747 8443.0 15
1774387545756 8424.2 16
1774387555765 8443.8 17
1774387565831 8451.8 18
1774387575841 8632.4 19
1774387585852 8441.0 20
1774387595874 8445.0 21
1774387605890 8433.5 22
1774387615900 8487.1 23
1774387625915 8449.4 24
1774387635936 8470.3 25
1774387645947 8459.6 26
1774387655956 8441.1 27
1774387665972 8461.1 28
1774387675986 8448.0 29
1774387685998 8456.6 30
1774387696008 8465.1 31
1774387706021 8522.1 32
1774387716046 8465.8 33
