1773962699808 0.049972542559033495 0
1773962700286 0.7221306974190006 1
1773962700748 0.7721032399780341 2
1773962701214 0.7775947281713345 3
1773962701676 0.8012081274025261 4
1773962702135 0.8132894014277869 5
1773962702645 0.8341570565623284 6
1773962703117 0.8451400329489291 7
1773962703578 0.8687534321801208 8
1773962704040 0.8665568369028006 9
1773962704525 0.8736957715540912 10
1773962705009 0.886326194398682 11
1773962705494 0.8874244920373421 12
1773962705982 0.886326194398682 13
1773962706468 0.8929159802306426 14
1773962706935 0.8978583196046128 15
1773962707404 0.914332784184514 16
1773962707873 0.914332784184514 17
1773962708342 0.9192751235584844 18
1773962708812 0.9275123558484349 19
1773962709292 0.9324546952224053 20
1773962709773 0.9302580999450851 21
1773962710252 0.943437671609006 22
1773962710738 0.9406919275123559 23
1773962711218 0.9467325645249862 24
1773962711702 0.9538714991762768 25
1773962712185 0.9593629873695771 26
1773962712696 0.9643053267435475 27
1773962713206 0.970895112575508 28
1773962713714 0.9730917078528282 29
1773962714225 0.9763866007688083 30
1773962714737 0.9758374519494784 31
1773962715252 0.9774848984074684 32
1773962715771 0.9774848984074684 33
1773962716286 0.9780340472267984 34
1773962716802 0.9846238330587589 35
1773962717318 0.9879187259747392 36
1773962717832 0.9890170236133993 37
1773962718349 0.9890170236133993 38
1773962718873 0.9934102141680395 39
1773962719399 0.9934102141680395 40
1773962719919 0.9928610653487095 41
1773962720444 0.9939593629873695 42
1773962720968 0.9967051070840197 43
1773962721486 0.9961559582646897 44
1773962722007 0.9939593629873695 45
1773962722526 0.9967051070840197 46
1773962723048 0.9978034047226798 47
1773962723572 0.9989017023613399 48
1773962724098 0.9978034047226798 49
1773962724625 0.99945085118067 50
1773962725145 0.9983525535420099 51
1773962725667 0.99945085118067 52
1773962726189 0.9978034047226798 53
1773962726710 0.9983525535420099 54
1773962727232 0.9983525535420099 55
1773962727755 1.0 56
1773962728282 0.9989017023613399 57
1773962728806 0.99945085118067 58
1773962729331 1.0 59
1773962729859 1.0 60
1773962730390 1.0 61
1773962730891 1.0 62
1773962731393 0.9983525535420099 63
1773962731919 1.0 64
1773962732447 1.0 65
1773962732949 0.99945085118067 66
1773962733451 1.0 67
1773962733985 1.0 68
1773962734517 1.0 69
1773962735049 1.0 70
1773962735557 1.0 71
1773962736066 1.0 72
1773962736571 1.0 73
1773962737076 0.99945085118067 74
1773962737582 1.0 75
1773962738090 1.0 76
1773962738598 1.0 77
1773962739116 1.0 78
1773962739624 1.0 79
1773962740160 1.0 80
1773962740696 1.0 81
1773962741214 1.0 82
1773962741754 1.0 83
1773962742268 0.99945085118067 84
1773962742783 0.99945085118067 85
1773962743296 0.99945085118067 86
1773962743811 0.99945085118067 87
1773962744324 1.0 88
1773962744841 0.99945085118067 89
1773962745366 1.0 90
1773962745894 1.0 91
1773962746420 1.0 92
1773962746945 1.0 93
1773962747474 1.0 94
1773962747995 0.9989017023613399 95
1773962748517 1.0 96
1773962749044 1.0 97
