1773961868647 295.48998403549194 0
1773961894954 208.19977915287018 1
1773961920964 175.9278256893158 2
1773961947216 159.0491989850998 3
1773961973363 142.66920882463455 4
1773961999216 129.1173488497734 5
1773962025627 120.21940636634827 6
1773962051870 111.3811005949974 7
1773962078269 104.61659759283066 8
1773962104402 96.48324698209763 9
1773962130645 91.07219856977463 10
1773962156839 84.68806344270706 11
1773962183293 81.71927881240845 12
1773962209305 76.11876082420349 13
1773962235497 68.3830897808075 14
1773962261517 62.99455839395523 15
1773962287647 62.1022946536541 16
1773962313808 57.1780409514904 17
1773962340166 59.73827436566353 18
1773962366410 56.76308012008667 19
1773962392732 49.18557949364185 20
1773962419130 42.21772213280201 21
1773962445382 38.809228986501694 22
1773962471198 37.41519024968147 23
1773962497473 35.47671826183796 24
1773962523852 33.64168035984039 25
1773962550295 30.70394040644169 26
1773962576732 28.294486343860626 27
1773962603260 25.575807586312294 28
1773962629601 24.51610468327999 29
