1774219515057 0.6580584575654419 0
1774219515845 0.7499706538326094 1
1774219516675 0.7669914309191219 2
1774219517470 0.785186054701256 3
1774219518245 0.798802676370466 4
1774219519017 0.8120671440309896 5
1774219519830 0.8295574597957507 6
1774219520612 0.8492780842821928 7
1774219521451 0.8648902453339594 8
1774219522253 0.8904801032985092 9
1774219523066 0.9058574950111515 10
1774219523861 0.9271041202019016 11
1774219524648 0.942481511914544 12
1774219525428 0.949289822749149 13
1774219526245 0.9640802911139805 14
1774219527049 0.9681887545486559 15
1774219527838 0.9704190632703369 16
1774219528619 0.9792229134874986 17
1774219529407 0.9798098368353093 18
1774219530200 0.9792229134874986 19
1774219531010 0.9853269163047306 20
1774219531813 0.9850921469656063 21
1774219532599 0.9866181476699143 22
