1774387843670 0.06856908232395811 0
1774387845710 0.16546910285362348 1
1774387847997 0.2982276055566961 2
1774387850046 0.41476767262026965 3
1774387852070 0.4978443851365223 4
1774387854316 0.5637446109628413 5
1774387856589 0.6252651748443167 6
1774387858676 0.669061794292753 7
1774387860983 0.7042359542872785 8
1774387863097 0.7392732498460275 9
1774387865201 0.7705467734209266 10
1774387867513 0.7914185998768221 11
1774387869630 0.8155751727913502 12
1774387871876 0.8364469992472456 13
1774387874178 0.8514336549647574 14
1774387876267 0.8647095052350646 15
1774387878360 0.8759323889687265 16
1774387880681 0.8911243413399028 17
1774387882788 0.8932457400944365 18
1774387884888 0.9040580305207692 19
1774387887158 0.9098063368233764 20
1774387889449 0.915280914254431 21
1774387891531 0.9213713816464791 22
1774387893843 0.9268459590775338 23
1774387895971 0.9321152398549237 24
1774387898080 0.9364949017997674 25
1774387900190 0.9432012591528092 26
1774387902493 0.9453226579073428 27
1774387904736 0.9480599466228701 28
1774387906806 0.95031820981318 29
1774387909065 0.9556559228084582 30
1774387911126 0.952165879696161 31
1774387913235 0.9594196947923083 32
1774387915496 0.9596934236638609 33
1774387917626 0.95859850817765 34
1774387919865 0.9621569835078355 35
1774387922180 0.9655101621843564 36
1774387924281 0.9693423663860946 37
1774387926417 0.9684527475535483 38
1774387928778 0.9707110107438582 39
1774387930896 0.9709163073975228 40
1774387933024 0.9703004174365292 41
1774387935513 0.9734482994593855 42
1774387937650 0.9720112228837336 43
1774387939737 0.9733114350236091 44
1774387942104 0.9775542325326764 45
1774387944219 0.9750906726887019 46
1774387946362 0.9772805036611236 47
1774387948694 0.9778963936221173 48
1774387950798 0.9785122835831109 49
1774387953061 0.9785807158009991 50
1774387955368 0.9805652501197564 51
