1768650594938 0.8298265314930654 0
1768650595085 0.6904098630872012 1
1768650595231 0.6892914735212289 2
1768650595379 0.687360836272074 3
1768650595528 0.6846577115500756 4
1768650595677 0.8119844497400821 5
1768650595827 0.6897835650959531 6
1768650595977 0.6898614099126985 7
1768650596127 0.6898139786536169 8
1768650596282 0.6897392337386673 9
1768650596433 0.6897715456697472 10
1768650596585 0.689835385696308 11
1768650596751 0.6899495028160714 12
1768650596904 0.6907579353417209 13
1768650597057 0.6911623392786298 14
1768650597205 0.6899184490262772 15
1768650597357 0.6898873222840799 16
