1774180738731 239.7 0
1774180748739 3855.2 1
1774180758745 3855.2 2
1774180768751 3855.2 3
1774180778759 3855.2 4
1774180788778 3855.2 5
1774180798800 3855.2 6
1774180808806 3855.2 7
1774180818814 3855.2 8
1774180828837 3855.2 9
1774180838848 3855.2 10
1774180848855 3855.2 11
1774180858862 3855.2 12
1774180868868 3855.2 13
1774180878875 3855.2 14
1774180888885 3855.2 15
1774180898896 3855.2 16
1774180908903 3855.2 17
1774180918911 3855.2 18
1774180928918 3855.2 19
1774180938925 3855.2 20
1774180948936 3855.2 21
1774180958948 3855.2 22
1774180968959 3855.2 23
1774180978966 3855.2 24
1774180988974 3855.2 25
1774180998981 3855.2 26
1774181008991 3855.2 27
1774181019003 3855.2 28
1774181029010 3855.2 29
1774181039021 3855.2 30
1774181049029 3855.2 31
1774181059037 3855.2 32
1774181069050 3855.2 33
1774181079058 3855.2 34
1774181089069 3855.2 35
1774181099077 3855.2 36
1774181109085 3855.2 37
1774181119102 3855.2 38
1774181129114 3855.2 39
1774181139122 3855.2 40
1774181149130 3855.2 41
1774181159138 3855.2 42
1774181169148 3855.2 43
1774181179156 3855.2 44
1774181189171 3855.2 45
1774181199179 3855.2 46
1774181209187 3855.2 47
1774181219198 3855.2 48
1774181229207 3855.2 49
1774181239216 3855.2 50
1774181249224 3855.2 51
1774181259234 3855.2 52
1774181269242 3855.2 53
1774181279255 3855.2 54
1774181289264 3855.2 55
1774181299272 3855.2 56
1774181309281 3855.2 57
1774181319296 3855.2 58
1774181329304 3855.2 59
1774181339317 3855.2 60
1774181349331 3855.2 61
1774181359345 3855.2 62
1774181369356 3855.2 63
1774181379371 3855.2 64
1774181389392 3855.2 65
1774181399401 3855.2 66
1774181409418 3855.2 67
1774181419438 3855.2 68
1774181429447 3855.2 69
1774181439462 3855.2 70
1774181449477 3855.2 71
1774181459486 3855.2 72
1774181469498 3855.2 73
1774181479514 3855.2 74
1774181489542 3855.2 75
1774181499551 3855.2 76
1774181509565 3855.2 77
1774181519576 3855.2 78
1774181529587 3855.2 79
1774181539599 3855.2 80
1774181549611 3855.2 81
1774181559620 3855.2 82
1774181569634 3855.2 83
1774181579649 3855.2 84
1774181589664 3855.2 85
1774181599674 3855.2 86
1774181609689 3855.2 87
1774181619701 3855.2 88
1774181629710 3855.2 89
1774181639720 3855.2 90
1774181649734 3855.2 91
1774181659745 3855.2 92
1774181669754 3855.2 93
1774181679769 3855.2 94
1774181689784 3855.2 95
1774181699793 3855.2 96
1774181709805 3855.2 97
1774181719816 3855.2 98
1774181729830 3855.2 99
1774181739843 3855.2 100
1774181749867 3855.2 101
1774181759877 3855.2 102
1774181769892 3855.2 103
1774181779902 3855.2 104
1774181789925 3855.2 105
1774181799934 3855.2 106
1774181809942 3855.2 107
1774181819953 3855.2 108
1774181829964 3855.2 109
1774181839975 3855.2 110
1774181849985 3855.2 111
1774181859995 3855.2 112
1774181870009 3855.2 113
1774181880020 3855.2 114
1774181890030 3855.2 115
1774181900040 3855.2 116
1774181910050 3855.2 117
1774181920060 3855.2 118
1774181930070 3855.2 119
1774181940081 3855.2 120
1774181950091 3855.2 121
1774181960102 3855.2 122
1774181970129 3855.2 123
