1774180738731 5.9 0
1774180748739 97.0 1
1774180758745 85.1 2
1774180768751 98.6 3
1774180778759 120.6 4
1774180788778 122.3 5
1774180798800 166.3 6
1774180808806 92.8 7
1774180818814 98.6 8
1774180828837 144.8 9
1774180838848 86.2 10
1774180848855 100.1 11
1774180858862 91.0 12
1774180868868 107.3 13
1774180878875 88.6 14
1774180888885 160.4 15
1774180898896 95.9 16
1774180908903 191.6 17
1774180918911 95.1 18
1774180928918 89.6 19
1774180938925 98.4 20
1774180948936 180.0 21
1774180958948 96.5 22
1774180968959 98.7 23
1774180978966 78.7 24
1774180988974 79.0 25
1774180998981 83.3 26
1774181008991 108.9 27
1774181019003 101.8 28
1774181029010 92.7 29
1774181039021 85.3 30
1774181049029 108.6 31
1774181059037 117.3 32
1774181069050 113.1 33
1774181079058 74.2 34
1774181089069 99.8 35
1774181099077 88.5 36
1774181109085 102.2 37
1774181119102 90.2 38
1774181129114 83.1 39
1774181139122 102.2 40
1774181149130 78.5 41
1774181159138 113.9 42
1774181169148 90.8 43
1774181179156 91.0 44
1774181189171 130.4 45
1774181199179 155.4 46
1774181209187 89.4 47
1774181219198 86.4 48
1774181229207 103.6 49
1774181239216 109.8 50
1774181249224 140.5 51
1774181259234 88.9 52
1774181269242 112.9 53
1774181279255 93.3 54
1774181289264 83.7 55
1774181299272 169.5 56
1774181309281 88.5 57
1774181319296 113.3 58
1774181329304 84.7 59
1774181339317 72.8 60
1774181349331 103.1 61
1774181359345 86.4 62
1774181369356 94.9 63
1774181379371 176.5 64
1774181389392 161.6 65
1774181399401 105.8 66
1774181409418 170.8 67
1774181419438 90.7 68
1774181429447 74.2 69
1774181439462 89.3 70
1774181449477 95.3 71
1774181459486 104.4 72
1774181469498 117.1 73
1774181479514 135.0 74
1774181489542 149.7 75
1774181499551 102.8 76
1774181509565 97.2 77
1774181519576 104.7 78
1774181529587 92.2 79
1774181539599 105.9 80
1774181549611 166.4 81
1774181559620 94.7 82
1774181569634 97.5 83
1774181579649 98.7 84
1774181589664 79.8 85
1774181599674 100.8 86
1774181609689 95.3 87
1774181619701 121.2 88
1774181629710 111.7 89
1774181639720 86.5 90
1774181649734 130.7 91
1774181659745 89.3 92
1774181669754 115.4 93
1774181679769 118.5 94
1774181689784 86.4 95
1774181699793 79.2 96
1774181709805 113.1 97
1774181719816 89.7 98
1774181729830 121.4 99
1774181739843 94.9 100
1774181749867 145.1 101
1774181759877 177.0 102
1774181769892 101.7 103
1774181779902 81.4 104
1774181789925 127.9 105
1774181799934 94.1 106
1774181809942 69.8 107
1774181819953 96.6 108
1774181829964 139.8 109
1774181839975 86.0 110
1774181849985 89.1 111
1774181859995 74.0 112
1774181870009 128.5 113
1774181880020 137.2 114
1774181890030 89.3 115
1774181900040 77.7 116
1774181910050 177.3 117
1774181920060 100.9 118
1774181930070 81.4 119
1774181940081 102.6 120
1774181950091 122.7 121
1774181960102 88.7 122
1774181970129 85.6 123
