1774180738731 32.9 0
1774180748739 36.1 1
1774180758745 36.2 2
1774180768751 37.4 3
1774180778759 36.6 4
1774180788778 36.2 5
1774180798800 36.2 6
1774180808806 36.3 7
1774180818814 36.2 8
1774180828837 36.7 9
1774180838848 36.2 10
1774180848855 36.2 11
1774180858862 36.2 12
1774180868868 36.3 13
1774180878875 36.3 14
1774180888885 36.3 15
1774180898896 37.1 16
1774180908903 36.2 17
1774180918911 36.3 18
1774180928918 36.3 19
1774180938925 36.4 20
1774180948936 36.4 21
1774180958948 36.4 22
1774180968959 36.4 23
1774180978966 36.4 24
1774180988974 36.4 25
1774180998981 36.4 26
1774181008991 36.5 27
1774181019003 36.5 28
1774181029010 37.0 29
1774181039021 36.5 30
1774181049029 36.6 31
1774181059037 36.7 32
1774181069050 36.6 33
1774181079058 36.6 34
1774181089069 36.6 35
1774181099077 36.7 36
1774181109085 36.7 37
1774181119102 37.0 38
1774181129114 36.8 39
1774181139122 36.8 40
1774181149130 36.7 41
1774181159138 37.0 42
1774181169148 36.7 43
1774181179156 36.8 44
1774181189171 36.9 45
1774181199179 36.9 46
1774181209187 36.8 47
1774181219198 36.5 48
1774181229207 36.6 49
1774181239216 36.7 50
1774181249224 36.7 51
1774181259234 38.3 52
1774181269242 36.8 53
1774181279255 36.5 54
1774181289264 36.6 55
1774181299272 36.8 56
1774181309281 36.7 57
1774181319296 36.7 58
1774181329304 36.8 59
1774181339317 36.6 60
1774181349331 37.0 61
1774181359345 36.8 62
1774181369356 36.8 63
1774181379371 36.2 64
1774181389392 37.8 65
1774181399401 36.2 66
1774181409418 36.3 67
1774181419438 36.4 68
1774181429447 36.4 69
1774181439462 36.2 70
1774181449477 36.3 71
1774181459486 36.3 72
1774181469498 36.3 73
1774181479514 36.4 74
1774181489542 36.9 75
1774181499551 36.2 76
1774181509565 36.2 77
1774181519576 37.0 78
1774181529587 36.3 79
1774181539599 36.4 80
1774181549611 36.5 81
1774181559620 36.4 82
1774181569634 36.4 83
1774181579649 36.4 84
1774181589664 36.4 85
1774181599674 36.4 86
1774181609689 36.4 87
1774181619701 36.5 88
1774181629710 36.4 89
1774181639720 36.4 90
1774181649734 36.7 91
1774181659745 36.5 92
1774181669754 36.6 93
1774181679769 36.5 94
1774181689784 36.5 95
1774181699793 36.5 96
1774181709805 36.6 97
1774181719816 36.7 98
1774181729830 36.7 99
1774181739843 36.6 100
1774181749867 38.4 101
1774181759877 36.6 102
1774181769892 36.7 103
1774181779902 36.7 104
1774181789925 36.8 105
1774181799934 36.7 106
1774181809942 36.7 107
1774181819953 36.8 108
1774181829964 36.8 109
1774181839975 36.8 110
1774181849985 36.8 111
1774181859995 36.8 112
1774181870009 36.8 113
1774181880020 37.5 114
1774181890030 36.9 115
1774181900040 37.1 116
1774181910050 36.9 117
1774181920060 36.9 118
1774181930070 36.9 119
1774181940081 36.9 120
1774181950091 36.9 121
1774181960102 37.0 122
1774181970129 37.0 123
