1773593053516 0.0 0
1773593063525 96.0 1
1773593073534 96.0 2
1773593083542 95.0 3
1773593093574 93.0 4
1773593103582 98.0 5
1773593113594 97.0 6
1773593123609 91.0 7
1773593133621 93.0 8
1773593143631 95.0 9
1773593153638 95.0 10
1773593163647 95.0 11
1773593173655 95.0 12
1773593183663 96.0 13
1773593193714 96.0 14
1773593203729 93.0 15
1773593213743 93.0 16
1773593223754 93.0 17
1773593233790 95.0 18
1773593243814 95.0 19
1773593253826 97.0 20
1773593263835 92.0 21
1773593273843 96.0 22
1773593283852 92.0 23
1773593293861 96.0 24
1773593303876 95.0 25
1773593313887 94.0 26
1773593323904 96.0 27
1773593333922 92.0 28
1773593343955 97.0 29
1773593353965 96.0 30
1773593363981 97.0 31
1773593373991 96.0 32
1773593384004 95.0 33
1773593394019 98.0 34
1773593404033 73.0 35
1773593414044 96.0 36
1773593424054 97.0 37
1773593434075 96.0 38
1773593444093 97.0 39
1773593454110 96.0 40
1773593464138 95.0 41
1773593474172 88.0 42
1773593484181 97.0 43
1773593494212 96.0 44
