1773593053516 426.3 0
1773593063525 1393.1 1
1773593073534 1319.7 2
1773593083542 1430.8 3
1773593093574 789.1 4
1773593103582 1460.2 5
1773593113594 1491.7 6
1773593123609 1359.5 7
1773593133621 1516.8 8
1773593143631 738.8 9
1773593153638 1458.1 10
1773593163647 1458.1 11
1773593173655 1384.7 12
1773593183663 1565.1 13
1773593193714 1588.1 14
1773593203729 1393.1 15
1773593213743 1395.2 16
1773593223754 1428.8 17
1773593233790 1395.2 18
1773593243814 1493.8 19
1773593253826 1359.5 20
1773593263835 1105.8 21
1773593273843 1449.7 22
1773593283852 1449.7 23
1773593293861 1428.8 24
1773593303876 1491.7 25
1773593313887 1393.1 26
1773593323904 1428.8 27
1773593333922 738.8 28
1773593343955 736.7 29
1773593353965 1384.7 30
1773593363981 1516.8 31
1773593373991 1451.8 32
1773593384004 1458.1 33
1773593394019 1565.1 34
1773593404033 738.8 35
1773593414044 1393.1 36
1773593424054 1451.8 37
1773593434075 1460.2 38
1773593444093 1246.3 39
1773593454110 1382.6 40
1773593464138 1424.6 41
1773593474172 738.8 42
1773593484181 1284.0 43
1773593494212 1393.1 44
