1768605759319 0.0 0
1768605769327 0.8425779999997758 1
1768605779334 1.3303429999996297 2
1768605789361 3.5047160000003714 3
1768605799373 4.326090999999906 4
1768605809395 4.799906999999621 5
1768605819407 6.892337999999654 6
1768605829415 7.735067999999956 7
1768605839440 8.205033999999614 8
1768605849458 10.329294000000118 9
1768605859475 11.146630999999616 10
1768605869508 11.604887000000417 11
1768605879534 13.71318700000029 12
1768605889543 14.528887999999824 13
1768605899589 15.001094000000194 14
1768605909601 17.14496599999984 15
1768605919622 17.92054300000018 16
1768605929630 18.3806569999997 17
1768605939646 20.49953000000005 18
1768605949655 21.311502999999902 19
