1773971710050 0.053379809992481715 0
1773971711552 0.8031576789009637 1
1773971713000 0.8285147973480965 2
1773971714447 0.8422527510081335 3
1773971715898 0.8520948670630852 4
1773971717349 0.856469140865286 5
1773971718806 0.8562640967808078 6
1773971720268 0.8629622035404279 7
1773971721730 0.8679516095960631 8
1773971723190 0.8716424031166701 9
1773971724654 0.8727359715672203 10
1773971726119 0.8751965005809582 11
1773971727586 0.8801859066365936 12
1773971729123 0.8821679994532158 13
1773971730667 0.886952361424373 14
1773971732205 0.8898913266352265 15
1773971733671 0.8931036839587178 16
1773971735141 0.8916000273392113 17
1773971736606 0.8952224728316588 18
1773971738070 0.8991866584649033 19
1773971739538 0.9040393684642198 20
1773971741008 0.9090287745198551 21
1773971742549 0.9103957350830428 22
1773971744090 0.9126512200123027 23
1773971745632 0.9168204497300253 24
1773971747175 0.9199644590253572 25
1773971748716 0.9257740414189051 26
1773971750258 0.9258423894470644 27
1773971751801 0.9311735356434967 28
1773971753347 0.9320620600095687 29
1773971754898 0.9350010252204224 30
1773971756447 0.9367780739525665 31
1773971757997 0.9421092201489987 32
1773971759559 0.9415624359237236 33
1773971761119 0.9438862688811428 34
1773971762668 0.9482605426833436 35
1773971764220 0.9499008953591689 36
1773971765767 0.9518829881757911 37
1773971767331 0.9524297724010662 38
1773971768897 0.9560522178935138 39
1773971770457 0.9584443988790924 40
1773971772007 0.959264575217005 41
1773971773561 0.9600164035267582 42
1773971775111 0.9621351923996992 43
1773971776664 0.9635705009910465 44
1773971778218 0.9658259859203062 45
1773971779770 0.9687649511311599 46
1773971781317 0.9664411181737407 47
1773971782865 0.9697218235253913 48
1773971784418 0.9699952156380288 49
1773971785985 0.9716355683138541 50
1773971787464 0.97320757296152 51
1773971789019 0.9742327933839109 52
1773971790573 0.9760098421160549 53
1773971792136 0.9774451507074021 54
1773971793690 0.9780602829608366 55
1773971795248 0.9784020231016335 56
1773971796730 0.9799740277492994 57
1773971798214 0.9799056797211401 58
1773971799696 0.9804524639464152 59
1773971801182 0.98325473310095 60
1773971802668 0.9827762969038343 61
1773971804158 0.9827079488756749 62
1773971805714 0.9834597771854282 63
1773971807273 0.9853051739457317 64
1773971808757 0.9846900416922971 65
1773971810251 0.9865354384526006 66
1773971811740 0.9854418700020504 67
1773971813225 0.9867404825370788 68
1773971814713 0.9872872667623539 69
1773971816205 0.9883124871847447 70
1773971817700 0.9886542273255416 71
1773971819193 0.9902945800013669 72
1773971820687 0.9889959674663386 73
1773971822182 0.9894744036634543 74
1773971823681 0.990841364226642 75
1773971825180 0.9907730161984827 76
1773971826747 0.9917982366208735 77
1773971828245 0.9920032807053516 78
1773971829743 0.9923450208461486 79
1773971831238 0.9921399767616704 80
1773971832735 0.9922766728179891 81
1773971834238 0.9926867609869455 82
1773971835735 0.9940537215501333 83
1773971837232 0.9940537215501333 84
1773971838732 0.9939853735219739 85
1773971840232 0.9946688538035677 86
1773971841732 0.9946005057754084 87
1773971843227 0.994532157747249 88
1773971844732 0.9951472900006835 89
1773971846236 0.9958307702822774 90
1773971847744 0.9948738978880459 91
