1774131467338 0.5139901246179167 0
1774131467819 0.5693628027274865 1
1774131468089 0.5726545967552316 2
1774131468537 0.6226193275335058 3
1774131468815 0.6650599576769339 4
1774131469249 0.6910416176816365 5
1774131469505 0.7411239125323301 6
1774131469785 0.7632259581471902 7
1774131470245 0.771690571361392 8
1774131470508 0.7778039031272044 9
1774131470793 0.7894427462967317 10
1774131471263 0.7954385139901247 11
1774131471563 0.7969668469315777 12
1774131471856 0.8068422290148131 13
1774131472298 0.8171878673877263 14
1774131472731 0.8237714554432165 15
1774131473013 0.831413120150482 16
1774131473497 0.8372913237714554 17
1774131473743 0.8479896543616271 18
1774131474027 0.8501058076651775 19
1774131474475 0.8550434987067952 20
1774131474737 0.8533976016929227 21
1774131474990 0.8666823418763226 22
1774131475457 0.8665647778039032 23
1774131475750 0.8696214436868093 24
1774131476034 0.8793792616976253 25
1774131476524 0.8774982365389137 26
1774131476791 0.8766752880319775 27
1774131477094 0.8846696449565012 28
1774131477717 0.8853750293910181 29
1774131477975 0.8889019515636022 30
1774131478245 0.8904302845050552 31
1774131478704 0.8961909240536092 32
1774131478998 0.894897719256995 33
1774131479277 0.8957206677639313 34
1774131479752 0.8984246414295791 35
