1768606620588 0.0 0
1768606630603 19.6 1
1768606640620 13.5 2
1768606650629 11.6 3
1768606660639 19.2 4
1768606670648 13.0 5
1768606680659 12.0 6
1768606690667 15.8 7
1768606700674 16.3 8
1768606710692 11.9 9
1768606720700 14.4 10
1768606730708 17.6 11
1768606740724 12.3 12
1768606750731 14.3 13
1768606760739 17.9 14
1768606770757 11.6 15
1768606780766 14.5 16
1768606790779 17.4 17
1768606800786 12.3 18
1768606810794 14.3 19
1768606820803 13.3 20
1768606830820 16.0 21
1768606840829 16.4 22
1768606850836 13.1 23
1768606860844 16.8 24
1768606870854 14.4 25
1768606880884 12.9 26
1768606890894 16.1 27
1768606900912 14.0 28
1768606910924 12.8 29
1768606920936 14.0 30
1768606930963 16.3 31
1768606940971 13.1 32
1768606950979 11.7 33
1768606960992 18.8 34
1768606971003 13.3 35
1768606981033 12.1 36
1768606991051 18.9 37
1768607001068 13.2 38
1768607011095 11.4 39
1768607021103 18.3 40
1768607031111 13.2 41
1768607041124 11.8 42
1768607051132 14.2 43
1768607061140 18.1 44
1768607071152 11.9 45
1768607081165 14.0 46
1768607091183 18.2 47
1768607101194 11.6 48
1768607111211 13.7 49
1768607121223 17.8 50
1768607131232 11.6 51
1768607141260 13.8 52
1768607151284 16.4 53
1768607161295 13.6 54
1768607171304 14.3 55
1768607181313 13.2 56
1768607191321 16.7 57
1768607201334 14.3 58
1768607211351 13.0 59
1768607221362 16.6 60
