1768606620588 210170.4 0
1768606630603 210170.6 1
1768606640620 210170.6 2
1768606650629 210170.6 3
1768606660639 210170.7 4
1768606670648 210170.7 5
1768606680659 210170.7 6
1768606690667 210170.7 7
1768606700674 210170.8 8
1768606710692 210170.8 9
1768606720700 210170.8 10
1768606730708 210170.8 11
1768606740724 210170.8 12
1768606750731 210170.9 13
1768606760739 210170.9 14
1768606770757 210170.9 15
1768606780766 210170.9 16
1768606790779 210170.9 17
1768606800786 210170.9 18
1768606810794 210171.0 19
1768606820803 210171.0 20
1768606830820 210171.0 21
1768606840829 210171.0 22
1768606850836 210171.0 23
1768606860844 210171.0 24
1768606870854 210171.1 25
1768606880884 210171.1 26
1768606890894 210171.1 27
1768606900912 210171.1 28
1768606910924 210171.2 29
1768606920936 210171.2 30
1768606930963 210171.2 31
1768606940971 210171.2 32
1768606950979 210171.3 33
1768606960992 210171.3 34
1768606971003 210171.3 35
1768606981033 210171.3 36
1768606991051 210171.3 37
1768607001068 210171.3 38
1768607011095 210171.4 39
1768607021103 210171.4 40
1768607031111 210171.4 41
1768607041124 210171.4 42
1768607051132 210171.4 43
1768607061140 210171.5 44
1768607071152 210171.5 45
1768607081165 210171.5 46
1768607091183 210171.5 47
1768607101194 210171.5 48
1768607111211 210171.6 49
1768607121223 210171.6 50
1768607131232 210171.6 51
1768607141260 210171.6 52
1768607151284 210171.6 53
1768607161295 210171.7 54
1768607171304 210171.7 55
1768607181313 210171.7 56
1768607191321 210171.7 57
1768607201334 210171.7 58
1768607211351 210171.8 59
1768607221362 210171.8 60
