1768606620588 338.8 0
1768606630603 3948.0 1
1768606640620 3948.0 2
1768606650629 3948.0 3
1768606660639 3948.0 4
1768606670648 3948.0 5
1768606680659 3948.0 6
1768606690667 3948.0 7
1768606700674 3948.0 8
1768606710692 3948.0 9
1768606720700 3948.0 10
1768606730708 3948.0 11
1768606740724 3948.0 12
1768606750731 3948.0 13
1768606760739 3948.0 14
1768606770757 3948.0 15
1768606780766 3948.0 16
1768606790779 3948.0 17
1768606800786 3948.0 18
1768606810794 3948.0 19
1768606820803 3948.0 20
1768606830820 3948.0 21
1768606840829 3948.0 22
1768606850836 3948.0 23
1768606860844 3948.0 24
1768606870854 3948.0 25
1768606880884 3948.0 26
1768606890894 3948.0 27
1768606900912 3948.0 28
1768606910924 3948.0 29
1768606920936 3948.0 30
1768606930963 3948.0 31
1768606940971 3948.0 32
1768606950979 3948.0 33
1768606960992 3948.0 34
1768606971003 3948.0 35
1768606981033 3948.0 36
1768606991051 3948.0 37
1768607001068 3948.0 38
1768607011095 3948.0 39
1768607021103 3948.0 40
1768607031111 3948.0 41
1768607041124 3948.0 42
1768607051132 3948.0 43
1768607061140 3948.0 44
1768607071152 3948.0 45
1768607081165 3948.0 46
1768607091183 3948.0 47
1768607101194 3948.0 48
1768607111211 3948.0 49
1768607121223 3948.0 50
1768607131232 3948.0 51
1768607141260 3948.0 52
1768607151284 3948.0 53
1768607161295 3948.0 54
1768607171304 3948.0 55
1768607181313 3948.0 56
1768607191321 3948.0 57
1768607201334 3948.0 58
1768607211351 3948.0 59
1768607221362 3948.0 60
