1768606620588 0.0 0
1768606630603 1.8443109999989247 1
1768606640620 2.948105999999825 2
1768606650629 3.409128999999666 3
1768606660639 5.219348999999056 4
1768606670648 6.3396279999997205 5
1768606680659 6.827981999998883 6
1768606690667 8.621208999998998 7
1768606700674 9.767303999999058 8
1768606710692 10.239827999999761 9
1768606720700 12.094565999999759 10
1768606730708 13.237670999998954 11
1768606740724 13.698905999999624 12
1768606750731 15.505817999999636 13
1768606760739 16.633232000000135 14
1768606770757 17.10207999999875 15
1768606780766 18.914479999999458 16
1768606790779 20.060397999999623 17
1768606800786 20.53622600000017 18
1768606810794 22.32961400000022 19
1768606820803 23.42014999999992 20
1768606830820 23.87989899999957 21
1768606840829 25.706613999998808 22
1768606850836 26.784255999999004 23
1768606860844 27.284272999999303 24
1768606870854 29.056416999999783 25
1768606880884 30.154889999999796 26
1768606890894 30.70849300000009 27
1768606900912 32.334476999998515 28
1768606910924 33.55162899999959 29
1768606920936 34.128271999999924 30
1768606930963 35.7213699999993 31
1768606940971 36.98031699999956 32
1768606950979 37.54435099999864 33
1768606960992 39.03501899999901 34
1768606971003 40.37536699999873 35
1768606981033 40.986322999999174 36
1768606991051 42.43504799999937 37
1768607001068 43.78964799999994 38
1768607011095 44.36937299999954 39
1768607021103 45.90247199999976 40
1768607031111 47.286455999999816 41
1768607041124 47.8698749999985 42
1768607051132 49.325237999999445 43
1768607061140 50.70526400000017 44
1768607071152 51.27220999999918 45
1768607081165 52.71781799999917 46
1768607091183 54.09012799999982 47
1768607101194 54.63951300000008 48
1768607111211 56.13167900000008 49
1768607121223 57.49836200000027 50
1768607131232 58.04621599999882 51
1768607141260 59.53180900000007 52
1768607151284 60.82101799999873 53
1768607161295 61.461379999998826 54
1768607171304 62.95603099999971 55
1768607181313 64.20161899999948 56
1768607191321 64.86026599999968 57
1768607201334 66.32679599999938 58
1768607211351 67.60983399999895 59
1768607221362 68.26598999999987 60
