1768606620588 0.0 0
1768606630603 1.8441910000001371 1
1768606640620 2.9478619999999864 2
1768606650629 3.409077000000252 3
1768606660639 5.219052999999803 4
1768606670648 6.339332000000468 5
1768606680659 6.827562000000398 6
1768606690667 8.620668999999907 7
1768606700674 9.749260000000504 8
1768606710692 10.213728000000629 9
1768606720700 12.005090000000564 10
1768606730708 13.147853000000396 11
1768606740724 13.608062000000245 12
1768606750731 15.414848000000347 13
1768606760739 16.5421580000002 14
1768606770757 17.010831000000508 15
1768606780766 18.823033000000578 16
1768606790779 19.96894500000053 17
1768606800786 20.444148999999925 18
1768606810794 22.23718000000008 19
1768606820803 23.327612000000045 20
1768606830820 23.787301000000298 21
1768606840829 25.613334000000577 22
1768606850836 26.690975999999864 23
1768606860844 27.192192000000432 24
1768606870854 28.964262000000417 25
1768606880884 30.06254799999988 26
1768606890894 30.616234000000077 27
1768606900912 32.24242800000047 28
1768606910924 33.45958000000064 29
1768606920936 34.03609899999992 30
1768606930963 35.62907700000051 31
1768606940971 36.88665000000037 32
1768606950979 37.450472000000445 33
1768606960992 38.940896000000066 34
1768606971003 40.28122100000019 35
1768606981033 40.89205300000049 36
1768606991051 42.34070400000019 37
1768607001068 43.69518000000062 38
1768607011095 44.26958900000045 39
1768607021103 45.7396660000004 40
1768607031111 47.12347000000045 41
1768607041124 47.70628500000021 42
1768607051132 49.16098800000054 43
1768607061140 50.53904599999987 44
1768607071152 51.10552700000062 45
1768607081165 52.55065100000047 46
1768607091183 53.92224100000021 47
1768607101194 54.47137300000031 48
1768607111211 55.963402000000315 49
1768607121223 57.32996100000037 50
1768607131232 57.87781499999983 51
1768607141260 59.36268000000018 52
1768607151284 60.651889000000665 53
1768607161295 61.29212700000062 54
1768607171304 62.7867040000001 55
1768607181313 64.03216800000064 56
1768607191321 64.69081499999993 57
1768607201334 66.1571469999999 58
1768607211351 67.44018500000038 59
1768607221362 68.09621700000025 60
