1768606620588 7969.8 0
1768606630603 8428.4 1
1768606640620 8482.3 2
1768606650629 8491.9 3
1768606660639 8506.4 4
1768606670648 8506.6 5
1768606680659 8509.5 6
1768606690667 8628.9 7
1768606700674 8503.2 8
1768606710692 8505.5 9
1768606720700 8507.4 10
1768606730708 8501.8 11
1768606740724 8514.8 12
1768606750731 8490.4 13
1768606760739 8507.1 14
1768606770757 8509.0 15
1768606780766 8458.4 16
1768606790779 8731.7 17
1768606800786 8462.5 18
1768606810794 8390.7 19
1768606820803 8407.5 20
1768606830820 8405.2 21
1768606840829 8397.7 22
1768606850836 8422.9 23
1768606860844 8400.5 24
1768606870854 8399.7 25
1768606880884 8453.8 26
1768606890894 8405.1 27
1768606900912 8527.6 28
1768606910924 8407.6 29
1768606920936 8579.7 30
1768606930963 8457.5 31
1768606940971 8420.2 32
1768606950979 8425.8 33
1768606960992 8464.6 34
1768606971003 8423.4 35
1768606981033 8424.2 36
1768606991051 8431.2 37
1768607001068 8429.0 38
1768607011095 8408.4 39
1768607021103 8434.4 40
1768607031111 8421.4 41
1768607041124 8425.4 42
1768607051132 8463.6 43
1768607061140 8452.4 44
1768607071152 8447.4 45
1768607081165 8450.0 46
1768607091183 8441.6 47
1768607101194 8446.3 48
1768607111211 8502.2 49
1768607121223 8485.0 50
1768607131232 8441.9 51
1768607141260 8452.5 52
1768607151284 8729.5 53
1768607161295 8516.9 54
1768607171304 8448.6 55
1768607181313 8449.3 56
1768607191321 8455.7 57
1768607201334 8459.8 58
1768607211351 8439.8 59
1768607221362 8447.6 60
