1774136013050 3.1554457104627174 0
1774136015205 2.825225692124768 1
1774136017105 2.4061992458344696 2
1774136019199 2.0849687899973812 3
1774136021298 1.8309373022355524 4
1774136023225 1.5968067395608847 5
1774136025138 1.385570272761384 6
1774136027261 1.2158815823483742 7
1774136029189 1.0767963465469708 8
1774136031135 0.9711415641901827 9
1774136033416 0.8558032429564852 10
1774136035346 0.7736141977551655 11
1774136037251 0.705852787824078 12
1774136039416 0.6349640050207164 13
1774136041342 0.5640676404096514 14
1774136043233 0.5272728522034801 15
1774136045123 0.4829391609061021 16
1774136047226 0.44338240201266793 17
1774136049330 0.4200429251395974 18
1774136051228 0.3875795779618743 19
1774136053371 0.3601028444562789 20
1774136055328 0.3389819986692031 21
1774136057246 0.3073360522619148 22
1774136059400 0.2864603415974679 23
1774136061353 0.26451066434476556 24
1774136063450 0.2548605696452189 25
1774136065567 0.2390580356223541 26
1774136067508 0.23146064434620917 27
1774136069415 0.2130413650348433 28
1774136071529 0.20140808568257174 29
1774136073445 0.19343258746995445 30
1774136075369 0.17486559783864594 31
1774136077489 0.1699452513631488 32
1774136079579 0.17094571736127967 33
1774136081549 0.15359010014283578 34
1774136083707 0.15057750375345746 35
1774136085627 0.14414561427396028 36
1774136087551 0.13016586715344453 37
1774136089724 0.128140434855668 38
1774136091688 0.1260945379510452 39
1774136093803 0.12107663392023803 40
1774136095947 0.11159053718290987 41
1774136097905 0.10952650100952314 42
1774136099852 0.10064131690165369 43
1774136102002 0.10564307672841805 44
1774136103973 0.10053114099739566 45
1774136105947 0.10267362319266062 46
1774136108243 0.09804967725862 47
1774136110183 0.09272912361959847 48
1774136112189 0.09045721260960604 49
1774136114364 0.09041741438193707 50
