1768648863535 0.5946368747477304 0
1768648864070 0.4706124921364137 1
1768648864603 0.40681409362818305 2
1768648865132 0.3502336109620724 3
1768648865664 0.3220864973284344 4
1768648866194 0.3059456174636543 5
1768648866726 0.2808535582677858 6
1768648867255 0.27161487496911063 7
1768648867794 0.2533177624036362 8
1768648868334 0.23625427431606724 9
1768648868877 0.22613275197220498 10
1768648869423 0.22452088062998102 11
1768648870156 0.20520757752924618 12
1768648870689 0.20407109620877778 13
1768648871420 0.18440868834972157 14
1768648871956 0.18097631530273445 15
1768648872493 0.17961533423342368 16
