1774188862415 0.0 0
1774188872426 17.5 1
1774188882445 13.4 2
1774188892459 10.7 3
1774188902468 19.7 4
1774188912477 16.5 5
1774188922483 11.0 6
1774188932490 11.9 7
1774188942501 19.2 8
1774188952510 10.7 9
1774188962525 11.6 10
1774188972532 19.5 11
1774188982546 11.2 12
1774188992559 11.6 13
1774189002567 19.0 14
1774189012575 10.9 15
1774189022589 11.4 16
1774189032614 15.8 17
1774189042625 14.4 18
1774189052639 11.7 19
1774189062647 13.7 20
1774189072655 16.6 21
1774189082663 11.5 22
1774189092670 13.6 23
1774189102679 16.6 24
1774189112688 11.7 25
1774189122696 13.2 26
1774189132707 16.7 27
1774189142720 11.5 28
1774189152728 13.2 29
1774189162735 12.7 30
1774189172743 16.2 31
1774189182756 13.3 32
1774189192763 12.3 33
1774189202772 16.1 34
1774189212786 12.7 35
1774189222796 13.2 36
1774189232828 16.3 37
1774189242858 13.1 38
1774189252866 12.8 39
1774189262874 14.6 40
1774189272882 14.9 41
1774189282889 13.0 42
1774189292897 11.4 43
1774189302928 18.4 44
1774189312936 12.9 45
1774189322944 10.9 46
1774189332983 17.6 47
1774189342991 13.0 48
1774189353005 11.1 49
1774189363014 17.5 50
1774189373030 13.6 51
1774189383038 10.8 52
1774189393055 13.8 53
1774189403064 17.4 54
1774189413084 10.6 55
1774189423094 12.1 56
1774189433103 18.8 57
1774189443112 11.4 58
1774189453123 11.8 59
1774189463131 19.8 60
1774189473139 11.1 61
1774189483147 11.3 62
1774189493155 18.7 63
1774189503164 11.5 64
1774189513179 11.5 65
1774189523189 14.8 66
1774189533218 15.6 67
1774189543226 11.8 68
1774189553242 14.0 69
1774189563262 16.3 70
1774189573294 11.7 71
1774189583310 13.9 72
1774189593319 16.0 73
1774189603338 11.7 74
1774189613354 14.0 75
1774189623370 13.9 76
1774189633378 13.8 77
1774189643392 13.5 78
1774189653414 12.1 79
1774189663430 16.0 80
1774189673443 13.1 81
1774189683454 11.9 82
1774189693462 15.9 83
1774189703472 12.8 84
1774189713481 12.6 85
1774189723501 16.6 86
1774189733512 12.8 87
