1774188862415 239.7 0
1774188872426 4377.3 1
1774188882445 4377.3 2
1774188892459 4377.3 3
1774188902468 4377.3 4
1774188912477 4377.3 5
1774188922483 4377.3 6
1774188932490 4377.3 7
1774188942501 4377.3 8
1774188952510 4377.3 9
1774188962525 4377.3 10
1774188972532 4377.3 11
1774188982546 4377.3 12
1774188992559 4377.3 13
1774189002567 4377.3 14
1774189012575 4377.3 15
1774189022589 4377.3 16
1774189032614 4377.3 17
1774189042625 4377.3 18
1774189052639 4377.3 19
1774189062647 4377.3 20
1774189072655 4377.3 21
1774189082663 4377.3 22
1774189092670 4377.3 23
1774189102679 4377.3 24
1774189112688 4377.3 25
1774189122696 4377.3 26
1774189132707 4377.3 27
1774189142720 4377.3 28
1774189152728 4377.3 29
1774189162735 4377.3 30
1774189172743 4377.3 31
1774189182756 4377.3 32
1774189192763 4377.3 33
1774189202772 4377.3 34
1774189212786 4377.3 35
1774189222796 4377.3 36
1774189232828 4377.3 37
1774189242858 4377.3 38
1774189252866 4377.3 39
1774189262874 4377.3 40
1774189272882 4377.3 41
1774189282889 4377.3 42
1774189292897 4377.3 43
1774189302928 4377.3 44
1774189312936 4377.3 45
1774189322944 4377.3 46
1774189332983 4377.3 47
1774189342991 4377.3 48
1774189353005 4377.3 49
1774189363014 4377.3 50
1774189373030 4377.3 51
1774189383038 4377.3 52
1774189393055 4377.3 53
1774189403064 4377.3 54
1774189413084 4377.3 55
1774189423094 4377.3 56
1774189433103 4377.3 57
1774189443112 4377.3 58
1774189453123 4377.3 59
1774189463131 4377.3 60
1774189473139 4377.3 61
1774189483147 4377.3 62
1774189493155 4377.3 63
1774189503164 4377.3 64
1774189513179 4377.3 65
1774189523189 4377.3 66
1774189533218 4377.3 67
1774189543226 4377.3 68
1774189553242 4377.3 69
1774189563262 4377.3 70
1774189573294 4377.3 71
1774189583310 4377.3 72
1774189593319 4377.3 73
1774189603338 4377.3 74
1774189613354 4377.3 75
1774189623370 4377.3 76
1774189633378 4377.3 77
1774189643392 4377.3 78
1774189653414 4377.3 79
1774189663430 4377.3 80
1774189673443 4377.3 81
1774189683454 4377.3 82
1774189693462 4377.3 83
1774189703472 4377.3 84
1774189713481 4377.3 85
1774189723501 4377.3 86
1774189733512 4377.3 87
