1774188862415 5529.8 0
1774188872426 6076.0 1
1774188882445 6092.5 2
1774188892459 6089.5 3
1774188902468 6754.4 4
1774188912477 6177.5 5
1774188922483 6180.9 6
1774188932490 6191.4 7
1774188942501 6186.3 8
1774188952510 6176.1 9
1774188962525 6182.8 10
1774188972532 6256.8 11
1774188982546 6205.3 12
1774188992559 6210.9 13
1774189002567 6208.2 14
1774189012575 6205.0 15
1774189022589 6220.4 16
1774189032614 6334.0 17
1774189042625 6231.6 18
1774189052639 6130.5 19
1774189062647 6133.8 20
1774189072655 6132.4 21
1774189082663 6140.5 22
1774189092670 6128.3 23
1774189102679 6148.7 24
1774189112688 6158.7 25
1774189122696 6166.2 26
1774189132707 6438.5 27
1774189142720 6142.4 28
1774189152728 6150.6 29
1774189162735 6107.5 30
1774189172743 6098.6 31
1774189182756 6152.8 32
1774189192763 6112.2 33
1774189202772 6107.3 34
1774189212786 6121.3 35
1774189222796 6124.6 36
1774189232828 6119.3 37
1774189242858 6111.8 38
1774189252866 6111.1 39
1774189262874 6404.3 40
1774189272882 6118.8 41
1774189282889 6122.4 42
1774189292897 6123.0 43
1774189302928 6110.1 44
1774189312936 6128.0 45
1774189322944 6129.0 46
1774189332983 6111.9 47
1774189342991 6130.0 48
1774189353005 6143.0 49
1774189363014 6158.6 50
1774189373030 6129.0 51
1774189383038 6130.3 52
1774189393055 6207.4 53
1774189403064 6139.8 54
1774189413084 6144.2 55
1774189423094 6216.7 56
1774189433103 6142.7 57
1774189443112 6150.5 58
1774189453123 6157.5 59
1774189463131 6163.6 60
1774189473139 6171.2 61
1774189483147 6169.7 62
1774189493155 6424.2 63
1774189503164 6158.0 64
1774189513179 6166.7 65
1774189523189 6172.4 66
1774189533218 6177.7 67
1774189543226 6173.5 68
1774189553242 6177.1 69
1774189563262 6175.9 70
1774189573294 6184.4 71
1774189583310 6162.5 72
1774189593319 6156.6 73
1774189603338 6188.4 74
1774189613354 6210.2 75
1774189623370 6300.7 76
1774189633378 6152.3 77
1774189643392 6154.3 78
1774189653414 6169.1 79
1774189663430 6170.5 80
1774189673443 6163.1 81
1774189683454 6161.2 82
1774189693462 6163.6 83
1774189703472 6178.2 84
1774189713481 6193.5 85
1774189723501 6187.7 86
1774189733512 6175.5 87
