1774277363873 0.5092636022514071 0
1774277364387 0.5041041275797373 1
1774277365039 0.5148921200750469 2
1774277365547 0.6029549718574109 3
1774277366069 0.601078799249531 4
1774277366757 0.7104831144465291 5
1774277367280 0.7375703564727955 6
1774277367970 0.7768527204502814 7
1774277368492 0.8169559099437148 8
1774277368976 0.8409943714821764 9
1774277369870 0.8767589118198874 10
1774277370397 0.9027908067542214 11
1774277370880 0.9127579737335835 12
1774277371575 0.9298780487804879 13
1774277372131 0.9465290806754222 14
1774277372656 0.9563789868667918 15
1774277373347 0.963531894934334 16
1774277373864 0.9715056285178236 17
1774277374385 0.9737335834896811 18
1774277375054 0.9790103189493433 19
1774277375558 0.9798311444652908 20
1774277376085 0.9828799249530957 21
1774277376751 0.9841697936210131 22
1774277377403 0.9849906191369606 23
1774277377902 0.9862804878048781 24
1774277378575 0.9880393996247655 25
1774277379082 0.9892120075046904 26
1774277379613 0.9909709193245778 27
1774277380308 0.9895637898686679 28
1774277380845 0.9910881801125704 29
