1774140699046 0.1755370091667807 0
1774140738436 0.3102339581338076 1
1774140777909 0.3965658776850458 2
1774140817561 0.472362840333835 3
1774140856816 0.5267478451224518 4
1774140896222 0.5757969626487892 5
1774140935664 0.6015870844164728 6
1774140975336 0.6158845259269394 7
1774141014967 0.6493364345327678 8
1774141054372 0.6775892734984266 9
1774141094205 0.6948282938842523 10
1774141134069 0.7152141195786017 11
1774141173420 0.7243809002599535 12
1774141213000 0.7552332740456971 13
1774141252460 0.7600902996305924 14
1774141292134 0.7771925023943084 15
1774141331656 0.7952524285127924 16
1774141371361 0.8122178136543987 17
1774141411189 0.8166643863729648 18
1774141450864 0.8282254754412368 19
1774141490728 0.8404022438090026 20
1774141530379 0.8372554385004789 21
1774141569693 0.8659187303324668 22
1774141609000 0.85682035846217 23
1774141648585 0.8735805171706116 24
1774141688479 0.8829525242851279 25
1774141727878 0.890956355178547 26
1774141767846 0.8982760979614174 27
1774141807560 0.8982076891503625 28
1774141847081 0.900465179915173 29
1774141886631 0.908058557942263 30
1774141926403 0.9147626214256396 31
1774141965722 0.8978656450950883 32
1774142005806 0.9168148857572855 33
1774142045323 0.9324120946777945 34
