1774582820507 0.49120544090056284 0
1774582820695 0.8440431519699813 1
1774582820867 0.8585834896810507 2
1774582821040 0.8659709193245778 3
1774582821213 0.8734756097560976 4
1774582821388 0.8793386491557224 5
1774582821562 0.8840290806754222 6
1774582821741 0.8897748592870544 7
1774582821915 0.8941135084427767 8
1774582822089 0.8988039399624765 9
1774582822265 0.9036116322701688 10
1774582822442 0.9056050656660413 11
1774582822623 0.912875234521576 12
1774582822811 0.914282363977486 13
1774582823010 0.9203799249530957 14
1774582823209 0.9224906191369606 15
1774582823410 0.9260084427767354 16
1774582823599 0.9312851782363978 17
1774582823802 0.9343339587242027 18
1774582824006 0.9378517823639775 19
1774582824194 0.9409005628517824 20
1774582824398 0.9444183864915572 21
1774582824604 0.9473499061913696 22
1774582824810 0.9542682926829268 23
1774582825014 0.9532129455909943 24
1774582825206 0.9580206378986866 25
1774582825390 0.9611866791744841 26
1774582825576 0.962828330206379 27
1774582825765 0.9670497185741088 28
1774582825951 0.9674015009380863 29
1774582826135 0.9702157598499062 30
1774582826320 0.9738508442776735 31
1774582826507 0.9764305816135085 32
1774582826693 0.9765478424015009 33
1774582826880 0.9776031894934334 34
1774582827066 0.9792448405253283 35
1774582827256 0.9818245778611632 36
1774582827446 0.9847560975609756 37
1774582827638 0.9842870544090057 38
1774582827833 0.9855769230769231 39
