1774582820504 0.8416208624839783 0
1774582820690 0.4839645326137543 1
1774582820863 0.4279923737049103 2
1774582821036 0.39695194363594055 3
1774582821208 0.37559187412261963 4
1774582821384 0.36173495650291443 5
1774582821558 0.3499774634838104 6
1774582821737 0.33973580598831177 7
1774582821911 0.32943376898765564 8
1774582822085 0.320218950510025 9
1774582822260 0.31179603934288025 10
1774582822438 0.30312615633010864 11
1774582822619 0.29451388120651245 12
1774582822807 0.2866031527519226 13
1774582823006 0.27835312485694885 14
1774582823205 0.27023324370384216 15
1774582823405 0.2622832655906677 16
1774582823594 0.25370073318481445 17
1774582823798 0.24544775485992432 18
1774582824001 0.23721525073051453 19
1774582824189 0.22926005721092224 20
1774582824393 0.22112402319908142 21
1774582824599 0.21318773925304413 22
1774582824805 0.20403893291950226 23
1774582825009 0.19735437631607056 24
1774582825201 0.18899333477020264 25
1774582825385 0.18108808994293213 26
1774582825571 0.1742010861635208 27
1774582825760 0.16704213619232178 28
1774582825946 0.16158385574817657 29
1774582826130 0.15407916903495789 30
1774582826315 0.14693047106266022 31
1774582826502 0.14073503017425537 32
1774582826688 0.13505759835243225 33
1774582826874 0.12961599230766296 34
1774582827061 0.125312939286232 35
1774582827251 0.11920268833637238 36
1774582827440 0.11291695386171341 37
1774582827632 0.1086403876543045 38
1774582827827 0.10402193665504456 39
