1768650886571 0.6061603573947801 0
1768650886916 0.736068657418293 1
1768650887258 0.7966141547143193 2
1768650887603 0.8342346578885492 3
1768650887951 0.8578650364448624 4
1768650888545 0.872325417352457 5
1768650888903 0.8851399012461791 6
1768650889251 0.8912532330119916 7
1768650889603 0.9113566893957207 8
1768650889951 0.9224077122031508 9
1768650890303 0.9260521984481542 10
1768650890659 0.9299318128379968 11
1768650891013 0.9378086056901012 12
1768650891409 0.9411003997178462 13
1768650891813 0.9449800141076887 14
1768650892172 0.9496825770044675 15
1768650892527 0.9556783446978603 16
1768650892919 0.9562661650599577 17
