1773963378568 2.178999292176006 0
1773963384079 1.2493302446859038 1
1773963389636 0.9124467027265603 2
1773963395186 0.7259222594005087 3
1773963400704 0.575189481511195 4
1773963406220 0.46567852840307317 5
1773963411801 0.37551912828399525 6
1773963417344 0.30905167349952206 7
1773963422869 0.26141186986874326 8
1773963428444 0.22761831391822848 9
1773963433984 0.1902363778148155 10
1773963439534 0.17259558043132614 11
1773963445117 0.1666269518223059 12
1773963450658 0.1486110184510524 13
1773963456211 0.14301350479406952 14
1773963461747 0.11997218444715183 15
1773963467345 0.11303274179993662 16
1773963472939 0.10821985425651726 17
1773963478527 0.10105775088472417 18
1773963484091 0.09832949253051271 19
1773963489688 0.09033697756911561 20
1773963495230 0.09173626451054079 21
