1774274910360 44.439027547836304 0
1774274912433 42.18542242050171 1
1774274914512 37.973204135894775 2
1774274916624 32.960561990737915 3
1774274918747 29.72489821910858 4
1774274920837 26.483334064483643 5
1774274922925 23.54270327091217 6
1774274925032 21.86065709590912 7
1774274927031 20.560945630073547 8
1774274929137 19.812246918678284 9
1774274931195 18.302924275398254 10
1774274933317 17.434576511383057 11
1774274935428 16.459263384342194 12
1774274937443 15.620570242404938 13
1774274939506 15.069885015487671 14
1774274941514 14.580268383026123 15
1774274943627 14.007530808448792 16
1774274945720 13.72061574459076 17
1774274947821 14.621280908584595 18
1774274949901 13.46295964717865 19
1774274951961 11.887326180934906 20
1774274954019 10.761172890663147 21
1774274956108 9.876918315887451 22
1774274958255 9.703091025352478 23
1774274960360 9.56311810016632 24
1774274962450 9.446580410003662 25
1774274964494 8.91253200173378 26
1774274966623 8.759638130664825 27
1774274968708 9.62285852432251 28
1774274970818 8.273676216602325 29
1774274972885 7.710440814495087 30
1774274974941 7.063147068023682 31
1774274977047 6.8933989107608795 32
1774274979141 6.255785793066025 33
1774274981220 5.473275914788246 34
1774274983292 8.508478969335556 35
1774274985398 8.583976954221725 36
1774274987476 8.234717160463333 37
1774274989512 7.165990591049194 38
1774274991642 6.43017715215683 39
1774274993700 5.881663620471954 40
