1774588034648 0.13963502152962887 0
1774588054391 0.3215091244617593 1
1774588074194 0.42587656346114416 2
1774588094007 0.4700977376802679 3
1774588113747 0.5160959606315357 4
1774588133601 0.5434351718952908 5
1774588153333 0.573439956257262 6
1774588173177 0.5964732417469756 7
1774588192957 0.5957214134372223 8
1774588212741 0.6034447406192331 9
1774588232592 0.6103478914633312 10
1774588252439 0.6374820586426082 11
1774588272210 0.644863645683822 12
1774588291947 0.6516301004716014 13
1774588311697 0.6597635158225685 14
1774588331516 0.6730230332854897 15
1774588351311 0.6778757432848063 16
1774588371032 0.6805413163830224 17
1774588390773 0.6871027270863236 18
1774588410591 0.6937324858177841 19
1774588430501 0.6946210101838562 20
1774588450293 0.7093158362381246 21
1774588470030 0.711502973139225 22
1774588489867 0.7146469824345567 23
1774588509685 0.7187478641241201 24
1774588529454 0.7242840544050304 25
1774588549145 0.730572072995694 26
1774588568957 0.7298885927141002 27
1774588588853 0.7378853120087485 28
1774588608622 0.7343312145444604 29
1774588628370 0.7357665231358075 30
1774588648202 0.7392522725719363 31
1774588667949 0.7462921194723532 32
1774588687746 0.7421228897546306 33
1774588707583 0.7539470986262047 34
1774588727359 0.755245711161233 35
1774588747080 0.7592098967944775 36
1774588766860 0.7542204907388422 37
1774588786682 0.764062606793794 38
1774588806527 0.7615337297518967 39
1774588826333 0.7693254049620668 40
1774588846213 0.7672749641172852 41
1774588866005 0.7724694142573987 42
1774588885814 0.7626956462306063 43
1774588905667 0.7724694142573987 44
1774588925518 0.7789624769325405 45
1774588945282 0.7823115303123505 46
1774588965101 0.7856605836921605 47
1774588984914 0.7824482263686693 48
1774589004714 0.7866858041145512 49
1774589024514 0.7957760918597498 50
1774589044289 0.7894197252409269 51
1774589064067 0.7961861800287062 52
1774589083892 0.7957760918597498 53
1774589103691 0.7940673911557652 54
1774589123552 0.7955710477752717 55
1774589143411 0.8007654979153851 56
1774589163257 0.8032260269291231 57
1774589183081 0.8004237577745882 58
1774589202938 0.8078736928439615 59
1774589222795 0.8093090014353086 60
1774589242623 0.8061649921399767 61
1774589262380 0.811496138336409 62
1774589282217 0.8099924817169024 63
1774589302038 0.812726402843278 64
1774589321876 0.8080787369284396 65
1774589341679 0.8140933634064658 66
1774589361571 0.8171006766454788 67
1774589381375 0.8167589365046818 68
1774589401135 0.8142300594627845 69
1774589420925 0.8188777253776228 70
1774589440797 0.8110177021392933 71
1774589460666 0.8222267787574329 72
1774589480443 0.8227052149545485 73
1774589500282 0.8278996650946621 74
