1774708406911 0.2911478998495006 0
1774708435364 0.5109454097687782 1
1774708463997 0.5838007935422083 2
1774708492401 0.617594746203311 3
1774708520925 0.6458475851689698 4
1774708549352 0.6657545491859351 5
1774708577498 0.6838144753044192 6
1774708605908 0.683882884115474 7
1774708634324 0.7029689423997811 8
1774708662872 0.7134354904911753 9
1774708691400 0.7262279381584348 10
1774708719852 0.7297851963332878 11
1774708748235 0.7295115610890682 12
1774708776585 0.7401149268025722 13
1774708805160 0.7427828704337118 14
1774708833514 0.742235599945273 15
1774708862031 0.7406621972910111 16
1774708890650 0.747776713640717 17
1774708919139 0.7548912299904228 18
1774708947479 0.768367765768231 19
1774708975944 0.776918867150089 20
1774709004489 0.7742509235189492 21
1774709033016 0.7800656724586127 22
1774709061159 0.7552332740456971 23
1774709089683 0.7806129429470516 24
1774709118236 0.7845122451771788 25
1774709146781 0.7886851826515255 26
1774709175315 0.7858120125872212 27
1774709203502 0.7992885483650294 28
1774709231900 0.7987412778765905 29
1774709260309 0.8057873854152415 30
1774709288738 0.8136543986865509 31
1774709317279 0.8191955123819948 32
1774709345626 0.8202216445478178 33
1774709373913 0.8239157203447804 34
1774709402240 0.8278834313859625 35
1774709430645 0.8113969079217404 36
1774709459098 0.8244629908332193 37
1774709487528 0.8310302366944863 38
1774709516158 0.8349295389246135 39
1774709544475 0.829662060473389 40
1774709572800 0.8274729785196333 41
1774709601190 0.8362293063346559 42
1774709629307 0.8431385962511971 43
1774709657702 0.839170885210015 44
1774709686037 0.8410179231084963 45
1774709714337 0.8414967847858804 46
1774709742819 0.8456013134491722 47
1774709770978 0.841702011219045 48
1774709799704 0.8415651935969353 49
1774709828333 0.8468326720481598 50
1774709856688 0.8504583390340675 51
1774709884972 0.8598303461485839 52
1774709913381 0.8630455602681626 53
1774709941691 0.8613353399917909 54
1774709970275 0.8676973594198932 55
1774709998798 0.868313038719387 56
1774710026987 0.866329183198796 57
1774710055275 0.8661239567656314 58
1774710083699 0.874880284580654 59
1774710112345 0.877411410589684 60
1774710140630 0.8804898070871529 61
1774710168953 0.8801477630318785 62
1774710197259 0.8826104802298536 63
1774710225654 0.8847311533725544 64
1774710254156 0.8842522916951704 65
1774710282611 0.8807634423313723 66
1774710310982 0.8936927076207416 67
1774710339390 0.8840470652620057 68
1774710367764 0.8846627445614995 69
1774710396179 0.8958817895744972 70
1774710424668 0.897455192228759 71
1774710452946 0.8825420714187987 72
1774710481306 0.8853468326720482 73
1774710509972 0.8968395129292653 74
1774710538329 0.900465179915173 75
1774710566819 0.8965658776850458 76
