1774569860214 0.49214352720450283 0
1774569860605 0.564141651031895 1
1774569861117 0.6792917448405253 2
1774569861489 0.7562148217636022 3
1774569861858 0.8027673545966229 4
1774569862403 0.8486163227016885 5
1774569862783 0.8714821763602252 6
1774569863332 0.8938789868667918 7
1774569863703 0.9102954971857411 8
1774569864080 0.925656660412758 9
1774569864819 0.939141651031895 10
1774569865199 0.9426594746716698 11
1774569865582 0.9533302063789869 12
1774569866119 0.963297373358349 13
1774569866502 0.9620075046904315 14
1774569866879 0.9706848030018762 15
1774569867447 0.975609756097561 16
1774569867830 0.975844277673546 17
1774569868219 0.975375234521576 18
1774569868797 0.9798311444652908 19
