1768612095109 271.15407490730286 0
1768612121712 192.85040628910065 1
1768612148319 167.64206504821777 2
1768612174863 153.27570044994354 3
1768612201315 140.3346506357193 4
1768612227819 131.9441904425621 5
1768612254414 122.49592006206512 6
1768612280596 113.98897063732147 7
1768612306954 105.40171271562576 8
1768612333439 100.33313590288162 9
1768612359827 95.10489320755005 10
1768612386146 94.83048301935196 11
1768612412813 85.18373683094978 12
1768612439132 79.12119373679161 13
1768612465537 75.5491433441639 14
1768612491784 71.80826938152313 15
1768612518203 64.73608300089836 16
1768612544643 60.61567258834839 17
1768612571218 60.253761947155 18
1768612597402 56.85855966806412 19
1768612623884 49.97107733786106 20
1768612650329 47.04449725151062 21
1768612676707 46.344899386167526 22
1768612703187 45.91405929625034 23
1768612729569 40.27573148161173 24
1768612756004 35.867573872208595 25
1768612782591 38.19411078095436 26
1768612808859 33.5035729855299 27
1768612835485 29.498511277139187 28
1768612861994 29.880476146936417 29
1768612888539 27.420351892709732 30
1768612915073 22.78535422682762 31
1768612941516 25.84480521082878 32
1768612967704 22.768880359828472 33
1768612994226 18.8019848074764 34
1768613020394 28.139516480267048 35
1768613047003 34.859076753258705 36
1768613073308 19.261216022074223 37
1768613099634 15.596375938504934 38
1768613125731 13.875512124039233 39
1768613152091 12.42704227939248 40
1768613178303 11.62025953270495 41
1768613204721 12.278598692268133 42
1768613231087 14.010125063359737 43
1768613257733 11.635016628075391 44
