1774277063618 35.983164221048355 0
1774277064384 28.26518866419792 1
1774277065221 25.82165801525116 2
1774277066034 24.022309362888336 3
1774277066819 22.64014035463333 4
1774277067594 20.75549317896366 5
1774277068408 19.28346337378025 6
1774277069248 17.52221019566059 7
1774277070037 15.754512086510658 8
1774277070802 13.110906019806862 9
1774277071590 11.906499400734901 10
1774277072424 10.661972515285015 11
1774277073196 9.549495868384838 12
1774277073975 7.1523662358522415 13
1774277074743 6.499265309423208 14
1774277075509 5.371528998017311 15
1774277076288 6.7140135914087296 16
1774277077063 4.996604472398758 17
1774277077830 4.096053706482053 18
1774277078604 3.546566743403673 19
1774277079376 3.141450055874884 20
1774277080158 2.88165033608675 21
1774277080932 2.0727527029812336 22
1774277081720 4.015830360352993 23
1774277082543 2.4527810281142592 24
1774277083334 2.0064156549051404 25
1774277084110 1.3826755620539188 26
1774277084960 3.0931127294898033 27
1774277085730 1.7272785007953644 28
