1774809030513 42.73737746477127 0
1774809031483 35.599935829639435 1
1774809032367 33.74547937512398 2
1774809033239 32.68286535143852 3
1774809034122 32.133997827768326 4
1774809035082 31.303809106349945 5
1774809036005 31.0904541015625 6
1774809036882 30.206057727336884 7
1774809037756 29.352007627487183 8
1774809038699 29.133190006017685 9
1774809039574 28.814900189638138 10
1774809040454 28.59258008003235 11
1774809041325 27.512727200984955 12
1774809042199 27.01255664229393 13
1774809043077 25.867935299873352 14
1774809043946 26.604956179857254 15
1774809044925 25.38875064253807 16
1774809045811 24.702241599559784 17
1774809046759 24.032367050647736 18
1774809047691 23.356756567955017 19
1774809048598 23.003586918115616 20
1774809049494 22.820471480488777 21
1774809050429 21.70494732260704 22
1774809051375 21.66861179471016 23
1774809052255 20.60090260207653 24
1774809053149 19.998699098825455 25
1774809054020 20.277733892202377 26
1774809054925 19.41282545030117 27
1774809055803 18.780073583126068 28
1774809056674 18.659577757120132 29
