1774194815561 260.594065785408 0
1774194828314 183.97678518295288 1
1774194841132 158.0462919473648 2
1774194853892 139.21107280254364 3
1774194866516 129.30150973796844 4
1774194879194 126.65106695890427 5
1774194891883 109.1430447101593 6
1774194904641 100.76017051935196 7
1774194917301 95.2607039809227 8
1774194929963 85.97594863176346 9
1774194942698 81.20506519079208 10
1774194955576 80.41937026381493 11
1774194968200 70.62243580818176 12
1774194981014 65.95122948288918 13
1774194993693 61.69645908474922 14
1774195006459 58.95896854996681 15
1774195019169 52.254014760255814 16
1774195031859 51.64891669154167 17
1774195044628 49.43616530299187 18
1774195057313 45.01330144703388 19
1774195070060 40.83221839368343 20
1774195082820 38.217700749635696 21
1774195095580 38.02927157282829 22
1774195108308 33.693609699606895 23
1774195121006 35.895278714597225 24
1774195133836 28.53197008371353 25
1774195146676 26.43621784634888 26
1774195159620 22.35171778127551 27
1774195172336 25.764991030097008 28
1774195185067 21.977120902389288 29
1774195197644 20.314159963279963 30
1774195210487 22.04674619436264 31
1774195223140 20.527412675321102 32
1774195235823 20.58356024324894 33
1774195248540 18.43122825026512 34
1774195261282 13.761279504746199 35
1774195274174 13.510498894378543 36
1774195287253 16.74217437580228 37
1774195300111 26.088911674916744 38
1774195312871 19.181778693571687 39
1774195325568 15.276429362595081 40
1774195338411 10.363036046735942 41
1774195351157 9.802934343460947 42
1774195363799 11.42228671349585 43
1774195376653 13.451245944947004 44
