1774346198016 0.229648378711178 0
1774346213265 0.45471336708168014 1
1774346228460 0.5254480777124093 2
1774346243791 0.5632781502257491 3
1774346259049 0.5974141469421261 4
1774346274197 0.6129429470515803 5
1774346289441 0.6277876590504857 6
1774346304808 0.6408537419619647 7
1774346320130 0.6549459570392666 8
1774346335459 0.6634970584211246 9
1774346350829 0.673347927213025 10
1774346366147 0.6869612806129429 11
1774346381417 0.6951019291284718 12
1774346396567 0.6968805582158982 13
1774346411877 0.7024216719113422 14
1774346427233 0.7139143521685594 15
1774346442438 0.7149404843343823 16
1774346457730 0.7243124914488986 17
1774346473060 0.7303324668217266 18
1774346488308 0.7315638254207142 19
1774346503643 0.7330004104528663 20
1774346518976 0.7379258448488165 21
1774346534271 0.7393624298809687 22
1774346549571 0.750239430838692 23
1774346564910 0.7535914625803803 24
1774346580219 0.7568066766999589 25
1774346595543 0.7544807771240936 26
1774346610745 0.7583800793542208 27
1774346626111 0.7666575454918594 28
1774346641354 0.7671364071692434 29
1774346656632 0.7652209604597072 30
1774346672016 0.7636475578054454 31
1774346687288 0.7724722944315228 32
1774346702602 0.771856615132029 33
1774346717933 0.7782870433711863 34
1774346733226 0.7797920372143932 35
1774346748672 0.7864961006977699 36
1774346763840 0.7883431385962512 37
1774346779183 0.788958817895745 38
1774346794394 0.7910110822273909 39
1774346809696 0.7923792584484881 40
1774346825051 0.7933369818032563 41
1774346840284 0.7943631139690792 42
1774346855590 0.7960049254343959 43
1774346870806 0.7835545218224107 44
1774346885980 0.7917635791489944 45
1774346901359 0.792926528936927 46
