1768650647776 0.5061239871867345 0
1768650648148 0.5016016581872998 1
1768650648513 0.5016016581872998 2
1768650648886 0.5027322404371585 3
1768650649255 0.5032975315620878 4
1768650649629 0.49971735443753534 5
1768650650004 0.5877143395515357 6
1768650650384 0.6840022611644997 7
1768650650758 0.7514603354060675 8
1768650651133 0.7953646127755795 9
1768650651509 0.8191068400226117 10
1768650651884 0.8388920293951385 11
1768650652254 0.8517052948935369 12
1768650652632 0.8607499528924063 13
1768650653235 0.8814772941398153 14
1768650653829 0.8884492180139438 15
1768650654206 0.894855850763143 16
1768650654584 0.9135104578858112 17
1768650654965 0.9152063312605992 18
1768650655350 0.9259468626342566 19
1768650655729 0.9321650650084794 20
1768650656106 0.9368758243828905 21
1768650656493 0.938760128132655 22
1768650656877 0.9464857735066893 23
