1773973511888 0.3674237241756738 0
1773973518270 0.6352442194554658 1
1773973524636 0.7299220139553975 2
1773973531033 0.7890956355178547 3
1773973537390 0.8260363934874811 4
1773973543770 0.8558626351074018 5
1773973550160 0.8884936379805719 6
1773973556550 0.9021069913804898 7
1773973562947 0.9222191818306198 8
1773973569353 0.9298809686687646 9
1773973575737 0.940689560815433 10
1773973582096 0.9500615679299493 11
1773973588470 0.9466411273772062 12
1773973594891 0.9545765494595704 13
1773973601276 0.9571760842796552 14
1773973607672 0.959296757422356 15
1773973614043 0.9633328772745929 16
1773973620436 0.9651799151730743 17
1773973626867 0.9706526200574634 18
1773973633240 0.9692844438363661 19
1773973639626 0.968805582158982 20
1773973646018 0.9733205636886031 21
1773973652392 0.9740046517991517 22
1773973658797 0.974346695854426 23
1773973665204 0.9720892050896155 24
