1774139627482 0.2419619647010535 0
1774139653856 0.4486933917088521 1
1774139680238 0.5288685182651526 2
1774139706531 0.563825420714188 3
1774139732824 0.6169106580927624 4
1774139758976 0.6513886988644138 5
1774139785446 0.6795731290190177 6
1774139811868 0.6922287590641675 7
1774139838248 0.7242440826378438 8
1774139864419 0.741688329456834 9
1774139890759 0.7578328088657819 10
1774139916882 0.7747981940073881 11
1774139943087 0.7845122451771788 12
1774139969097 0.8070871528252839 13
1774139995510 0.817622109727733 14
1774140021566 0.8303461485839376 15
1774140047403 0.8400601997537283 16
1774140073777 0.8510056095225065 17
1774140100050 0.8410179231084963 18
1774140126389 0.8642085100560952 19
1774140152561 0.8856888767273224 20
1774140178786 0.8917772609112053 21
1774140205251 0.8914352168559311 22
1774140231677 0.905527431933233 23
1774140257705 0.9120262689834451 24
1774140283793 0.9257764400054727 25
1774140310038 0.916609659324121 26
1774140336409 0.9272130250376248 27
1774140362815 0.9305650567793132 28
1774140388977 0.934669585442605 29
1774140415414 0.9189355588999863 30
1774140441690 0.9337802708988918 31
1774140468086 0.9475988507319743 32
1774140494166 0.9438363661239567 33
1774140520615 0.9561499521138322 34
1774140547150 0.9655903680394035 35
1774140573583 0.9599808455329046 36
1774140599810 0.9671637706936653 37
1774140626314 0.9681214940484334 38
1774140652955 0.9711998905459023 39
