1774139627478 265.1234623193741 0
1774139653851 185.78812968730927 1
1774139680233 160.675772190094 2
1774139706526 152.5347603559494 3
1774139732819 134.87389785051346 4
1774139758971 125.62788039445877 5
1774139785441 116.80648130178452 6
1774139811863 110.56828904151917 7
1774139838242 102.27225816249847 8
1774139864414 96.40043449401855 9
1774139890753 90.3356185555458 10
1774139916877 82.78926759958267 11
1774139943081 80.11208209395409 12
1774139969091 71.5424593091011 13
1774139995504 67.7092227935791 14
1774140021559 63.634145736694336 15
1774140047397 59.39257088303566 16
1774140073770 54.475589483976364 17
1774140100044 58.59571309387684 18
1774140126382 50.35492277145386 19
1774140152554 43.32575882971287 20
1774140178779 40.139670953154564 21
1774140205244 41.05181922018528 22
1774140231670 35.869155049324036 23
1774140257698 33.479043927043676 24
1774140283786 28.504147574305534 25
1774140310031 32.065372198820114 26
1774140336402 28.061253905296326 27
1774140362807 27.372206196188927 28
1774140388969 25.465336732566357 29
1774140415405 32.33961281180382 30
1774140441682 25.62130206823349 31
1774140468078 21.295813970267773 32
1774140494158 21.570478588342667 33
1774140520607 16.950811833143234 34
1774140547141 14.375268410891294 35
1774140573575 16.202224638313055 36
1774140599802 12.808909244835377 37
1774140626305 12.827779226005077 38
1774140652947 11.30336912162602 39
