1774145573469 0.7340817903264603 0
1774145574145 0.66575207271898 1
1774145574642 0.6135460264687242 2
1774145575297 0.6041292573900204 3
1774145575790 0.5290402011285356 4
1774145576461 0.3957181442074659 5
1774145576942 0.3735700957546986 6
1774145577450 0.2788469449775975 7
1774145578154 0.24753527826931865 8
1774145578650 0.19802536101099696 9
1774145579131 0.16033144792852885 10
1774145579829 0.14368405166531145 11
1774145580323 0.11297905095634496 12
1774145580843 0.09320215070113456 13
1774145581506 0.07804397370589383 14
1774145582203 0.06968363104685163 15
1774145582727 0.062237225549809254 16
1774145583401 0.05296590295227115 17
1774145583922 0.052590491141823396 18
1774145584442 0.0420682830648675 19
1774145585133 0.04087370749402225 20
1774145585660 0.03801109566655548 21
