1774346191591 0.0 0
1774346201606 12.8 1
1774346211612 12.0 2
1774346221619 12.9 3
1774346231629 16.6 4
1774346241644 12.3 5
1774346251654 13.2 6
1774346261660 17.1 7
1774346271667 12.0 8
1774346281673 12.8 9
1774346291680 16.6 10
1774346301688 12.0 11
1774346311695 12.8 12
1774346321703 16.6 13
1774346331713 12.4 14
1774346341722 12.9 15
1774346351733 12.1 16
1774346361740 17.0 17
1774346371755 13.4 18
1774346381761 12.5 19
1774346391772 16.5 20
1774346401779 12.9 21
1774346411786 12.3 22
1774346421793 15.9 23
1774346431802 11.9 24
1774346441809 14.2 25
1774346451819 14.8 26
1774346461832 13.2 27
1774346471839 14.0 28
1774346481846 11.4 29
1774346491859 16.5 30
1774346501866 14.1 31
1774346511877 11.9 32
1774346521884 16.2 33
1774346531891 13.5 34
1774346541898 12.0 35
1774346551908 15.9 36
1774346561917 13.6 37
1774346571924 11.8 38
1774346581932 14.9 39
1774346591939 14.5 40
1774346601946 12.5 41
1774346611955 12.6 42
1774346621966 17.4 43
1774346631979 12.5 44
1774346642003 11.8 45
1774346652020 17.3 46
1774346662028 12.2 47
1774346672037 12.3 48
1774346682048 17.8 49
1774346692059 12.6 50
1774346702073 12.5 51
1774346712084 15.4 52
1774346722097 14.7 53
1774346732106 12.5 54
1774346742115 13.0 55
1774346752124 17.0 56
1774346762136 12.0 57
1774346772145 13.0 58
1774346782156 17.1 59
1774346792169 11.5 60
1774346802185 13.8 61
1774346812194 18.3 62
1774346822202 11.2 63
1774346832214 12.2 64
1774346842228 15.0 65
1774346852242 15.9 66
1774346862251 11.8 67
1774346872259 13.7 68
1774346882276 16.9 69
1774346892287 11.8 70
1774346902318 14.0 71
