1774346191591 214.0 0
1774346201606 1048.7 1
1774346211612 1048.7 2
1774346221619 1050.8 3
1774346231629 1050.8 4
1774346241644 1050.8 5
1774346251654 1050.8 6
1774346261660 1050.8 7
1774346271667 1050.8 8
1774346281673 1050.8 9
1774346291680 1050.8 10
1774346301688 1050.8 11
1774346311695 1050.8 12
1774346321703 1050.8 13
1774346331713 1050.8 14
1774346341722 1050.8 15
1774346351733 1050.8 16
1774346361740 1050.8 17
1774346371755 1050.8 18
1774346381761 1050.8 19
1774346391772 1050.8 20
1774346401779 1050.8 21
1774346411786 1050.8 22
1774346421793 1050.8 23
1774346431802 1050.8 24
1774346441809 1050.8 25
1774346451819 1050.8 26
1774346461832 1050.8 27
1774346471839 1050.8 28
1774346481846 1050.8 29
1774346491859 1166.1 30
1774346501866 1166.1 31
1774346511877 1166.1 32
1774346521884 1166.1 33
1774346531891 1166.1 34
1774346541898 1166.1 35
1774346551908 1166.1 36
1774346561917 1166.1 37
1774346571924 1166.1 38
1774346581932 1166.1 39
1774346591939 1166.1 40
1774346601946 1166.1 41
1774346611955 1166.1 42
1774346621966 1166.1 43
1774346631979 1166.1 44
1774346642003 1166.1 45
1774346652020 1166.1 46
1774346662028 1166.1 47
1774346672037 1166.1 48
1774346682048 1166.1 49
1774346692059 1166.1 50
1774346702073 1166.1 51
1774346712084 1166.1 52
1774346722097 1166.1 53
1774346732106 1166.1 54
1774346742115 1166.1 55
1774346752124 1166.1 56
1774346762136 1166.1 57
1774346772145 1166.1 58
1774346782156 1166.1 59
1774346792169 1166.1 60
1774346802185 1166.1 61
1774346812194 1166.1 62
1774346822202 1166.1 63
1774346832214 1166.1 64
1774346842228 1166.1 65
1774346852242 1166.1 66
1774346862251 1166.1 67
1774346872259 1166.1 68
1774346882276 1166.1 69
1774346892287 1166.1 70
1774346902318 1166.1 71
