1774346191591 2.5 0
1774346201606 12.2 1
1774346211612 12.2 2
1774346221619 12.2 3
1774346231629 12.2 4
1774346241644 12.2 5
1774346251654 12.2 6
1774346261660 12.2 7
1774346271667 12.2 8
1774346281673 12.2 9
1774346291680 12.2 10
1774346301688 12.2 11
1774346311695 12.2 12
1774346321703 12.2 13
1774346331713 12.2 14
1774346341722 12.2 15
1774346351733 12.2 16
1774346361740 12.2 17
1774346371755 12.2 18
1774346381761 12.2 19
1774346391772 12.2 20
1774346401779 12.2 21
1774346411786 12.2 22
1774346421793 12.2 23
1774346431802 12.2 24
1774346441809 12.2 25
1774346451819 12.2 26
1774346461832 12.2 27
1774346471839 12.2 28
1774346481846 12.2 29
1774346491859 13.6 30
1774346501866 13.6 31
1774346511877 13.6 32
1774346521884 13.6 33
1774346531891 13.6 34
1774346541898 13.6 35
1774346551908 13.6 36
1774346561917 13.6 37
1774346571924 13.6 38
1774346581932 13.6 39
1774346591939 13.6 40
1774346601946 13.6 41
1774346611955 13.6 42
1774346621966 13.6 43
1774346631979 13.6 44
1774346642003 13.6 45
1774346652020 13.6 46
1774346662028 13.6 47
1774346672037 13.6 48
1774346682048 13.6 49
1774346692059 13.6 50
1774346702073 13.6 51
1774346712084 13.6 52
1774346722097 13.6 53
1774346732106 13.6 54
1774346742115 13.6 55
1774346752124 13.6 56
1774346762136 13.6 57
1774346772145 13.6 58
1774346782156 13.6 59
1774346792169 13.6 60
1774346802185 13.6 61
1774346812194 13.6 62
1774346822202 13.6 63
1774346832214 13.6 64
1774346842228 13.6 65
1774346852242 13.6 66
1774346862251 13.6 67
1774346872259 13.6 68
1774346882276 13.6 69
1774346892287 13.6 70
1774346902318 13.6 71
