1774346191591 35.0 0
1774346201606 38.2 1
1774346211612 38.7 2
1774346221619 38.9 3
1774346231629 38.8 4
1774346241644 38.8 5
1774346251654 38.8 6
1774346261660 38.9 7
1774346271667 38.9 8
1774346281673 38.9 9
1774346291680 38.9 10
1774346301688 38.8 11
1774346311695 38.8 12
1774346321703 40.6 13
1774346331713 39.0 14
1774346341722 39.0 15
1774346351733 39.0 16
1774346361740 39.0 17
1774346371755 39.0 18
1774346381761 39.0 19
1774346391772 39.0 20
1774346401779 39.5 21
1774346411786 38.9 22
1774346421793 39.1 23
1774346431802 39.1 24
1774346441809 39.0 25
1774346451819 40.7 26
1774346461832 39.0 27
1774346471839 39.3 28
1774346481846 39.1 29
1774346491859 39.1 30
1774346501866 39.2 31
1774346511877 39.1 32
1774346521884 39.1 33
1774346531891 39.1 34
1774346541898 39.1 35
1774346551908 39.2 36
1774346561917 39.4 37
1774346571924 39.7 38
1774346581932 40.7 39
1774346591939 39.3 40
1774346601946 39.3 41
1774346611955 39.1 42
1774346621966 39.0 43
1774346631979 39.1 44
1774346642003 39.1 45
1774346652020 39.0 46
1774346662028 39.0 47
1774346672037 39.1 48
1774346682048 39.1 49
1774346692059 39.0 50
1774346702073 39.0 51
1774346712084 40.1 52
1774346722097 39.0 53
1774346732106 39.0 54
1774346742115 39.0 55
1774346752124 39.0 56
1774346762136 39.0 57
1774346772145 39.1 58
1774346782156 39.2 59
1774346792169 39.0 60
1774346802185 39.0 61
1774346812194 38.7 62
1774346822202 38.8 63
1774346832214 38.8 64
1774346842228 39.3 65
1774346852242 38.7 66
1774346862251 38.7 67
1774346872259 38.7 68
1774346882276 38.4 69
1774346892287 38.4 70
1774346902318 38.6 71
