1774575263281 0.49544358080943446 0
1774575263762 0.4986598767086572 1
1774575264381 0.49825783972125437 2
1774575264851 0.4997319753417314 3
1774575265319 0.4995979630125972 4
1774575265925 0.4995979630125972 5
1774575266377 0.5077727150897883 6
1774575267009 0.6058697400160815 7
1774575267495 0.7288930581613509 8
1774575267987 0.7699008308764407 9
1774575268815 0.7926829268292683 10
1774575269319 0.8048780487804879 11
1774575269799 0.8334226748860896 12
1774575270417 0.8385151433931922 13
1774575270889 0.8599571160546771 14
1774575271356 0.8772447065129992 15
1774575271977 0.8826051996783704 16
1774575272445 0.889573840793353 17
1774575272916 0.8981506298579469 18
1774575273528 0.9076655052264808 19
1774575274030 0.9134280353792549 20
1774575274522 0.9185205038863575 21
1774575275179 0.9233449477351916 22
1774575275813 0.9262932189761458 23
1774575276327 0.9328598231037255 24
1774575276951 0.9340659340659341 25
1774575277454 0.9396944518895738 26
1774575277971 0.9423746984722594 27
1774575278608 0.9442508710801394 28
