1774207237000 37.78636959195137 0
1774207237894 33.57733008265495 1
1774207238773 31.62652400135994 2
1774207239648 29.914455235004425 3
1774207240527 28.109600454568863 4
1774207241398 26.316443264484406 5
1774207242277 24.087119042873383 6
1774207243146 20.749857768416405 7
1774207244016 17.56494128704071 8
1774207244888 14.73786948621273 9
1774207245781 11.430292502045631 10
1774207246677 9.226326406002045 11
1774207247581 8.01448768377304 12
1774207248484 6.352941624820232 13
1774207249361 5.051043804734945 14
1774207250233 4.557457912713289 15
1774207251109 4.479673946276307 16
