1774207237004 0.7075005878203621 0
1774207237898 0.7535857042087938 1
1774207238777 0.7718081354338114 2
1774207239652 0.7880319774276981 3
1774207240531 0.8027274864801317 4
1774207241402 0.8216553021396661 5
1774207242281 0.8403479896543616 6
1774207243150 0.8658593933693863 7
1774207244020 0.8884316952739243 8
1774207244892 0.9095932283094287 9
1774207245785 0.9302845050552551 10
1774207246682 0.9465083470491418 11
1774207247586 0.9535621913943099 12
1774207248489 0.9640253938396426 13
1774207249366 0.9720197507641665 14
1774207250238 0.9743710322125558 15
1774207251114 0.9761344932988478 16
