1773959665432 0.6322595814719022 0
1773959665966 0.7661650599576769 1
1773959666474 0.8231836350811192 2
1773959667037 0.8513990124617917 3
1773959667577 0.8749118269456854 4
1773959668086 0.8941923348224783 5
1773959668599 0.9015988713849048 6
1773959669153 0.9159416882200799 7
1773959669657 0.9247589936515401 8
1773959670165 0.9217023277686339 9
1773959670895 0.9262873265929932 10
1773959671410 0.9386315541970374 11
1773959671932 0.9442746296731719 12
1773959672442 0.9388666823418763 13
1773959673013 0.947566423700917 14
1773959673613 0.955325652480602 15
1773959674179 0.9561486009875382 16
