1768648886652 0.4613899613899614 0
1768648886776 0.4980694980694981 1
1768648886891 0.5115830115830116 2
1768648887002 0.502895752895753 3
1768648887112 0.4777992277992278 4
1768648887221 0.5444015444015444 5
1768648887329 0.5347490347490348 6
1768648887438 0.5444015444015444 7
1768648887549 0.5434362934362934 8
1768648887662 0.6158301158301158 9
1768648887772 0.6505791505791506 10
1768648887881 0.6496138996138996 11
1768648887990 0.6891891891891891 12
1768648888101 0.6959459459459459 13
1768648888211 0.7191119691119691 14
1768648888318 0.7200772200772201 15
1768648888428 0.7355212355212355 16
1768648888539 0.7442084942084942 17
1768648888651 0.7519305019305019 18
1768648888762 0.7712355212355212 19
1768648888872 0.7895752895752896 20
1768648888981 0.7847490347490348 21
1768648889094 0.8262548262548263 22
1768648889202 0.8117760617760618 23
