1774142678898 0.8692328929901123 0
1774142679028 0.4758816361427307 1
1774142679156 0.4540777802467346 2
1774142679277 0.43793386220932007 3
1774142679397 0.4249627888202667 4
1774142679517 0.41189518570899963 5
1774142679640 0.4039079248905182 6
1774142679762 0.39525318145751953 7
1774142679885 0.38653260469436646 8
1774142680007 0.3799791634082794 9
1774142680132 0.3723074197769165 10
1774142680257 0.36550256609916687 11
1774142680380 0.35929450392723083 12
1774142680503 0.35196641087532043 13
1774142680628 0.34533825516700745 14
1774142680755 0.3396938741207123 15
1774142680880 0.3327227532863617 16
