1774583074799 0.059036803940347514 0
1774583077581 0.06875085511013819 1
1774583080565 0.10418661923655767 2
1774583083372 0.14584758516896976 3
1774583086137 0.23662607743877412 4
1774583089125 0.34601176631550146 5
1774583092133 0.4350800383089342 6
1774583094931 0.5163497058421125 7
1774583097928 0.5806539882336845 8
1774583100704 0.6478314406895608 9
1774583103488 0.6901764947325215 10
1774583106479 0.7358051717061157 11
1774583109290 0.7701463948556574 12
1774583112246 0.7974415104665481 13
1774583115030 0.8217950472020796 14
1774583118035 0.8383499794773567 15
1774583120814 0.8587358051717061 16
1774583123587 0.8729648378711178 17
1774583126594 0.8855520591052127 18
1774583129404 0.8984813243945821 19
1774583132230 0.9042276645231906 20
1774583135360 0.9183882884115474 21
1774583138188 0.926118484060747 22
1774583141009 0.9339170885210015 23
1774583143990 0.937200711451635 24
1774583146804 0.9428102339581338 25
1774583149562 0.9476672595430291 26
1774583152543 0.950266794363114 27
1774583155487 0.9550554111369545 28
1774583158294 0.9588863045560269 29
1774583161314 0.9609385688876727 30
1774583164125 0.9666165002052264 31
1774583166931 0.9677794499931591 32
1774583169954 0.9694896702695307 33
1774583172757 0.9741414694212615 34
1774583175737 0.9756464632644685 35
1774583178709 0.9755096456423588 36
1774583181531 0.9735257901217677 37
1774583184338 0.9759200985086879 38
1774583187343 0.9775619099740046 39
1774583190139 0.9772198659187303 40
1774583192962 0.977903954029279 41
1774583195980 0.9800930359830347 42
1774583198985 0.9798194007388151 43
1774583201821 0.980913941715693 44
1774583204828 0.9812559857709673 45
1774583207641 0.9820768915036256 46
1774583210430 0.981392803393077 47
1774583213449 0.9852921056232042 48
1774583216437 0.983445067724723 49
