1774144981383 0.060090237899917964 0
1774144985053 0.06938747607328412 1
1774144988406 0.07465135356849877 2
1774144991965 0.11614711512168444 3
1774144995473 0.1767842493847416 4
1774144998856 0.2559474979491386 5
1774145002287 0.33182936833470056 6
1774145005984 0.41789718348372984 7
1774145009465 0.4915231063713426 8
1774145012902 0.5576292042657917 9
1774145016552 0.6163522012578616 10
1774145020184 0.6528575334974023 11
1774145023605 0.6928493300519551 12
1774145027273 0.7193738036642057 13
1774145030705 0.7442575881870386 14
1774145034160 0.7645611156685808 15
1774145037793 0.7835657642876674 16
1774145041263 0.805099808586273 17
1774145044870 0.8187038556193601 18
1774145048525 0.8303937653814603 19
1774145051994 0.8381870385561936 20
1774145055442 0.850287120590648 21
1774145058895 0.8615668580803938 22
1774145062592 0.8678561662564944 23
1774145066025 0.8768115942028986 24
1774145069675 0.8858353841946951 25
1774145073291 0.8914410719168717 26
1774145076703 0.8971834837298331 27
1774145080363 0.9084632212195789 28
1774145083795 0.9140689089417555 29
1774145087237 0.9146841673502871 30
1774145090692 0.9226141646158053 31
1774145094316 0.9243915777960077 32
1774145097939 0.926510801203172 33
1774145101623 0.9360814875581077 34
1774145105080 0.9366967459666393 35
1774145108512 0.940593382554006 36
1774145112151 0.9414820891441071 37
1774145115608 0.9448318293683347 38
