1774583689548 19.3 0
1774583699557 30.8 1
1774583709565 31.8 2
1774583719577 31.8 3
1774583729587 31.8 4
1774583739595 31.8 5
1774583749604 31.8 6
1774583759613 31.8 7
1774583769623 31.8 8
1774583779638 31.8 9
1774583789684 33.2 10
1774583799695 31.8 11
1774583809714 31.8 12
1774583819808 31.8 13
1774583829817 31.8 14
1774583839835 31.8 15
1774583849847 31.8 16
1774583859859 31.8 17
1774583869875 32.1 18
1774583879890 31.8 19
1774583889908 31.8 20
1774583899919 31.8 21
1774583909935 31.8 22
1774583919945 32.5 23
1774583930013 31.8 24
1774583940039 31.8 25
1774583950056 32.2 26
1774583960067 31.8 27
1774583970152 31.8 28
1774583980175 31.9 29
1774583990191 31.8 30
1774584000205 31.8 31
