1774705033377 259.1324825286865 0
1774705046778 177.05647015571594 1
1774705060100 146.73652470111847 2
1774705073594 134.61647474765778 3
1774705086981 124.91870439052582 4
1774705100345 120.41431641578674 5
1774705113786 114.14188808202744 6
1774705127169 111.49548816680908 7
1774705140484 106.34106779098511 8
1774705153902 106.35518670082092 9
1774705167401 104.74205875396729 10
1774705180831 100.46463227272034 11
1774705194246 97.23696249723434 12
1774705207567 94.05905508995056 13
1774705221004 93.47995495796204 14
1774705234335 92.71775770187378 15
1774705247723 90.68412446975708 16
1774705261065 88.62859427928925 17
1774705274373 89.13284415006638 18
1774705287722 86.38125228881836 19
1774705301319 88.55612802505493 20
1774705314907 84.8056206703186 21
1774705328271 82.01167792081833 22
1774705341686 79.9710795879364 23
1774705355119 81.04209941625595 24
1774705368517 79.17482036352158 25
1774705381898 76.47300159931183 26
1774705395312 75.14047002792358 27
1774705408698 73.521802932024 28
1774705422105 73.06635344028473 29
1774705435447 72.09376493096352 30
1774705448922 70.68899714946747 31
1774705462312 71.28482341766357 32
1774705475772 68.52623546123505 33
1774705489305 69.31734448671341 34
1774705502690 68.61367335915565 35
1774705516072 67.28456789255142 36
1774705529412 67.08611077070236 37
1774705542894 66.9572682082653 38
1774705556329 65.53097885847092 39
1774705569686 64.23983538150787 40
1774705583076 62.89290526509285 41
1774705596544 61.99040398001671 42
1774705609902 66.51735380291939 43
1774705623253 63.97195088863373 44
1774705636531 62.24336761236191 45
1774705649905 60.79228365421295 46
1774705663248 60.4138799905777 47
1774705676730 62.05996811389923 48
1774705690100 59.060621589422226 49
1774705703499 58.021709471940994 50
1774705716969 57.00146758556366 51
1774705730448 56.37711536884308 52
1774705743841 55.99806493520737 53
1774705757248 57.3042970597744 54
1774705770680 54.33818140625954 55
1774705784146 55.3416448533535 56
1774705797657 53.8478898704052 57
1774705811190 53.700698137283325 58
1774705824661 51.580974102020264 59
1774705838083 51.87781277298927 60
1774705851473 52.55271875858307 61
1774705864861 53.46772998571396 62
1774705878252 51.10857775807381 63
1774705891677 51.833769738674164 64
1774705905125 51.722887337207794 65
1774705918465 51.09508469700813 66
1774705931783 50.850789576768875 67
1774705945073 51.00952371954918 68
1774705958460 48.946594923734665 69
1774705971890 48.88974133133888 70
1774705985381 48.616909086704254 71
1774705998806 50.83597519993782 72
1774706012266 48.316362887620926 73
1774706025699 46.44890567660332 74
1774706039075 45.86772891879082 75
1774706052398 45.44438424706459 76
