1774365977961 3.2604653066772658 0
1774365980114 3.0477224688047846 1
1774365982507 2.9894182707480845 2
1774365984666 2.9621930770205966 3
1774365986759 2.9340070259849975 4
1774365989066 2.8990730744475526 5
1774365991479 2.8343001691012137 6
1774365993633 2.7439715714179993 7
1774365996049 2.6319045535776646 8
1774365998236 2.5394627452956815 9
1774366000384 2.4343894517997464 10
1774366002740 2.3278714084873156 11
1774366004885 2.221409134017343 12
1774366007211 2.117645812925129 13
1774366009600 2.007024722494657 14
1774366011798 1.9219064962392565 15
1774366013974 1.8227265759913145 16
1774366016364 1.757429506077716 17
1774366018548 1.6838656930562035 18
1774366020716 1.6173816775310086 19
1774366023110 1.5656797161570717 20
1774366025507 1.5215865777771553 21
1774366027672 1.4605424540006016 22
1774366030048 1.414107666228959 23
1774366032214 1.371520426077953 24
1774366034429 1.3450411296539944 25
1774366036612 1.2935002711455659 26
1774366039010 1.265983989535906 27
1774366041354 1.2363162642057626 28
1774366043552 1.208637752322887 29
1774366045919 1.172920322137682 30
1774366048114 1.1395208962819272 31
1774366050325 1.105945332804821 32
1774366052766 1.083095132105816 33
1774366054973 1.0562625994253687 34
1774366057360 1.033362222070129 35
1774366059755 1.0037857855470484 36
1774366061944 0.9771366062300005 37
1774366064155 0.9726822391256358 38
1774366066505 0.9354348074788026 39
1774366068714 0.9127421869284348 40
1774366070921 0.87936513442513 41
1774366073443 0.8795197886454454 42
1774366075642 0.8399044784235227 43
1774366077848 0.8288910794248332 44
1774366080246 0.8174663861549117 45
1774366082436 0.7928483903383585 46
1774366084595 0.7731821341135544 47
1774366086965 0.762145041603937 48
1774366089157 0.7392823010385403 49
1774366091559 0.7290302866101184 50
1774366093929 0.7108032861769094 51
1774366096158 0.6974348479524848 52
1774366098346 0.6888527482572699 53
1774366100745 0.6656275501262964 54
1774366102929 0.6464944623012128 55
1774366105283 0.6404529208441507 56
1774366107664 0.6239926365694345 57
1774366109864 0.6081533546176356 58
1774366112087 0.5969211641586435 59
1774366114493 0.5970708646939349 60
1774366116712 0.5754242796531893 61
1774366118884 0.5609661582508236 62
1774366121273 0.5510737214699736 63
1774366123706 0.5369805276744554 64
1774366125946 0.5244648117082261 65
1774366128127 0.5167168143151445 66
1774366130467 0.5083372715862134 67
1774366132640 0.4976596373640116 68
1774366135002 0.47924472534113405 69
1774366137199 0.4852127569826606 70
1774366139545 0.48337528273873037 71
1774366141951 0.4626357937082577 72
1774366144169 0.4513588210743419 73
1774366146452 0.44894892457637664 74
1774366148631 0.4274312550203796 75
1774366151007 0.41677963372000365 76
1774366153183 0.4191300129577291 77
1774366155577 0.41036310271682486 78
1774366157934 0.3942969973688495 79
1774366160147 0.38978371455529465 80
1774366162537 0.3879207798191519 81
1774366164735 0.3760580390769229 82
1774366166949 0.3714317816694061 83
1774366169110 0.3606697904833659 84
1774366171486 0.3525027701133481 85
1774366173742 0.351405490552177 86
1774366176283 0.3400905561367225 87
1774366178477 0.33773594976026033 88
1774366180689 0.33446139215053 89
1774366183110 0.3262004582120906 90
1774366185344 0.318655698023607 91
1774366187550 0.31219806214790696 92
1774366189787 0.30455399527564747 93
1774366192338 0.3004615626243482 94
1774366194547 0.29387550687378905 95
1774366196958 0.2917842376303911 96
1774366199179 0.28278423175633666 97
1774366201416 0.2789953032977148 98
1774366203870 0.2789648683130831 99
1774366206037 0.26836173643099004 100
1774366208380 0.27192984527301356 101
1774366210589 0.26873222687841686 102
1774366212988 0.2498646556662378 103
1774366215230 0.24910544901413473 104
1774366217662 0.2499521460574243 105
1774366219862 0.2378758233734253 106
1774366222133 0.24339787541947394 107
1774366224583 0.23903125164886885 108
1774366226944 0.23369761219077176 109
1774366229145 0.2279511557723514 110
1774366231360 0.22101910238203035 111
1774366233819 0.22212772113359616 112
1774366236063 0.2162404353004716 113
1774366238532 0.21829795597850224 114
1774366240770 0.20909626491827554 115
1774366243150 0.2032903537066532 116
1774366245585 0.19894597893750265 117
1774366247812 0.19842816441374547 118
1774366250056 0.19772763534583215 119
1774366252300 0.19736207102168388 120
1774366254747 0.19197312530748395 121
1774366256986 0.18842264473283318 122
1774366259401 0.18496056557525312 123
1774366261810 0.1802633944631259 124
1774366264061 0.17879407691725596 125
1774366266490 0.17518093562440942 126
1774366268733 0.17577353384274924 127
1774366270977 0.1757942385036783 128
1774366273174 0.1680620084861379 129
1774366275582 0.16988531710193394 130
1774366277974 0.1671700380107482 131
1774366280421 0.16361065834601643 132
1774366282677 0.1635173390605313 133
1774366284920 0.16539069455443695 134
1774366287381 0.1543465180380887 135
1774366289625 0.15478092118259787 136
1774366291858 0.14611127484528144 137
1774366294098 0.1444466506216493 138
1774366296766 0.1450870072817995 139
1774366299055 0.1416577736943051 140
1774366301507 0.1391205146229859 141
1774366303775 0.14026091822212414 142
1774366306012 0.1384510554955325 143
1774366308491 0.14045402020489178 144
1774366310731 0.133583434548941 145
1774366313126 0.12914228773276903 146
1774366315358 0.1253640040895945 147
1774366317775 0.12723668270197364 148
1774366320032 0.12892140047072972 149
1774366322483 0.12448531525220505 150
1774366324700 0.1253509128353863 151
1774366326991 0.12376071105562461 152
1774366329646 0.12300804826813368 153
1774366331895 0.12088748421033245 154
1774366334154 0.1149093368934091 155
1774366336381 0.1176806350978557 156
