1774365977965 0.05643726912026269 0
1774365980118 0.06471473525790122 1
1774365982511 0.07388151593925298 2
1774365984670 0.08304829662060473 3
1774365986764 0.09611437953208374 4
1774365989071 0.11526884662744562 5
1774365991485 0.1323710493911616 6
1774365993639 0.15398823368449857 7
1774365996054 0.17348474483513476 8
1774365998241 0.19079217403201532 9
1774366000390 0.22007114516349705 10
1774366002745 0.251744424681899 11
1774366004891 0.2785606786154057 12
1774366007216 0.3096866876453687 13
1774366009606 0.3551785469968532 14
1774366011804 0.385415241483103 15
1774366013980 0.42098782323163225 16
1774366016370 0.4372691202626898 17
1774366018554 0.46223833629771516 18
1774366020722 0.4831714324805035 19
1774366023117 0.4961691065809276 20
1774366025513 0.5166233410863319 21
1774366027677 0.5358462169927487 22
1774366030054 0.551785469968532 23
1774366032220 0.5623204268709809 24
1774366034435 0.5746340128608565 25
1774366036618 0.586400328362293 26
1774366039017 0.6026132165822958 27
1774366041360 0.6119852236968122 28
1774366043558 0.6169106580927624 29
1774366045925 0.6295662881379122 30
1774366048120 0.6430428239157203 31
1774366050331 0.6550827746613764 32
1774366052772 0.6620604733889724 33
1774366054980 0.6725270214803667 34
1774366057367 0.6810097140511698 35
1774366059762 0.6910658092762347 36
1774366061951 0.7004378163907511 37
1774366064163 0.7006430428239158 38
1774366066512 0.7073471063072924 39
1774366068721 0.718087289642906 40
1774366070928 0.7325899575865371 41
1774366073450 0.729648378711178 42
1774366075649 0.7416199206457792 43
1774366077855 0.7462033109864551 44
1774366080254 0.7530441920919414 45
1774366082443 0.7554385004788616 46
1774366084602 0.7660418661923656 47
1774366086972 0.7687782186345601 48
1774366089165 0.7755506909289916 49
1774366091567 0.78143384867971 50
1774366093936 0.7847858804213983 51
1774366096166 0.7878642769188672 52
1774366098354 0.7901217676836777 53
1774366100753 0.799972636475578 54
1774366102936 0.804008756327815 55
1774366105291 0.8059926118484061 56
1774366107672 0.8150225749076481 57
1774366109872 0.812559857709673 58
1774366112095 0.8228211793679026 59
1774366114501 0.8219318648241893 60
1774366116719 0.8265836639759201 61
1774366118892 0.833219318648242 62
1774366121281 0.8350663565467232 63
1774366123714 0.8412915583527159 64
1774366125954 0.8422492817074839 65
1774366128135 0.8466274456149953 66
1774366130475 0.8505267478451225 67
1774366132648 0.8510056095225065 68
1774366135010 0.8550417293747434 69
1774366137208 0.8529894650430976 70
1774366139554 0.8583937611164318 71
1774366141960 0.8659187303324668 72
1774366144177 0.8674237241756738 73
1774366146460 0.866329183198796 74
1774366148640 0.8731016554932275 75
1774366151016 0.8757695991243672 76
1774366153191 0.8785743603776166 77
1774366155585 0.878369133944452 78
1774366157942 0.8835682035846217 79
1774366160156 0.8873990970036941 80
1774366162545 0.8886304556026816 81
1774366164744 0.8914352168559311 82
1774366166958 0.8926665754549186 83
1774366169119 0.8954029278971132 84
1774366171495 0.8973867834177042 85
1774366173751 0.9005335887262279 86
1774366176292 0.9022438090025995 87
1774366178486 0.9053222055000684 88
1774366180699 0.9016965385141607 89
1774366183119 0.9097003694075797 90
1774366185353 0.9088794636749213 91
1774366187560 0.9127787659050486 92
1774366189796 0.914557394992475 93
1774366192347 0.9127103570939937 94
1774366194557 0.9174305650567793 95
1774366196967 0.9193460117663155 96
1774366199189 0.9197564646326447 97
1774366201426 0.9216719113421808 98
1774366203880 0.9237241756738268 99
1774366206047 0.926118484060747 100
1774366208389 0.9258448488165276 101
1774366210598 0.9258448488165276 102
1774366212998 0.9324120946777945 103
1774366215240 0.9307702832124778 104
1774366217674 0.9302914215350937 105
1774366219873 0.9348064030647147 106
1774366222143 0.934669585442605 107
1774366224593 0.9364482145300315 108
1774366226954 0.9373375290737447 109
1774366229157 0.9391161581611711 110
1774366231370 0.9410316048707074 111
1774366233829 0.9413736489259816 112
1774366236073 0.9409631960596525 113
1774366238542 0.9414420577370365 114
1774366240781 0.9441784101792311 115
1774366243160 0.9439731837460665 116
1774366245596 0.9481461212204132 117
1774366247822 0.9488302093309618 118
1774366250067 0.9475304419209194 119
1774366252311 0.9480093035983035 120
1774366254758 0.9496511150636202 121
1774366256997 0.9494458886304556 122
1774366259412 0.9516349705842112 123
1774366261820 0.9556710904364483 124
1774366264072 0.9547817758927349 125
1774366266501 0.9539608701600766 126
1774366268743 0.9549185935148448 127
1774366270988 0.9545765494595704 128
1774366273185 0.956286769735942 129
1774366275593 0.9554658640032836 130
1774366277985 0.9560131344917225 131
1774366280432 0.9582022164454782 132
1774366282688 0.9571760842796552 133
1774366284932 0.9580653988233685 134
1774366287393 0.9591599398002463 135
1774366289636 0.9605965248323984 136
1774366291870 0.9618962922424408 137
1774366294110 0.9626487891640443 138
1774366296778 0.9632644684635381 139
1774366299067 0.9647694623067451 140
1774366301519 0.9634696948967026 141
1774366303786 0.9651799151730743 142
1774366306024 0.9665480913941715 143
1774366308502 0.9647010534956902 144
1774366310743 0.9677794499931591 145
1774366313138 0.9679846764263237 146
1774366315370 0.9696948967026953 147
1774366317787 0.9695580790805856 148
1774366320045 0.9684635381037078 149
1774366322495 0.9695580790805856 150
1774366324713 0.9679162676152688 151
1774366327003 0.9697633055137501 152
1774366329659 0.9687371733479272 153
1774366331907 0.9724312491448899 154
1774366334166 0.9727048843891093 155
1774366336394 0.9706526200574634 156
