1774354123459 1.4636731651953352 0
1774354123945 0.7088744849310072 1
1774354124573 0.6988389485644706 2
1774354125058 0.6975080647758682 3
1774354125522 0.6877552741368186 4
1774354126129 0.6805579792842952 5
1774354126604 0.6711057003590479 6
1774354127221 0.6565620595186398 7
1774354127693 0.6329631745831252 8
1774354128167 0.6095806987922717 9
1774354129016 0.5844047048302127 10
1774354129507 0.565140468909382 11
1774354129969 0.540548093003902 12
1774354130593 0.5187601181272846 13
1774354131101 0.4927778929847394 14
1774354131571 0.4740093830314918 15
1774354132209 0.45225762737017794 16
1774354132706 0.4301751561680546 17
1774354133203 0.41156534031452874 18
1774354133846 0.39596674184925723 19
1774354134361 0.3818370471991792 20
1774354134853 0.36879953170902635 21
1774354135500 0.3551903574165088 22
1774354136163 0.3378386957911888 23
1774354136658 0.3296280445122137 24
1774354137288 0.31749338889307327 25
1774354137774 0.30458138134261614 26
1774354138272 0.29776195339465134 27
1774354138897 0.2829711185930498 28
1774354139374 0.27355573614108214 29
1774354139883 0.26723864081876586 30
1774354140563 0.26204978710395405 31
