1774197484765 2.8 0
1774197494774 20.7 1
1774197504790 24.5 2
1774197514799 24.5 3
1774197524811 24.5 4
1774197534824 24.5 5
1774197544835 24.6 6
1774197554843 24.6 7
1774197564850 24.6 8
1774197574864 24.6 9
1774197584872 24.6 10
1774197594879 26.7 11
1774197604890 26.7 12
1774197614897 26.7 13
1774197624912 26.7 14
1774197634924 26.7 15
1774197644932 26.7 16
1774197654948 26.7 17
1774197664959 26.7 18
1774197674974 26.7 19
1774197684989 26.7 20
1774197694997 26.7 21
1774197705008 26.7 22
1774197715021 26.7 23
1774197725029 26.7 24
1774197735036 26.7 25
1774197745049 26.7 26
1774197755058 26.7 27
1774197765067 26.7 28
1774197775075 26.7 29
1774197785090 26.7 30
1774197795103 26.7 31
1774197805112 26.7 32
1774197815125 26.7 33
1774197825137 26.7 34
