1774197484765 0.0 0
1774197494774 77.0 1
1774197504790 80.0 2
1774197514799 77.0 3
1774197524811 78.0 4
1774197534824 80.0 5
1774197544835 79.0 6
1774197554843 77.0 7
1774197564850 77.0 8
1774197574864 79.0 9
1774197584872 77.0 10
1774197594879 79.0 11
1774197604890 77.0 12
1774197614897 79.0 13
1774197624912 77.0 14
1774197634924 77.0 15
1774197644932 78.0 16
1774197654948 80.0 17
1774197664959 76.0 18
1774197674974 77.0 19
1774197684989 77.0 20
1774197694997 78.0 21
1774197705008 77.0 22
1774197715021 79.0 23
1774197725029 79.0 24
1774197735036 78.0 25
1774197745049 78.0 26
1774197755058 76.0 27
1774197765067 78.0 28
1774197775075 72.0 29
1774197785090 78.0 30
1774197795103 79.0 31
1774197805112 77.0 32
1774197815125 79.0 33
1774197825137 78.0 34
