1774197484765 5445.3 0
1774197494774 6226.4 1
1774197504790 6058.9 2
1774197514799 6107.7 3
1774197524811 6075.3 4
1774197534824 6087.2 5
1774197544835 6086.7 6
1774197554843 6068.8 7
1774197564850 6076.8 8
1774197574864 6090.6 9
1774197584872 6088.7 10
1774197594879 6105.5 11
1774197604890 6093.2 12
1774197614897 6085.5 13
1774197624912 6163.9 14
1774197634924 6109.2 15
1774197644932 6173.9 16
1774197654948 6130.5 17
1774197664959 6156.2 18
1774197674974 6179.0 19
1774197684989 6114.9 20
1774197694997 6125.5 21
1774197705008 6081.6 22
1774197715021 6082.4 23
1774197725029 6342.1 24
1774197735036 6060.0 25
1774197745049 6071.0 26
1774197755058 6085.5 27
1774197765067 6091.9 28
1774197775075 6084.0 29
1774197785090 6076.4 30
1774197795103 6079.0 31
1774197805112 6085.6 32
1774197815125 6088.2 33
1774197825137 6097.0 34
