1774197484765 32.6 0
1774197494774 37.3 1
1774197504790 36.3 2
1774197514799 36.6 3
1774197524811 36.4 4
1774197534824 36.5 5
1774197544835 36.5 6
1774197554843 36.4 7
1774197564850 36.4 8
1774197574864 36.5 9
1774197584872 36.5 10
1774197594879 36.6 11
1774197604890 36.5 12
1774197614897 36.5 13
1774197624912 37.0 14
1774197634924 36.6 15
1774197644932 37.0 16
1774197654948 36.8 17
1774197664959 36.9 18
1774197674974 37.0 19
1774197684989 36.7 20
1774197694997 36.7 21
1774197705008 36.5 22
1774197715021 36.5 23
1774197725029 38.0 24
1774197735036 36.3 25
1774197745049 36.4 26
1774197755058 36.5 27
1774197765067 36.5 28
1774197775075 36.5 29
1774197785090 36.4 30
1774197795103 36.4 31
1774197805112 36.5 32
1774197815125 36.5 33
1774197825137 36.6 34
