1774386957408 0.049801614447940894 0
1774386958405 0.7069366534409632 1
1774386959404 0.7304008756327816 2
1774386960372 0.7477083048296621 3
1774386961337 0.7628950608838418 4
1774386962304 0.772882747297852 5
1774386963310 0.774387741141059 6
1774386964311 0.7754138733068819 7
1774386965280 0.7845122451771788 8
1774386966263 0.7901217676836777 9
1774386967244 0.7935422082364209 10
1774386968224 0.7988096866876454 11
1774386969238 0.7986044602544807 12
1774386970252 0.8010671774524559 13
1774386971268 0.8058557942262964 14
1774386972250 0.8111916814885757 15
1774386973235 0.8171432480503489 16
1774386974220 0.8189902859488302 17
1774386975209 0.8240525379668902 18
1774386976237 0.8265836639759201 19
1774386977271 0.8292516076070597 20
1774386978300 0.8319195512381995 21
1774386979336 0.8354084006019975 22
1774386980363 0.8337665891366808 23
1774386981388 0.8378027089889177 24
1774386982419 0.8412915583527159 25
1774386983445 0.8424545081406485 26
1774386984470 0.8478588042139827 27
1774386985495 0.8503899302230127 28
1774386986524 0.851210835955671 29
1774386987563 0.8535367355315364 30
1774386988592 0.8581885346832672 31
1774386989626 0.8641401012450404 32
1774386990655 0.8671500889314544 33
1774386991685 0.8705021206731427 34
1774386992715 0.8729648378711178 35
1774386993747 0.8779586810781229 36
1774386994778 0.8806950335203174 37
1774386995814 0.8805582158982077 38
1774386996849 0.8829525242851279 39
1774386997885 0.8858256943494323 40
1774386998927 0.8910247639896018 41
1774386999965 0.8960870160076618 42
1774387001000 0.898002462717198 43
1774387002033 0.9007388151593926 44
1774387003069 0.9051853878779587 45
1774387004107 0.9064167464769463 46
1774387005119 0.9097003694075797 47
1774387006122 0.9110001368176222 48
1774387007124 0.9140101245040361 49
1774387008165 0.9168148857572855 50
1774387009219 0.9194828293884252 51
1774387010263 0.9216719113421808 52
1774387011267 0.9252975783280887 53
1774387012271 0.9242030373512108 54
1774387013316 0.928102339581338 55
1774387014353 0.9324120946777945 56
1774387015397 0.9358325352305377 57
1774387016402 0.9378163907511288 58
1774387017411 0.9400054727048844 59
1774387018427 0.9428102339581338 60
1774387019437 0.9395266110275003 61
1774387020477 0.9467779449993159 62
1774387021483 0.9465043097550965 63
1774387022492 0.9501299767410042 64
1774387023500 0.9532083732384731 65
1774387024506 0.9551238199480093 66
1774387025547 0.9559447256806677 67
1774387026561 0.9566288137912163 68
1774387027574 0.9601176631550143 69
1774387028588 0.9603228895881789 70
1774387029602 0.9620331098645506 71
1774387030614 0.9612122041318922 72
1774387031623 0.9652483239841292 73
1774387032634 0.9671637706936653 74
1774387033649 0.9676426323710494 75
1774387034665 0.9679162676152688 76
1774387035685 0.9709262553016829 77
1774387036706 0.970857846490628 78
1774387037721 0.9735257901217677 79
1774387038739 0.9746203310986455 80
1774387039752 0.9740046517991517 81
