1774809925419 0.8337945342063904 0
1774809925609 0.4413115382194519 1
1774809925786 0.4043411612510681 2
1774809925964 0.3808545172214508 3
1774809926142 0.3648413121700287 4
1774809926321 0.3524876832962036 5
1774809926507 0.3425181210041046 6
1774809926706 0.3333241045475006 7
1774809926907 0.3237960934638977 8
1774809927107 0.3152259886264801 9
1774809927296 0.307150274515152 10
1774809927498 0.2996276021003723 11
1774809927702 0.29106542468070984 12
1774809927905 0.28323015570640564 13
1774809928110 0.2753220200538635 14
1774809928314 0.26745256781578064 15
1774809928520 0.25929853320121765 16
1774809928707 0.2517528533935547 17
1774809928895 0.24379803240299225 18
1774809929083 0.23585830628871918 19
1774809929273 0.2275504767894745 20
1774809929463 0.21928392350673676 21
1774809929654 0.2125350683927536 22
1774809929845 0.20454643666744232 23
1774809930039 0.19638311862945557 24
1774809930232 0.1903163343667984 25
1774809930425 0.18301481008529663 26
1774809930620 0.17525333166122437 27
1774809930816 0.17004142701625824 28
1774809931012 0.16168539226055145 29
1774809931204 0.15513330698013306 30
