1774278282925 0.0 0
1774278292935 18.4 1
1774278302949 11.1 2
1774278312957 12.8 3
1774278322965 17.0 4
1774278332976 11.6 5
1774278342988 12.2 6
1774278352996 14.4 7
1774278363003 14.6 8
1774278373013 12.2 9
1774278383028 13.3 10
1774278393045 16.2 11
1774278403062 12.0 12
1774278413069 12.9 13
1774278423079 16.1 14
1774278433089 12.1 15
1774278443096 13.7 16
1774278453104 16.4 17
1774278463112 11.8 18
1774278473125 13.2 19
1774278483136 12.5 20
1774278493156 15.6 21
1774278503167 13.6 22
1774278543258 11.8 23
1774278553267 6.3 24
1774278563279 14.3 25
1774278573287 12.0 26
1774278583295 16.0 27
1774278593304 13.2 28
1774278603319 12.6 29
1774278613327 11.7 30
1774278623336 17.2 31
1774278633343 13.7 32
1774278643352 11.3 33
1774278653362 17.1 34
1774278663383 13.4 35
1774278673391 11.7 36
1774278683407 17.1 37
1774278693431 12.9 38
1774278703441 11.8 39
1774278713451 15.4 40
1774278723462 14.9 41
1774278733473 12.1 42
1774278743493 12.1 43
1774278753505 17.6 44
1774278763526 11.5 45
1774278773538 12.3 46
1774278783546 18.6 47
1774278793554 11.6 48
1774278803562 12.4 49
1774278813570 17.9 50
1774278823580 11.5 51
1774278833602 12.3 52
1774278843612 15.1 53
1774278853621 14.9 54
1774278863630 12.0 55
1774278873638 13.3 56
1774278883646 16.3 57
1774278893655 11.9 58
1774278903664 13.3 59
1774278913672 16.4 60
1774278923680 11.9 61
1774278933688 13.4 62
1774278943722 16.1 63
1774278953732 11.5 64
1774278963743 13.8 65
1774278973758 12.2 66
1774278983766 15.8 67
1774278993776 13.8 68
1774279003785 11.6 69
1774279013793 15.7 70
1774279023803 13.4 71
1774279033812 12.2 72
1774279043820 16.4 73
1774279053828 13.3 74
1774279063837 11.8 75
1774279073849 15.1 76
1774279083875 14.5 77
1774279093884 11.9 78
1774279103893 11.5 79
1774279113902 17.2 80
1774279123914 13.3 81
1774279133923 11.3 82
1774279143936 16.6 83
1774279153944 13.7 84
1774279163952 11.0 85
1774279173962 16.7 86
1774279183973 13.5 87
1774279193985 10.9 88
1774279203997 14.0 89
1774279214012 16.5 90
1774279224021 11.1 91
1774279234031 12.4 92
1774279244040 18.0 93
1774279254051 11.8 94
1774279264062 11.8 95
1774279274074 18.5 96
1774279284082 11.9 97
1774279294093 12.1 98
1774279304102 17.5 99
1774279314111 11.7 100
1774279324123 12.3 101
1774279334133 13.7 102
1774279344143 16.3 103
1774279354161 11.6 104
1774279364173 13.2 105
1774279374197 16.5 106
1774279384212 11.3 107
1774279394229 13.6 108
1774279404249 17.3 109
1774279414287 11.5 110
