1774278282925 2.5 0
1774278292935 19.7 1
1774278302949 19.7 2
1774278312957 19.7 3
1774278322965 19.7 4
1774278332976 19.7 5
1774278342988 19.8 6
1774278352996 22.3 7
1774278363003 22.3 8
1774278373013 22.3 9
1774278383028 22.3 10
1774278393045 22.3 11
1774278403062 22.3 12
1774278413069 22.3 13
1774278423079 22.3 14
1774278433089 22.3 15
1774278443096 22.3 16
1774278453104 22.3 17
1774278463112 22.3 18
1774278473125 22.3 19
1774278483136 22.3 20
1774278493156 22.3 21
1774278503167 22.3 22
1774278543258 22.3 23
1774278553267 22.3 24
1774278563279 22.3 25
1774278573287 22.3 26
1774278583295 22.3 27
1774278593304 22.3 28
1774278603319 22.3 29
1774278613327 22.3 30
1774278623336 22.3 31
1774278633343 22.3 32
1774278643352 22.3 33
1774278653362 22.3 34
1774278663383 22.3 35
1774278673391 22.3 36
1774278683407 22.3 37
1774278693431 22.3 38
1774278703441 22.3 39
1774278713451 22.3 40
1774278723462 22.3 41
1774278733473 22.3 42
1774278743493 22.3 43
1774278753505 22.3 44
1774278763526 22.3 45
1774278773538 22.3 46
1774278783546 22.3 47
1774278793554 22.3 48
1774278803562 22.3 49
1774278813570 22.3 50
1774278823580 22.3 51
1774278833602 22.3 52
1774278843612 22.3 53
1774278853621 22.3 54
1774278863630 22.3 55
1774278873638 22.3 56
1774278883646 22.3 57
1774278893655 22.3 58
1774278903664 22.3 59
1774278913672 22.3 60
1774278923680 22.3 61
1774278933688 22.3 62
1774278943722 22.3 63
1774278953732 22.3 64
1774278963743 22.3 65
1774278973758 22.3 66
1774278983766 22.3 67
1774278993776 22.3 68
1774279003785 22.3 69
1774279013793 22.3 70
1774279023803 22.3 71
1774279033812 22.3 72
1774279043820 22.3 73
1774279053828 22.3 74
1774279063837 22.3 75
1774279073849 22.3 76
1774279083875 22.3 77
1774279093884 22.3 78
1774279103893 22.3 79
1774279113902 22.3 80
1774279123914 22.3 81
1774279133923 22.3 82
1774279143936 22.3 83
1774279153944 22.3 84
1774279163952 22.3 85
1774279173962 22.3 86
1774279183973 22.3 87
1774279193985 22.3 88
1774279203997 22.3 89
1774279214012 22.3 90
1774279224021 22.3 91
1774279234031 22.3 92
1774279244040 22.3 93
1774279254051 22.3 94
1774279264062 22.3 95
1774279274074 22.3 96
1774279284082 22.3 97
1774279294093 22.3 98
1774279304102 22.3 99
1774279314111 22.3 100
1774279324123 22.3 101
1774279334133 22.3 102
1774279344143 22.3 103
1774279354161 22.3 104
1774279364173 22.3 105
1774279374197 22.3 106
1774279384212 22.3 107
1774279394229 22.3 108
1774279404249 22.3 109
1774279414287 22.3 110
