1774578121475 0.0 0
1774578131483 94.0 1
1774578141499 92.0 2
1774578151519 93.0 3
1774578161539 93.0 4
1774578171547 94.0 5
1774578181554 94.0 6
1774578191560 93.0 7
1774578201567 94.0 8
1774578211579 93.0 9
1774578221589 94.0 10
1774578231599 93.0 11
1774578241613 92.0 12
1774578251620 91.0 13
1774578261634 95.0 14
1774578271641 93.0 15
1774578281654 94.0 16
1774578291661 92.0 17
1774578301668 92.0 18
1774578311675 92.0 19
1774578321682 93.0 20
1774578331691 92.0 21
1774578341703 94.0 22
1774578351716 94.0 23
1774578361730 92.0 24
1774578371738 94.0 25
1774578381747 94.0 26
1774578391770 94.0 27
1774578401777 73.0 28
1774578411790 91.0 29
1774578421804 95.0 30
1774578431812 94.0 31
1774578441820 92.0 32
1774578451830 94.0 33
1774578461839 92.0 34
1774578471852 92.0 35
1774578481860 92.0 36
1774578491873 94.0 37
1774578501883 94.0 38
1774578511894 91.0 39
1774578521901 94.0 40
1774578531910 91.0 41
1774578541921 90.0 42
1774578551943 92.0 43
1774578561955 94.0 44
1774578571964 94.0 45
1774578581977 94.0 46
1774578591987 94.0 47
1774578601995 94.0 48
1774578612010 94.0 49
1774578622022 94.0 50
1774578632031 92.0 51
1774578642043 93.0 52
1774578652050 94.0 53
1774578662064 94.0 54
1774578672072 92.0 55
1774578682097 94.0 56
1774578692120 92.0 57
1774578702134 94.0 58
1774578712146 91.0 59
1774578722154 93.0 60
1774578732163 92.0 61
1774578742171 94.0 62
1774578752181 94.0 63
1774578762193 81.0 64
1774578772203 92.0 65
1774578782212 94.0 66
1774578792220 90.0 67
1774578802231 94.0 68
1774578812240 94.0 69
1774578822251 94.0 70
1774578832265 93.0 71
1774578842273 92.0 72
1774578852282 94.0 73
1774578862294 93.0 74
1774578872307 94.0 75
1774578882315 94.0 76
1774578892326 91.0 77
1774578902340 93.0 78
1774578912353 91.0 79
1774578922368 94.0 80
1774578932380 92.0 81
1774578942389 92.0 82
1774578952398 94.0 83
1774578962407 94.0 84
1774578972421 92.0 85
1774578982437 93.0 86
1774578992446 94.0 87
1774579002458 91.0 88
1774579012468 89.0 89
1774579022477 92.0 90
1774579032486 94.0 91
1774579042501 93.0 92
1774579052514 94.0 93
1774579062525 92.0 94
1774579072545 94.0 95
1774579082559 93.0 96
1774579092571 94.0 97
1774579102583 94.0 98
1774579112592 92.0 99
