1774578121475 2940.8 0
1774578131483 3521.9 1
1774578141499 3547.5 2
1774578151519 3562.5 3
1774578161539 3566.6 4
1774578171547 3570.9 5
1774578181554 3574.9 6
1774578191560 3574.7 7
1774578201567 3575.5 8
1774578211579 3587.4 9
1774578221589 3580.8 10
1774578231599 3857.8 11
1774578241613 3582.8 12
1774578251620 3578.4 13
1774578261634 3574.8 14
1774578271641 3585.6 15
1774578281654 3569.0 16
1774578291661 3580.6 17
1774578301668 3586.5 18
1774578311675 3586.2 19
1774578321682 3593.0 20
1774578331691 3584.1 21
1774578341703 3575.8 22
1774578351716 3619.9 23
1774578361730 3834.7 24
1774578371738 3582.8 25
1774578381747 3773.0 26
1774578391770 3586.2 27
1774578401777 3589.4 28
1774578411790 3575.6 29
1774578421804 3586.1 30
1774578431812 3589.3 31
1774578441820 3584.7 32
1774578451830 3592.2 33
1774578461839 3589.8 34
1774578471852 3597.1 35
1774578481860 3598.8 36
1774578491873 3812.1 37
1774578501883 3594.5 38
1774578511894 3593.8 39
1774578521901 3592.3 40
1774578531910 3588.8 41
1774578541921 3599.4 42
1774578551943 3599.6 43
1774578561955 3594.8 44
1774578571964 3593.7 45
1774578581977 3594.1 46
1774578591987 3597.2 47
1774578601995 3590.1 48
1774578612010 3595.8 49
1774578622022 3706.8 50
1774578632031 3591.1 51
1774578642043 3591.3 52
1774578652050 3586.1 53
1774578662064 3594.0 54
1774578672072 3586.8 55
1774578682097 3588.8 56
1774578692120 3590.3 57
1774578702134 3592.2 58
1774578712146 3583.2 59
1774578722154 3862.1 60
1774578732163 3588.8 61
1774578742171 3585.3 62
1774578752181 3582.5 63
1774578762193 3593.5 64
1774578772203 3593.4 65
1774578782212 3585.6 66
1774578792220 3598.3 67
1774578802231 3585.2 68
1774578812240 3583.6 69
1774578822251 3588.7 70
1774578832265 3591.2 71
1774578842273 3593.6 72
1774578852282 3856.3 73
1774578862294 3593.5 74
1774578872307 3583.4 75
1774578882315 3585.8 76
1774578892326 3630.8 77
1774578902340 3625.9 78
1774578912353 3591.0 79
1774578922368 3625.2 80
1774578932380 3582.8 81
1774578942389 3589.8 82
1774578952398 3586.3 83
1774578962407 3596.8 84
1774578972421 3586.6 85
1774578982437 3818.2 86
1774578992446 3584.4 87
1774579002458 3589.5 88
1774579012468 3597.4 89
1774579022477 3595.6 90
1774579032486 3598.8 91
1774579042501 3598.5 92
1774579052514 3594.9 93
1774579062525 3584.5 94
1774579072545 3585.0 95
1774579082559 3596.4 96
1774579092571 3583.7 97
1774579102583 3594.7 98
1774579112592 3703.4 99
