1774199419263 2.8 0
1774199429290 24.6 1
1774199439299 24.6 2
1774199449312 32.3 3
1774199459320 32.3 4
1774199469331 32.3 5
1774199479339 32.3 6
1774199489346 32.3 7
1774199499356 32.3 8
1774199509364 36.4 9
1774199519372 36.4 10
1774199529382 36.4 11
1774199539395 36.4 12
1774199549409 36.4 13
1774199559417 36.4 14
1774199569425 36.4 15
1774199579438 36.4 16
1774199589453 36.4 17
1774199599465 36.4 18
1774199609473 36.4 19
1774199619482 36.4 20
1774199629491 36.4 21
1774199639500 36.4 22
1774199649529 36.4 23
1774199659539 36.4 24
1774199669550 36.4 25
1774199679565 36.4 26
1774199689573 36.4 27
1774199699581 36.4 28
1774199709588 36.4 29
1774199719595 36.4 30
1774199729602 36.4 31
1774199739612 36.4 32
1774199749619 36.4 33
1774199759636 36.4 34
1774199769646 36.4 35
1774199779654 36.4 36
1774199789664 36.4 37
1774199799681 36.4 38
1774199809692 36.4 39
1774199819712 36.4 40
1774199829728 36.4 41
1774199839744 36.4 42
1774199849759 36.4 43
1774199859770 36.4 44
1774199869779 36.4 45
1774199879788 36.4 46
1774199889799 36.4 47
1774199899807 36.4 48
1774199909814 36.4 49
1774199919827 36.4 50
1774199929837 36.4 51
1774199939846 36.4 52
1774199949862 36.4 53
1774199959871 36.4 54
1774199969890 36.4 55
1774199979902 36.4 56
1774199989919 36.4 57
1774199999926 36.4 58
1774200009934 36.4 59
1774200019944 36.4 60
1774200029957 36.4 61
1774200039967 36.4 62
1774200049977 36.4 63
1774200059989 36.4 64
1774200069997 36.4 65
1774200080007 36.4 66
1774200090016 36.4 67
1774200100030 36.4 68
1774200110047 36.4 69
1774200120056 36.4 70
1774200130077 36.4 71
1774200140102 36.4 72
1774200150114 36.4 73
1774200160126 36.4 74
1774200170135 36.4 75
1774200180157 36.4 76
