1774199419263 0.0 0
1774199429290 87.0 1
1774199439299 85.0 2
1774199449312 86.0 3
1774199459320 87.0 4
1774199469331 86.0 5
1774199479339 85.0 6
1774199489346 86.0 7
1774199499356 86.0 8
1774199509364 86.0 9
1774199519372 86.0 10
1774199529382 87.0 11
1774199539395 85.0 12
1774199549409 84.0 13
1774199559417 85.0 14
1774199569425 85.0 15
1774199579438 84.0 16
1774199589453 86.0 17
1774199599465 85.0 18
1774199609473 87.0 19
1774199619482 85.0 20
1774199629491 83.0 21
1774199639500 85.0 22
1774199649529 85.0 23
1774199659539 86.0 24
1774199669550 85.0 25
1774199679565 87.0 26
1774199689573 85.0 27
1774199699581 87.0 28
1774199709588 86.0 29
1774199719595 86.0 30
1774199729602 85.0 31
1774199739612 88.0 32
1774199749619 86.0 33
1774199759636 87.0 34
1774199769646 87.0 35
1774199779654 87.0 36
1774199789664 84.0 37
1774199799681 86.0 38
1774199809692 86.0 39
1774199819712 85.0 40
1774199829728 86.0 41
1774199839744 87.0 42
1774199849759 85.0 43
1774199859770 86.0 44
1774199869779 85.0 45
1774199879788 86.0 46
1774199889799 84.0 47
1774199899807 86.0 48
1774199909814 78.0 49
1774199919827 85.0 50
1774199929837 86.0 51
1774199939846 86.0 52
1774199949862 85.0 53
1774199959871 85.0 54
1774199969890 86.0 55
1774199979902 85.0 56
1774199989919 64.0 57
1774199999926 86.0 58
1774200009934 87.0 59
1774200019944 84.0 60
1774200029957 85.0 61
1774200039967 86.0 62
1774200049977 85.0 63
1774200059989 85.0 64
1774200069997 86.0 65
1774200080007 86.0 66
1774200090016 87.0 67
1774200100030 83.0 68
1774200110047 86.0 69
1774200120056 86.0 70
1774200130077 86.0 71
1774200140102 85.0 72
1774200150114 85.0 73
1774200160126 86.0 74
1774200170135 87.0 75
1774200180157 86.0 76
