1774193854250 33.1 0
1774193864270 37.5 1
1774193874277 36.8 2
1774193884285 36.7 3
1774193894311 36.7 4
1774193904318 36.7 5
1774193914327 36.7 6
1774193924336 36.8 7
1774193934347 36.5 8
1774193944354 36.5 9
1774193954383 36.4 10
1774193964394 36.5 11
1774193974404 36.6 12
1774193984414 36.6 13
1774193994447 37.1 14
1774194004462 36.6 15
1774194014470 36.5 16
1774194024478 36.6 17
1774194034485 36.7 18
1774194044498 36.7 19
1774194054507 36.6 20
1774194064520 36.6 21
1774194074527 36.6 22
1774194084540 36.6 23
1774194094547 38.2 24
1774194104560 36.7 25
1774194114568 36.8 26
1774194124575 37.0 27
1774194134586 36.7 28
1774194144601 36.8 29
1774194154612 36.8 30
1774194164622 36.8 31
1774194174630 36.5 32
1774194184640 36.6 33
1774194194651 36.2 34
1774194204663 36.3 35
