1774710582584 0.15535640990559585 0
1774710592006 0.3430701874401423 1
1774710601331 0.4527295115610891 2
1774710610737 0.49787932685729924 3
1774710620118 0.534683267204816 4
1774710629469 0.5576686277192502 5
1774710638780 0.5840744287864277 6
1774710648198 0.5986455055411137 7
1774710657589 0.6160213435490491 8
1774710666890 0.6126693118073608 9
1774710676329 0.631686961280613 10
1774710685646 0.6355862635107402 11
1774710695069 0.6440689560815434 12
1774710704425 0.6493364345327678 13
1774710713804 0.6613763852784239 14
1774710723188 0.6659597756190997 15
1774710732515 0.6725270214803667 16
1774710741867 0.6781365439868655 17
1774710751303 0.6819674374059379 18
1774710760681 0.6826515255164866 19
1774710770031 0.6895608154330278 20
1774710779502 0.6959228348611302 21
1774710788844 0.693938979340539 22
1774710798278 0.6944178410179231 23
1774710807663 0.7061157477083049 24
1774710817013 0.7013955397455193 25
1774710826361 0.7044055274319332 26
1774710835738 0.7117252702148037 27
1774710845176 0.7173347927213025 28
1774710854545 0.7150088931454371 29
1774710863903 0.718087289642906 30
1774710873297 0.7102886851826515 31
1774710882636 0.728143384867971 32
1774710892057 0.7252018059926119 33
1774710901431 0.7325215487754823 34
1774710910765 0.7275277055684772 35
1774710920148 0.730127240388562 36
1774710929516 0.7284854289232453 37
1774710938880 0.7343685866739637 38
1774710948268 0.7352579012176769 39
1774710957667 0.7325215487754823 40
1774710967089 0.7353947188397866 41
1774710976483 0.7449035435764126 42
1774710985856 0.739704473936243 43
1774710995226 0.744219455465864 44
1774711004636 0.7476398960186071 45
1774711014043 0.7476398960186071 46
1774711023432 0.747776713640717 47
1774711032713 0.7518128334929539 48
1774711042166 0.7482555753181009 49
1774711051589 0.7503762484608018 50
1774711060972 0.7518128334929539 51
1774711070404 0.7550280476125325 52
1774711079748 0.7516076070597894 53
1774711089146 0.7565330414557395 54
1774711098508 0.7580380352989465 55
1774711107902 0.7620057463401286 56
1774711117240 0.7550280476125325 57
1774711126600 0.75625940621152 58
