1774541082186 17.5 0
1774541092197 21.0 1
1774541102205 21.1 2
1774541112212 21.1 3
1774541122219 21.1 4
1774541132228 21.1 5
1774541142242 21.2 6
1774541152256 21.1 7
1774541162265 22.6 8
1774541172280 21.2 9
1774541182287 21.2 10
1774541192302 21.2 11
1774541202310 21.2 12
1774541212317 21.2 13
1774541222324 21.1 14
1774541232331 21.2 15
1774541242338 21.2 16
1774541252346 21.2 17
1774541262354 21.2 18
1774541272361 21.2 19
1774541282376 21.2 20
1774541292382 22.3 21
1774541302391 21.2 22
1774541312400 21.6 23
1774541322407 21.2 24
1774541332418 21.2 25
1774541342426 21.1 26
1774541352434 21.2 27
1774541362442 21.2 28
1774541372450 21.2 29
1774541382459 21.2 30
1774541392468 21.2 31
1774541402476 21.2 32
1774541412486 21.2 33
1774541422498 21.8 34
1774541432517 21.2 35
1774541442526 21.2 36
1774541452535 21.2 37
1774541462542 21.2 38
1774541472549 21.2 39
1774541482559 21.2 40
1774541492567 21.2 41
1774541502574 21.2 42
1774541512581 21.2 43
1774541522598 21.2 44
1774541532612 21.2 45
1774541542630 21.2 46
1774541552643 21.5 47
1774541562651 21.1 48
1774541572659 21.2 49
1774541582667 21.2 50
1774541592682 21.2 51
1774541602698 21.2 52
1774541612707 21.2 53
1774541622716 21.2 54
1774541632730 21.3 55
1774541642741 21.3 56
1774541652755 22.8 57
1774541662764 21.2 58
1774541672773 21.2 59
1774541682786 21.4 60
1774541692796 21.2 61
1774541702806 21.2 62
1774541712816 21.2 63
1774541722825 21.2 64
1774541732838 21.2 65
1774541742849 21.3 66
1774541752861 21.2 67
1774541762871 21.2 68
1774541772881 21.2 69
1774541782893 22.7 70
1774541792904 21.2 71
1774541802913 21.2 72
1774541812923 21.2 73
1774541822933 21.2 74
1774541832959 21.2 75
1774541842967 21.2 76
1774541852975 21.2 77
1774541862983 21.2 78
1774541872991 21.2 79
1774541883000 21.2 80
1774541893015 21.2 81
1774541903025 21.2 82
1774541913039 22.5 83
1774541923064 21.2 84
1774541933074 21.2 85
1774541943089 21.2 86
1774541953099 21.3 87
1774541963113 21.2 88
1774541973124 21.2 89
1774541983136 21.3 90
1774541993148 21.2 91
1774542003159 21.2 92
1774542013174 21.2 93
1774542023184 21.3 94
1774542033194 21.2 95
1774542043211 22.4 96
1774542053226 21.2 97
1774542063239 21.3 98
1774542073251 21.3 99
1774542083260 21.3 100
1774542093270 21.2 101
1774542103281 21.3 102
1774542113292 21.2 103
1774542123302 21.2 104
1774542133317 21.2 105
1774542143329 21.6 106
1774542153339 21.3 107
1774542163349 21.3 108
1774542173359 21.9 109
1774542183369 21.2 110
1774542193379 21.3 111
1774542203391 21.2 112
1774542213402 21.2 113
1774542223413 21.2 114
1774542233436 21.4 115
1774542243452 21.3 116
1774542253465 21.2 117
1774542263482 21.2 118
1774542273499 21.2 119
1774542283509 21.3 120
1774542293520 21.2 121
1774542303532 21.6 122
1774542313543 21.3 123
1774542323559 21.2 124
