1767049643846 0.5060504902983518 0
1767049652110 0.7762361777592323 1
1767049660475 0.7918839974963489 2
1767049668765 0.7996035885666597 3
1767049677304 0.8132693511370749 4
1767049685854 0.8169205090757354 5
1767049693750 0.8275610264969747 6
1767049701689 0.8304819528479032 7
1767049709367 0.8376799499269768 8
1767049717354 0.8440433966200709 9
1767049724989 0.8467556853745045 10
1767049732849 0.8492593365324431 11
1767049740850 0.8532234508658461 12
1767049748787 0.8576048403922387 13
1767049756719 0.8622991863133737 14
