1774811436978 0.0 0
1774811446987 19.7 1
1774811456995 16.4 2
1774811467040 12.5 3
1774811477048 16.1 4
1774811487112 17.6 5
1774811497120 12.4 6
1774811507129 16.8 7
1774811517142 16.5 8
1774811527152 12.5 9
1774811537164 16.0 10
1774811547205 17.7 11
1774811557217 12.0 12
1774811567226 16.8 13
1774811577288 12.9 14
1774811587298 16.6 15
1774811597315 16.6 16
1774811607325 12.1 17
1774811617335 17.0 18
1774811627348 15.8 19
1774811637358 12.4 20
1774811647373 16.6 21
1774811657384 16.7 22
1774811667396 11.8 23
1774811677413 17.0 24
