1774811436978 140.4 0
1774811446987 2671.7 1
1774811456995 4410.2 2
1774811467040 1428.1 3
1774811477048 408.9 4
1774811487112 408.9 5
1774811497120 408.9 6
1774811507129 4424.9 7
1774811517142 2822.7 8
1774811527152 4479.5 9
1774811537164 411.0 10
1774811547205 4460.6 11
1774811557217 408.9 12
1774811567226 4349.4 13
1774811577288 408.9 14
1774811587298 408.9 15
1774811597315 4334.7 16
1774811607325 4622.1 17
1774811617335 4594.8 18
1774811627348 4460.6 19
1774811637358 4473.2 20
1774811647373 4475.3 21
1774811657384 4538.2 22
1774811667396 4359.9 23
1774811677413 4473.2 24
