1774811436978 18.4 0
1774811446987 71.2 1
1774811456995 80.8 2
1774811467040 80.9 3
1774811477048 33.6 4
1774811487112 26.5 5
1774811497120 33.6 6
1774811507129 72.1 7
1774811517142 72.1 8
1774811527152 95.4 9
1774811537164 27.6 10
1774811547205 62.6 11
1774811557217 29.3 12
1774811567226 69.3 13
1774811577288 27.0 14
1774811587298 33.7 15
1774811597315 71.9 16
1774811607325 66.9 17
1774811617335 57.2 18
1774811627348 73.1 19
1774811637358 72.9 20
1774811647373 66.9 21
1774811657384 61.3 22
1774811667396 67.9 23
1774811677413 67.8 24
