1774582165945 0.5158302063789869 0
1774582167043 0.5799718574108818 1
1774582168117 0.6196060037523452 2
1774582169177 0.6476313320825516 3
1774582170256 0.6852720450281425 4
1774582171322 0.7050891181988743 5
1774582172386 0.7310037523452158 6
1774582173506 0.7510553470919324 7
1774582174620 0.7646575984990619 8
1774582175712 0.7833020637898687 9
1774582176833 0.7969043151969981 10
1774582177907 0.8175422138836773 11
1774582179067 0.8279784240150094 12
1774582180135 0.838297373358349 13
1774582181215 0.848264540337711 14
1774582182291 0.8570590994371482 15
1774582183419 0.8712476547842402 16
1774582184485 0.8745309568480301 17
1774582185569 0.8914165103189493 18
1774582186672 0.8975140712945591 19
1774582187801 0.9009146341463414 20
1774582188854 0.9078330206378987 21
1774582189913 0.9200281425891182 22
1774582190986 0.9230769230769231 23
1774582192047 0.9297607879924953 24
1774582193114 0.9335131332082551 25
1774582194176 0.9340994371482176 26
1774582195250 0.9411350844277674 27
1774582196315 0.9514540337711069 28
1774582197387 0.9478189493433395 29
1774582198457 0.9552063789868668 30
1774582199525 0.9561444652908068 31
1774582200600 0.9629455909943715 32
1774582201676 0.9613039399624765 33
1774582202747 0.9649390243902439 34
1774582203853 0.9690431519699813 35
1774582204932 0.9688086303939962 36
1774582206003 0.9710365853658537 37
1774582207109 0.9715056285178236 38
1774582208247 0.9716228893058161 39
1774582209370 0.9772514071294559 40
1774582210472 0.9770168855534709 41
1774582211561 0.975609756097561 42
1774582212636 0.9818245778611632 43
1774582213721 0.9776031894934334 44
1774582214805 0.9794793621013134 45
1774582215927 0.9851078799249531 46
1774582217046 0.9829971857410882 47
1774582218126 0.9842870544090057 48
1774582219216 0.9817073170731707 49
1774582220289 0.9852251407129456 50
1774582221385 0.9866322701688556 51
1774582222458 0.9859287054409006 52
1774582223569 0.9832317073170732 53
1774582224699 0.9861632270168855 54
1774582225809 0.987218574108818 55
1774582226875 0.9846388367729831 56
1774582228054 0.987453095684803 57
1774582229202 0.9844043151969981 58
1774582230272 0.986749530956848 59
1774582231426 0.988156660412758 60
1774582232529 0.9859287054409006 61
1774582233604 0.9895637898686679 62
1774582234700 0.9906191369606003 63
1774582235761 0.9889774859287055 64
1774582236834 0.9905018761726079 65
1774582237927 0.9909709193245778 66
1774582239014 0.9909709193245778 67
1774582240096 0.9915572232645403 68
1774582241206 0.9913227016885553 69
1774582242318 0.9906191369606003 70
1774582243379 0.9897983114446529 71
1774582244461 0.9931988742964353 72
1774582245593 0.9906191369606003 73
1774582246707 0.9908536585365854 74
