1773593507637 0.11868928718018881 0
1773593508962 0.332672048159803 1
1773593510279 0.4374059378847996 2
1773593511600 0.5145026679436311 3
1773593512939 0.5595156656177316 4
1773593514281 0.5872896429060063 5
1773593515652 0.6037761663702285 6
1773593517149 0.6301135586263511 7
1773593518495 0.6429060062936106 8
1773593519879 0.6597345738131072 9
1773593521229 0.6775892734984266 10
1773593522591 0.6849090162812971 11
1773593523950 0.705021206731427 12
1773593525288 0.7097414146942126 13
1773593526631 0.727117252702148 14
1773593527975 0.7365576686277192 15
1773593529319 0.7420303735121083 16
1773593530670 0.7554385004788616 17
1773593532008 0.7661786838144753 18
1773593533348 0.7737036530305104 19
1773593534786 0.7782186345601313 20
1773593536143 0.7839649746887399 21
1773593537486 0.7940894787248598 22
1773593538822 0.8038035298946504 23
1773593540189 0.8063346559036804 24
1773593541642 0.8157066630181967 25
1773593542991 0.8250102613216582 26
1773593544357 0.8389656587768505 27
1773593545721 0.8391024763989602 28
1773593547226 0.8463538103707757 29
1773593548603 0.8526474209878232 30
1773593549995 0.8560678615405665 31
1773593551444 0.8731700643042823 32
1773593552816 0.8713914352168559 33
1773593554185 0.8734436995485019 34
1773593555532 0.8765220960459708 35
1773593556884 0.8831577507182925 36
1773593558235 0.8816527568750855 37
1773593559586 0.8873990970036941 38
1773593561026 0.8928718018880832 39
1773593562471 0.8985497332056369 40
1773593564012 0.8992338213161856 41
1773593565369 0.9011492680257217 42
1773593566725 0.9062115200437817 43
1773593568087 0.9063483376658914 44
1773593569446 0.9099055958407443 45
1773593570807 0.9113421808728964 46
1773593572164 0.9150362566698591 47
1773593573519 0.9164044328909563 48
1773593574971 0.917088521001505 49
1773593576332 0.9169517033793952 50
1773593577695 0.9223559994527295 51
1773593579057 0.9255712135723081 52
