1774596945101 0.5129077681295471 0
1774596945754 0.502346866932645 1
1774596946245 0.5550340295705234 2
1774596946857 0.6997183759680826 3
1774596947320 0.7287021825862473 4
1774596947780 0.7383243370100915 5
1774596948403 0.7649612766956113 6
1774596948877 0.7782210748650552 7
1774596949545 0.791480873034499 8
1774596950009 0.803449894390988 9
1774596950471 0.8154189157474772 10
1774596951099 0.8106078385355551 11
1774596951549 0.7980521004459047 12
1774596952037 0.8293827739967143 13
1774596952528 0.8465149026050223 14
1774596953307 0.8521473832433701 15
1774596953818 0.8576625205350856 16
1774596954466 0.8733865289838066 17
1774596954959 0.8746773057967613 18
1774596955432 0.8746773057967613 19
1774596956082 0.8892278807791598 20
1774596956557 0.8888758507392631 21
1774596957023 0.8976766017366815 22
1774596957507 0.8948603614175076 23
1774596958145 0.9000234686693265 24
1774596958624 0.9008448720957521 25
1774596959285 0.9043651724947196 26
1774596959758 0.9082375029335836 27
1774596960240 0.9128138934522413 28
1774596961033 0.9145740436517249 29
1774596961514 0.9169209105843699 30
1774596962008 0.9177423140107955 31
