1774808824421 0.6344981238273921 0
1774808825396 0.7314727954971857 1
1774808826297 0.7485928705440901 2
1774808827169 0.763250469043152 3
1774808828041 0.7665337711069419 4
1774808829020 0.7747420262664165 5
1774808829883 0.7749765478424016 6
1774808830800 0.7847091932457786 7
1774808831755 0.7877579737335835 8
1774808832627 0.7940900562851783 9
1774808833535 0.7950281425891182 10
1774808834413 0.8103893058161351 11
1774808835305 0.8094512195121951 12
1774808836213 0.8114446529080676 13
1774808837153 0.8147279549718575 14
1774808838020 0.8201219512195121 15
1774808838916 0.8304409005628518 16
1774808839870 0.8363039399624765 17
1774808840787 0.8400562851782364 18
1774808841665 0.8432223264540337 19
1774808842542 0.8530722326454033 20
1774808843408 0.8565900562851783 21
1774808844275 0.8585834896810507 22
1774808845155 0.8611632270168855 23
1774808846029 0.8610459662288931 24
1774808846996 0.8663227016885553 25
1774808847901 0.8813320825515948 26
1774808848836 0.8625703564727955 27
1774808849726 0.8794559099437148 28
1774808850633 0.8876641651031895 29
1774808851539 0.8895403377110694 30
1774808852489 0.887312382739212 31
1774808853427 0.8944652908067542 32
1774808854302 0.9043151969981238 33
1774808855183 0.9024390243902439 34
1774808856059 0.9095919324577861 35
1774808856926 0.9087711069418386 36
