1773971855873 3.2477755546569824 0
1773971856918 1.90021550655365 1
1773971857973 1.7295277118682861 2
1773971858990 1.630641222000122 3
1773971860004 1.5699800252914429 4
1773971861021 1.5014489889144897 5
1773971862074 1.4355082511901855 6
1773971863090 1.387310266494751 7
1773971864108 1.3484342098236084 8
1773971865139 1.311505913734436 9
1773971866171 1.268088698387146 10
1773971867242 1.2223846912384033 11
1773971868310 1.197901725769043 12
1773971869378 1.169686198234558 13
1773971870444 1.136777400970459 14
1773971871517 1.1059211492538452 15
1773971872589 1.0802764892578125 16
1773971873624 1.0572785139083862 17
1773971874658 1.030945897102356 18
1773971875735 1.008332371711731 19
1773971876811 0.9816425442695618 20
1773971877890 0.9614385366439819 21
1773971878963 0.9401078224182129 22
1773971880040 0.9170643091201782 23
1773971881113 0.897840678691864 24
1773971882189 0.8804442882537842 25
1773971883265 0.8542647361755371 26
1773971884342 0.8353421092033386 27
1773971885422 0.8204243779182434 28
1773971886500 0.7937694787979126 29
1773971887581 0.7832503318786621 30
1773971888632 0.7622082829475403 31
1773971889720 0.7435372471809387 32
1773971890806 0.7277829647064209 33
1773971891887 0.70978182554245 34
1773971892967 0.6944110989570618 35
1773971894049 0.677460253238678 36
1773971895131 0.6624749898910522 37
1773971896176 0.6492173671722412 38
1773971897261 0.6305579543113708 39
1773971898344 0.6143679022789001 40
1773971899427 0.6002191305160522 41
1773971900515 0.5838986039161682 42
1773971901601 0.5674116611480713 43
1773971902687 0.5541976690292358 44
1773971903737 0.5419354438781738 45
1773971904790 0.5283237099647522 46
1773971905878 0.5113987922668457 47
1773971906963 0.49614137411117554 48
1773971908047 0.4853605628013611 49
1773971909131 0.47184741497039795 50
1773971910221 0.45967546105384827 51
1773971911309 0.4486336410045624 52
1773971912396 0.4347912073135376 53
1773971913482 0.4222174882888794 54
1773971914571 0.4105112850666046 55
1773971915623 0.39851513504981995 56
1773971916674 0.38691869378089905 57
1773971917729 0.37671297788619995 58
1773971918789 0.36494600772857666 59
1773971919843 0.3602569103240967 60
1773971920896 0.3449000120162964 61
1773971921954 0.33596542477607727 62
1773971923014 0.3247946500778198 63
1773971924076 0.3178478479385376 64
1773971925129 0.30667757987976074 65
1773971926184 0.29711031913757324 66
1773971927242 0.2896316945552826 67
1773971928299 0.2821241319179535 68
1773971929357 0.27427220344543457 69
