1774583230355 3.1057758716213213 0
1774583233728 2.988036869553767 1
1774583237326 2.964822842461871 2
1774583240722 2.886954561860605 3
1774583244132 2.7737443361975194 4
1774583247722 2.579058779788125 5
1774583251312 2.2452949374722526 6
1774583254695 1.9067798990087057 7
1774583258317 1.6757864003501786 8
1774583261740 1.4596587774250898 9
1774583265163 1.249361429760534 10
1774583268763 1.0848131348617363 11
1774583272192 0.942951723380721 12
1774583275771 0.8217514902577548 13
1774583279371 0.7263524567710666 14
1774583282802 0.6491187659460113 15
1774583286188 0.5795032531655036 16
1774583289809 0.5084134967280798 17
1774583293242 0.46221427451668823 18
1774583296660 0.4182631470408774 19
1774583300240 0.3769722628126981 20
1774583303821 0.34838139410220514 21
1774583307219 0.3098983504464255 22
1774583310814 0.2829056774555438 23
1774583314219 0.25809230585197107 24
1774583317642 0.24306503992707643 25
1774583321032 0.2192328855434053 26
1774583324685 0.212937965420304 27
1774583328229 0.19510380420790502 28
1774583331601 0.17948491961469334 29
1774583335220 0.16406626915382058 30
1774583338649 0.15175324331223353 31
1774583342077 0.14838592764787822 32
1774583345683 0.13520929582477154 33
1774583349111 0.13039611617987779 34
1774583352676 0.12346910268684014 35
1774583356429 0.11580441985113674 36
1774583359847 0.10886877334518298 37
1774583363251 0.10879557067114248 38
1774583366886 0.10704484071140659 39
1774583370293 0.09666360464451136 40
1774583373698 0.1011884132401939 41
1774583377476 0.09176746372147256 42
1774583380888 0.08252015802843624 43
1774583384298 0.08320019283047908 44
