1774808893105 42.962629437446594 0
1774808893974 35.44736471772194 1
1774808894856 33.70169532299042 2
1774808895775 32.88467621803284 3
1774808896675 32.266529589891434 4
1774808897630 31.30040469765663 5
1774808898565 30.903638154268265 6
1774808899487 30.41388177871704 7
1774808900424 29.32192188501358 8
1774808901350 29.082089692354202 9
1774808902224 28.596305549144745 10
1774808903100 28.272580951452255 11
1774808903973 27.36014187335968 12
1774808904896 27.118058800697327 13
1774808905840 26.1852870285511 14
1774808906719 25.79446318745613 15
1774808907596 24.9754299223423 16
1774808908532 25.066041827201843 17
1774808909419 24.50567027926445 18
1774808910294 23.582636907696724 19
1774808911187 22.52857741713524 20
1774808912079 21.846997380256653 21
1774808912964 21.69458508491516 22
1774808913849 21.501898244023323 23
1774808914747 20.660803586244583 24
1774808915658 20.68008027970791 25
1774808916564 20.275261342525482 26
1774808917480 19.64848531782627 27
1774808918401 18.366617560386658 28
1774808919321 18.02314354479313 29
1774808920190 17.832060635089874 30
1774808921063 17.732675060629845 31
1774808921953 16.79614356160164 32
1774808922837 16.62933973968029 33
1774808923791 15.72185555100441 34
1774808924679 15.56370247900486 35
1774808925557 15.06008480489254 36
1774808926504 14.926406398415565 37
1774808927381 14.886315613985062 38
1774808928272 14.512500293552876 39
1774808929185 14.385268494486809 40
1774808930097 13.5310637652874 41
1774808930967 13.328835412859917 42
1774808931946 12.712694495916367 43
1774808932915 12.1231959015131 44
1774808933800 12.047277472913265 45
1774808934679 11.682623066008091 46
1774808935552 12.255042746663094 47
1774808936430 12.055486433207989 48
1774808937331 11.394018240272999 49
1774808938210 11.154475167393684 50
1774808939122 11.967421166598797 51
1774808939999 11.606259994208813 52
1774808940970 10.226169407367706 53
1774808941861 11.091087341308594 54
