1768614777545 4.4 0
1768614787554 52.5 1
1768614797561 52.5 2
1768614807569 52.5 3
1768614817577 52.5 4
1768614827604 52.5 5
1768614837611 52.5 6
1768614847622 52.5 7
1768614857631 52.5 8
1768614867638 52.5 9
1768614877646 52.5 10
1768614887655 52.5 11
1768614897664 52.5 12
1768614907671 52.5 13
1768614917696 52.5 14
1768614927724 52.5 15
1768614937732 52.5 16
1768614947749 52.5 17
1768614957756 52.5 18
1768614967765 52.5 19
1768614977783 52.5 20
1768614987800 52.5 21
1768614997808 52.5 22
1768615007820 52.5 23
1768615017829 52.5 24
1768615027836 52.5 25
1768615037855 52.5 26
1768615047868 52.5 27
1768615057876 52.5 28
1768615067892 52.5 29
1768615077906 52.5 30
1768615087925 52.5 31
1768615097933 52.5 32
1768615107941 52.5 33
1768615117953 52.5 34
1768615127969 52.5 35
1768615137983 52.5 36
1768615147990 52.5 37
1768615158004 52.5 38
1768615168012 52.5 39
1768615178023 52.5 40
1768615188031 52.5 41
1768615198040 52.5 42
1768615208057 52.5 43
1768615218077 52.5 44
1768615228093 52.5 45
1768615238122 52.5 46
1768615248130 52.5 47
1768615258147 52.5 48
1768615268156 52.5 49
1768615278164 52.5 50
1768615288176 52.5 51
1768615298188 52.5 52
1768615308197 52.1 53
1768615318207 52.1 54
1768615328222 52.1 55
1768615338230 52.1 56
1768615348239 52.1 57
1768615358248 52.1 58
1768615368258 52.1 59
1768615378267 52.1 60
1768615388290 52.1 61
1768615398299 52.1 62
1768615408313 52.1 63
1768615418327 52.1 64
1768615428351 52.1 65
1768615438361 52.1 66
1768615448378 52.1 67
1768615458390 52.1 68
1768615468403 52.1 69
1768615478411 52.1 70
1768615488420 52.1 71
1768615498428 52.1 72
1768615508437 52.1 73
1768615518446 52.1 74
1768615528458 52.1 75
1768615538477 52.1 76
1768615548506 52.1 77
1768615558515 52.1 78
1768615568529 52.1 79
1768615578545 52.1 80
1768615588558 52.1 81
1768615598567 52.1 82
1768615608576 52.1 83
1768615618585 52.1 84
1768615628598 52.1 85
1768615638610 52.1 86
1768615648624 52.1 87
1768615658633 52.1 88
1768615668650 52.1 89
1768615678660 52.1 90
1768615688669 52.1 91
1768615698688 52.1 92
1768615708702 52.1 93
1768615718711 52.1 94
1768615728720 52.1 95
1768615738730 52.1 96
1768615748739 52.1 97
1768615758752 52.1 98
1768615768763 52.1 99
1768615778777 52.1 100
1768615788787 52.1 101
1768615798813 52.1 102
1768615808834 52.1 103
1768615818845 52.1 104
1768615828859 52.1 105
1768615838887 52.1 106
1768615848900 52.1 107
1768615858914 52.1 108
1768615868923 52.1 109
1768615878933 52.1 110
1768615888946 52.1 111
1768615898956 52.1 112
1768615908966 52.1 113
1768615918981 52.1 114
1768615928996 52.1 115
1768615939007 52.1 116
1768615949025 52.1 117
1768615959037 52.1 118
1768615969048 52.1 119
1768615979058 52.1 120
1768615989075 52.1 121
1768615999085 52.1 122
1768616009096 52.1 123
1768616019106 52.1 124
1768616029117 52.1 125
1768616039136 52.1 126
1768616049147 52.1 127
1768616059166 52.1 128
1768616069176 52.1 129
1768616079187 52.1 130
1768616089201 52.1 131
1768616099211 52.1 132
1768616109224 52.1 133
1768616119253 52.1 134
1768616129264 52.1 135
1768616139291 52.1 136
1768616149301 52.1 137
1768616159333 52.1 138
1768616169347 52.1 139
1768616179367 52.1 140
1768616189383 52.1 141
1768616199394 52.1 142
1768616209405 52.1 143
1768616219418 52.1 144
1768616229429 52.1 145
1768616239441 52.1 146
1768616249453 52.1 147
1768616259463 52.1 148
1768616269483 52.1 149
1768616279493 52.1 150
1768616289503 52.1 151
1768616299512 52.1 152
1768616309527 52.1 153
