1768614777545 0.0023700000001554145 0
1768614787554 1.3013329999994312 1
1768614797561 54.82706799999869 2
1768614807569 117.50026999999864 3
1768614817577 159.02886399999988 4
1768614827604 202.0831139999991 5
1768614837611 237.65150600000015 6
1768614847622 239.06728399999884 7
1768614857631 239.56600799999978 8
1768614867638 241.0741569999991 9
1768614877646 242.52751199999875 10
1768614887655 242.9889119999989 11
1768614897664 244.50253299999895 12
1768614907671 245.91295799999898 13
1768614917696 246.4383399999988 14
1768614927724 247.93290699999852 15
1768614937732 249.34108899999956 16
1768614947749 249.78302399999848 17
1768614957756 251.29264599999988 18
1768614967765 252.652141999999 19
1768614977783 253.19991799999843 20
1768614987800 254.7210189999987 21
1768614997808 256.1250259999997 22
1768615007820 256.6790569999994 23
1768615017829 258.1727519999986 24
1768615027836 259.4989689999984 25
1768615037855 260.0976159999991 26
1768615047868 261.5548119999985 27
1768615057876 262.92662199999904 28
1768615067892 263.47439999999915 29
1768615077906 264.92911899999854 30
1768615087925 266.28987999999845 31
1768615097933 266.85709700000007 32
1768615107941 268.34377499999937 33
1768615117953 269.8724509999993 34
1768615127969 270.5045859999991 35
1768615137983 271.99561299999914 36
1768615147990 273.33511 37
1768615158004 273.90663199999835 38
1768615168012 275.38416199999847 39
1768615178023 276.7316919999994 40
1768615188031 277.2691369999993 41
1768615198040 278.76988899999924 42
1768615208057 280.1094119999998 43
1768615218077 280.68548399999963 44
1768615228093 282.1680809999998 45
1768615238122 283.52829799999927 46
1768615248130 284.07337499999994 47
1768615258147 285.54900199999975 48
1768615268156 286.91373399999975 49
1768615278164 287.47685399999864 50
1768615288176 288.9696669999994 51
1768615298188 290.33277799999996 52
1768615308197 290.86499399999957 53
1768615318207 292.35200899999836 54
1768615328222 293.7145209999999 55
1768615338230 294.27455799999916 56
1768615348239 295.75925199999983 57
1768615358248 297.11833299999853 58
1768615368258 297.62775599999986 59
1768615378267 299.05051599999933 60
1768615388290 300.4202119999991 61
1768615398299 301.00863500000014 62
1768615408313 302.462250999999 63
1768615418327 303.8413409999994 64
1768615428351 304.4895319999996 65
1768615438361 305.9415149999986 66
1768615448378 307.34535399999913 67
1768615458390 307.924266 68
1768615468403 309.38958099999945 69
1768615478411 310.8163089999998 70
1768615488420 311.3807179999985 71
1768615498428 312.8195629999991 72
1768615508437 314.19175299999915 73
1768615518446 314.78185699999995 74
1768615528458 316.2470519999988 75
1768615538477 317.6157329999987 76
1768615548506 318.19164499999897 77
1768615558515 319.65707399999883 78
1768615568529 320.936995 79
1768615578545 321.5760829999999 80
1768615588558 323.02725499999906 81
1768615598567 324.3871909999998 82
1768615608576 325.0317189999987 83
1768615618585 326.397465 84
1768615628598 327.80092799999875 85
1768615638610 328.45939 86
1768615648624 329.7149669999999 87
1768615658633 331.2108449999996 88
1768615668650 331.85812899999837 89
1768615678660 333.02298299999893 90
1768615688669 334.6229979999989 91
1768615698688 335.29105999999956 92
1768615708702 336.46080900000015 93
1768615718711 338.1829969999999 94
1768615728720 338.83134399999835 95
1768615738730 339.90524000000005 96
1768615748739 341.6252690000001 97
1768615758752 342.284357999999 98
1768615768763 343.2989519999992 99
1768615778777 345.045392 100
1768615788787 345.675702999999 101
1768615798813 346.61904199999844 102
1768615808834 348.43194199999925 103
1768615818845 349.08540399999947 104
1768615828859 350.0323379999991 105
1768615838887 351.8146969999998 106
1768615848900 352.51167499999974 107
1768615858914 353.4379549999994 108
1768615868923 355.2159639999991 109
1768615878933 355.927717999999 110
1768615888946 356.8690809999989 111
1768615898956 358.6203339999993 112
1768615908966 359.2967519999984 113
1768615918981 360.2206219999989 114
1768615928996 361.96767799999907 115
1768615939007 362.67936199999895 116
1768615949025 363.5956179999994 117
1768615959037 365.4050699999989 118
1768615969048 366.10198599999967 119
1768615979058 367.0251250000001 120
1768615989075 368.8070259999986 121
1768615999085 369.52589699999953 122
1768616009096 370.4517189999988 123
1768616019106 372.27996600000006 124
1768616029117 372.9738749999997 125
1768616039136 373.8909939999994 126
1768616049147 375.6361689999994 127
1768616059166 376.34242599999925 128
1768616069176 377.2684329999993 129
1768616079187 379.0650139999998 130
1768616089201 379.7583859999995 131
1768616099211 380.5871959999986 132
1768616109224 382.42598799999905 133
1768616119253 383.17403899999954 134
1768616129264 383.9653499999986 135
1768616139291 385.8232399999997 136
1768616149301 386.5461699999996 137
1768616159333 387.29539099999965 138
1768616169347 389.2072159999989 139
1768616179367 389.9386109999996 140
1768616189383 390.71101799999997 141
1768616199394 392.6410999999989 142
1768616209405 393.3433539999987 143
1768616219418 394.1006209999996 144
1768616229429 396.04285699999855 145
1768616239441 396.7441719999988 146
1768616249453 397.4981429999989 147
1768616259463 399.43723599999976 148
1768616269483 400.1445100000001 149
1768616279493 400.9104269999989 150
1768616289503 402.86977599999955 151
1768616299512 403.57946399999855 152
1768616309527 404.3220059999985 153
