1768614777545 8137.4 0
1768614787554 8565.4 1
1768614797561 9541.7 2
1768614807569 10447.2 3
1768614817577 11101.1 4
1768614827604 11761.3 5
1768614837611 12522.8 6
1768614847622 8683.4 7
1768614857631 8689.4 8
1768614867638 8874.5 9
1768614877646 8670.6 10
1768614887655 8641.3 11
1768614897664 8641.2 12
1768614907671 8655.5 13
1768614917696 8653.6 14
1768614927724 8653.1 15
1768614937732 8649.7 16
1768614947749 8650.2 17
1768614957756 8648.7 18
1768614967765 8674.0 19
1768614977783 8655.5 20
1768614987800 8640.8 21
1768614997808 8725.1 22
1768615007820 8643.2 23
1768615017829 8649.5 24
1768615027836 8642.2 25
1768615037855 8646.3 26
1768615047868 8657.8 27
1768615057876 8652.1 28
1768615067892 8642.2 29
1768615077906 8630.0 30
1768615087925 8647.6 31
1768615097933 8881.1 32
1768615107941 8653.5 33
1768615117953 8645.2 34
1768615127969 8665.1 35
1768615137983 8647.1 36
1768615147990 8646.1 37
1768615158004 8664.7 38
1768615168012 8652.2 39
1768615178023 8663.6 40
1768615188031 8663.1 41
1768615198040 8670.7 42
1768615208057 8662.6 43
1768615218077 8668.9 44
1768615228093 8755.0 45
1768615238122 8676.3 46
1768615248130 8683.7 47
1768615258147 8663.3 48
1768615268156 8679.0 49
1768615278164 8683.7 50
1768615288176 8683.1 51
1768615298188 8680.6 52
1768615308197 8685.4 53
1768615318207 8689.5 54
1768615328222 8979.2 55
1768615338230 8719.0 56
1768615348239 8701.3 57
1768615358248 8707.4 58
1768615368258 8705.0 59
1768615378267 8699.2 60
1768615388290 8645.1 61
1768615398299 8657.6 62
1768615408313 8640.4 63
1768615418327 8653.1 64
1768615428351 8666.0 65
1768615438361 8663.9 66
1768615448378 8644.8 67
1768615458390 8862.2 68
1768615468403 8658.2 69
1768615478411 8659.0 70
1768615488420 8659.2 71
1768615498428 8671.9 72
1768615508437 8668.1 73
1768615518446 8667.0 74
1768615528458 8671.2 75
1768615538477 8679.2 76
1768615548506 8686.4 77
1768615558515 8684.5 78
1768615568529 8722.3 79
1768615578545 8683.6 80
1768615588558 8762.8 81
1768615598567 8749.9 82
1768615608576 8686.1 83
1768615618585 8683.9 84
1768615628598 8686.5 85
1768615638610 8689.8 86
1768615648624 8727.7 87
1768615658633 8693.5 88
1768615668650 8709.2 89
1768615678660 8767.0 90
1768615688669 8924.7 91
1768615698688 8705.4 92
1768615708702 8731.5 93
1768615718711 8712.1 94
1768615728720 8701.8 95
1768615738730 8742.6 96
1768615748739 8723.1 97
1768615758752 8723.0 98
1768615768763 8759.9 99
1768615778777 8724.2 100
1768615788787 8740.3 101
1768615798813 8743.3 102
1768615808834 8736.2 103
1768615818845 8835.2 104
1768615828859 8731.3 105
1768615838887 8714.3 106
1768615848900 8678.8 107
1768615858914 8670.4 108
1768615868923 8670.6 109
1768615878933 8678.8 110
1768615888946 8681.4 111
1768615898956 8680.2 112
1768615908966 8685.4 113
1768615918981 8960.9 114
1768615928996 8687.5 115
1768615939007 8694.8 116
1768615949025 8686.8 117
1768615959037 8691.3 118
1768615969048 8692.7 119
1768615979058 8693.7 120
1768615989075 8708.1 121
1768615999085 8700.1 122
1768616009096 8707.0 123
1768616019106 8707.1 124
1768616029117 8708.4 125
1768616039136 8706.8 126
1768616049147 8878.9 127
1768616059166 8706.6 128
1768616069176 8714.1 129
1768616079187 8706.6 130
1768616089201 8718.5 131
1768616099211 8737.9 132
1768616109224 8713.3 133
1768616119253 8717.6 134
1768616129264 8779.6 135
1768616139291 8717.7 136
1768616149301 8724.9 137
1768616159333 8757.2 138
1768616169347 8727.3 139
1768616179367 8760.8 140
1768616189383 8718.4 141
1768616199394 8722.5 142
1768616209405 8730.1 143
1768616219418 8725.1 144
1768616229429 8788.3 145
1768616239441 8734.8 146
1768616249453 8728.6 147
1768616259463 8724.9 148
1768616269483 8736.8 149
1768616279493 8972.8 150
1768616289503 8724.1 151
1768616299512 8719.5 152
1768616309527 8722.9 153
