1774361110808 33.3 0
1774361120818 77.7 1
1774361130825 81.1 2
1774361140841 79.5 3
1774361150849 88.8 4
1774361160864 82.0 5
1774361170874 85.6 6
1774361180881 94.3 7
1774361190897 86.8 8
1774361200903 61.3 9
1774361210924 96.7 10
1774361220937 77.5 11
1774361230945 82.9 12
1774361240952 78.6 13
1774361250960 76.1 14
1774361260968 76.4 15
1774361270978 75.9 16
1774361280985 91.4 17
1774361290992 76.5 18
1774361301000 92.5 19
1774361311007 80.0 20
1774361321018 78.0 21
1774361331027 85.6 22
1774361341047 82.3 23
1774361351054 80.2 24
1774361361062 76.1 25
1774361371074 82.2 26
1774361381083 81.5 27
1774361391091 95.0 28
1774361401099 80.6 29
1774361411111 77.8 30
1774361421120 90.8 31
1774361431127 83.0 32
1774361441135 83.2 33
1774361451142 78.0 34
1774361461156 77.5 35
1774361471165 68.5 36
1774361481173 77.0 37
1774361491186 85.6 38
1774361501195 87.3 39
1774361511203 78.2 40
1774361521212 90.3 41
1774361531220 67.6 42
1774361541232 86.6 43
1774361551240 80.8 44
1774361561248 88.1 45
1774361571259 78.1 46
1774361581272 76.3 47
1774361591281 79.4 48
1774361601290 78.5 49
1774361611299 79.8 50
1774361621309 93.5 51
1774361631319 104.6 52
1774361641330 84.7 53
1774361651343 80.1 54
1774361661352 79.5 55
1774361671364 88.3 56
1774361681374 84.1 57
1774361691386 87.7 58
1774361701402 64.6 59
1774361711410 78.5 60
1774361721417 66.5 61
1774361731435 84.1 62
1774361741449 77.6 63
1774361751457 80.5 64
1774361761465 80.0 65
1774361771482 85.4 66
1774361781490 88.6 67
1774361791507 73.1 68
1774361801516 83.1 69
1774361811524 77.3 70
1774361821535 83.0 71
1774361831545 77.8 72
1774361841553 79.5 73
1774361851562 77.1 74
1774361861574 84.3 75
1774361871599 82.1 76
1774361881610 97.2 77
1774361891619 75.8 78
1774361901628 107.7 79
1774361911638 88.6 80
1774361921649 79.6 81
1774361931658 86.4 82
1774361941673 76.6 83
1774361951683 80.2 84
1774361961692 76.4 85
1774361971702 76.6 86
1774361981712 78.2 87
1774361991721 87.1 88
1774362001730 78.0 89
1774362011739 74.4 90
1774362021755 83.0 91
1774362031765 79.2 92
1774362041784 83.9 93
1774362051796 86.3 94
1774362061805 84.0 95
1774362071815 90.2 96
1774362081824 80.0 97
1774362091835 76.6 98
1774362101846 79.6 99
1774362111856 94.4 100
1774362121875 109.4 101
1774362131886 75.9 102
1774362141898 77.6 103
1774362151909 89.3 104
1774362161919 77.3 105
1774362171930 83.0 106
1774362181943 62.7 107
1774362191953 69.6 108
1774362201963 86.6 109
1774362211979 83.9 110
1774362221987 76.4 111
1774362232008 79.4 112
1774362242017 77.7 113
1774362252027 109.0 114
1774362262040 77.4 115
1774362272055 92.3 116
1774362282067 86.4 117
1774362292084 76.3 118
1774362302094 85.0 119
1774362312104 81.7 120
1774362322118 78.1 121
1774362332128 76.6 122
1774362342138 80.4 123
1774362352148 79.4 124
1774362362158 82.1 125
1774362372168 79.8 126
1774362382177 81.1 127
1774362392191 95.3 128
1774362402205 99.2 129
1774362412215 82.5 130
1774362422229 78.7 131
1774362432242 85.4 132
1774362442254 91.6 133
1774362452276 78.8 134
1774362462286 78.0 135
1774362472311 104.1 136
1774362482324 74.1 137
1774362492335 86.5 138
1774362502345 79.9 139
1774362512355 76.6 140
1774362522369 80.5 141
1774362532379 81.5 142
1774362542394 79.4 143
1774362552404 82.3 144
1774362562416 95.6 145
1774362572426 76.5 146
1774362582441 78.3 147
1774362592454 66.9 148
1774362602466 92.2 149
1774362612477 81.8 150
1774362622490 80.5 151
1774362632502 91.0 152
1774362642512 80.1 153
1774362652526 76.1 154
1774362662537 80.9 155
1774362672548 92.1 156
1774362682559 74.5 157
1774362692570 79.3 158
1774362702587 82.5 159
1774362712597 79.8 160
1774362722614 76.3 161
1774362732626 88.7 162
1774362742637 81.0 163
1774362752650 76.5 164
1774362762661 84.4 165
1774362772676 79.8 166
1774362782694 76.4 167
1774362792705 88.4 168
1774362802722 77.9 169
1774362812737 77.4 170
1774362822752 76.3 171
1774362832763 73.4 172
1774362842775 76.5 173
1774362852795 76.4 174
1774362862808 95.1 175
1774362872828 90.3 176
1774362882841 73.4 177
1774362892853 71.9 178
1774362902871 69.2 179
1774362912883 87.8 180
1774362922896 80.0 181
1774362932910 88.8 182
1774362942923 79.6 183
1774362952935 80.2 184
1774362962955 83.8 185
1774362972966 85.5 186
1774362982978 77.2 187
1774362992993 79.1 188
1774363003005 84.4 189
1774363013020 78.6 190
1774363023032 75.7 191
1774363033048 79.9 192
1774363043068 66.6 193
1774363053080 97.5 194
1774363063092 80.0 195
1774363073105 77.3 196
1774363083119 91.4 197
1774363093130 81.6 198
1774363103144 97.3 199
1774363113157 82.8 200
1774363123169 65.6 201
1774363133189 74.9 202
1774363143201 76.5 203
1774363153215 70.4 204
1774363163229 83.1 205
1774363173250 77.4 206
1774363183270 69.1 207
1774363193283 78.8 208
1774363203295 77.3 209
1774363213310 81.3 210
1774363223326 73.9 211
1774363233339 78.4 212
1774363243353 76.7 213
1774363253372 75.7 214
1774363263385 79.3 215
1774363273399 80.1 216
1774363283414 95.1 217
1774363293426 79.2 218
1774363303439 79.0 219
1774363313459 80.5 220
1774363323483 77.8 221
1774363333502 83.9 222
1774363343524 78.3 223
1774363353542 88.1 224
1774363363554 86.0 225
1774363373569 88.9 226
1774363383582 82.2 227
1774363393600 66.4 228
1774363403618 85.9 229
1774363413629 75.4 230
1774363423643 79.7 231
1774363433655 85.9 232
1774363443672 74.8 233
1774363453687 88.2 234
1774363463706 82.8 235
1774363473722 79.4 236
1774363483735 76.4 237
1774363493749 80.0 238
1774363503766 78.7 239
1774363513784 81.2 240
1774363523797 77.0 241
1774363533810 79.5 242
1774363543827 79.9 243
1774363553843 83.4 244
1774363563868 76.2 245
