1774595668012 3.270319938659668 0
1774595668996 1.8225783109664917 1
1774595669986 1.6632529497146606 2
1774595670948 1.58372163772583 3
1774595671909 1.4897067546844482 4
1774595672871 1.4393380880355835 5
1774595673832 1.3907907009124756 6
1774595674794 1.3485640287399292 7
1774595675754 1.2941423654556274 8
1774595676716 1.255776047706604 9
1774595677690 1.2190053462982178 10
1774595678664 1.187976598739624 11
1774595679639 1.15621018409729 12
1774595680616 1.123815894126892 13
1774595681625 1.0972484350204468 14
1774595682642 1.0720151662826538 15
1774595683620 1.0443024635314941 16
1774595684597 1.021120548248291 17
1774595685575 1.0035821199417114 18
1774595686587 0.9717775583267212 19
1774595687602 0.9501944184303284 20
1774595688621 0.9299380779266357 21
1774595689634 0.9108598232269287 22
1774595690649 0.8876698613166809 23
1774595691666 0.8665740489959717 24
1774595692681 0.8454565405845642 25
1774595693696 0.8304619193077087 26
1774595694714 0.8082190752029419 27
1774595695730 0.7860767245292664 28
1774595696747 0.7693824768066406 29
1774595697765 0.753057062625885 30
1774595698785 0.7332329154014587 31
1774595699803 0.7194551229476929 32
1774595700825 0.7027603983879089 33
1774595701850 0.6853006482124329 34
1774595702872 0.6642032861709595 35
1774595703896 0.6534695029258728 36
1774595704923 0.6356835961341858 37
1774595705949 0.6174447536468506 38
1774595706981 0.6036481857299805 39
1774595708005 0.5912917852401733 40
1774595709031 0.5770952701568604 41
1774595710058 0.5601920485496521 42
1774595711088 0.5451449155807495 43
1774595712092 0.5327343344688416 44
1774595713122 0.5129867792129517 45
1774595714150 0.5000517964363098 46
1774595715178 0.49194639921188354 47
1774595716205 0.4726468622684479 48
1774595717236 0.46150851249694824 49
1774595718267 0.45260483026504517 50
1774595719301 0.43538209795951843 51
1774595720298 0.42511647939682007 52
1774595721295 0.4119308292865753 53
1774595722293 0.4009416699409485 54
1774595723292 0.38833481073379517 55
1774595724291 0.3747871220111847 56
1774595725290 0.36652234196662903 57
1774595726294 0.3578677773475647 58
1774595727296 0.34633302688598633 59
1774595728303 0.33866772055625916 60
1774595729310 0.32630273699760437 61
1774595730326 0.32187390327453613 62
1774595731336 0.3102838695049286 63
1774595732345 0.29829421639442444 64
1774595733349 0.2922087609767914 65
