1774595668015 0.05041729374743467 0
1774595669000 0.7261595293473799 1
1774595669990 0.7406621972910111 2
1774595670952 0.7574907648105076 3
1774595671913 0.7767820495279792 4
1774595672875 0.7797236284033383 5
1774595673837 0.7836913394445204 6
1774595674798 0.7873170064304282 7
1774595675759 0.7923108496374333 8
1774595676721 0.798467642632371 9
1774595677695 0.8011355862635108 10
1774595678670 0.7995621836092489 11
1774595679644 0.8044876180051991 12
1774595680621 0.8106444110001368 13
1774595681631 0.8146805308523738 14
1774595682648 0.8139964427418251 15
1774595683625 0.8239157203447804 16
1774595684603 0.8229579969900123 17
1774595685580 0.827609796141743 18
1774595686592 0.8357504446572719 19
1774595687608 0.8342454508140649 20
1774595688626 0.8379395266110276 21
1774595689640 0.8378711177999726 22
1774595690655 0.8419756464632645 23
1774595691671 0.8466274456149953 24
1774595692686 0.8500478861677384 25
1774595693702 0.8494322068682446 26
1774595694720 0.8554521822410727 27
1774595695736 0.8588726227938158 28
1774595696753 0.8631139690792174 29
1774595697771 0.8659187303324668 30
1774595698792 0.8721439321384594 31
1774595699809 0.870365303051033 32
1774595700832 0.8754959638801477 33
1774595701856 0.8749486933917089 34
1774595702879 0.8803529894650431 35
1774595703903 0.8826788890409085 36
1774595704929 0.8862361472157614 37
1774595705956 0.8912299904227664 38
1774595706988 0.892461349021754 39
1774595708011 0.893008619510193 40
1774595709037 0.8972499657955945 41
1774595710064 0.9025858530578739 42
1774595711095 0.9012860856478314 43
1774595712099 0.9071692433985498 44
1774595713129 0.9102476398960186 45
1774595714157 0.9128471747161034 46
1774595715185 0.9134628540155972 47
1774595716212 0.9203037351210835 48
1774595717243 0.9222191818306198 49
1774595718275 0.921124640853742 50
1774595719308 0.9253659871391435 51
1774595720305 0.9294705158024353 52
1774595721302 0.9320016418114653 53
1774595722300 0.9361061704747572 54
1774595723299 0.9361061704747572 55
1774595724298 0.9394582022164455 56
1774595725297 0.9427418251470789 57
1774595726303 0.9407579696264879 58
1774595727307 0.9436311396907922 59
1774595728310 0.9454097687782186 60
1774595729317 0.9481461212204132 61
1774595730333 0.9484197564646326 62
1774595731344 0.9521138322615953 63
1774595732352 0.9536872349158572 64
1774595733356 0.9530715556163634 65
