1774194525565 0.25831167054316595 0
1774194534182 0.5095772335476809 1
1774194542722 0.5903680394034752 2
1774194551308 0.642700779860446 3
1774194559707 0.6776576823094814 4
1774194568241 0.7029689423997811 5
1774194576811 0.733137228074976 6
1774194585216 0.7460664933643453 7
1774194593697 0.7680257217129566 8
1774194602225 0.7931317553700916 9
1774194610736 0.8108496374333014 10
1774194619175 0.8200164181146532 11
1774194627418 0.8150909837187029 12
1774194635945 0.8432754138733068 13
1774194644436 0.8628403338349979 14
1774194652756 0.8659871391435217 15
1774194661097 0.878916404432891 16
1774194669531 0.8935558899986318 17
1774194677875 0.8942399781091804 18
1774194686420 0.9088794636749213 19
1774194694969 0.9185251060336571 20
1774194703442 0.9237241756738268 21
1774194712005 0.9239978109180462 22
1774194720571 0.9345327678204953 23
1774194729007 0.9359693528526474 24
1774194737405 0.9468463538103707 25
1774194745850 0.9407579696264879 26
1774194754375 0.9484197564646326 27
1774194762863 0.9570392666575455 28
1774194771363 0.9616226569982214 29
1774194779825 0.9650430975509645 30
1774194788229 0.9612806129429471 31
1774194796622 0.9510192912847175 32
