1774135256793 3.4181413650512695 0
1774135257272 1.7399325370788574 1
1774135257735 1.557988166809082 2
1774135258195 1.430709958076477 3
1774135258656 1.3460049629211426 4
1774135259117 1.2670623064041138 5
1774135259579 1.1900944709777832 6
1774135260074 1.1408690214157104 7
1774135260540 1.096449851989746 8
1774135261001 1.040617823600769 9
1774135261464 0.9809597134590149 10
1774135261930 0.9440915584564209 11
1774135262397 0.906063973903656 12
1774135262859 0.8598117232322693 13
1774135263322 0.8272458910942078 14
1774135263812 0.7925728559494019 15
1774135264306 0.7504855990409851 16
1774135264800 0.7184082269668579 17
1774135265268 0.677831768989563 18
1774135265735 0.6460139155387878 19
1774135266212 0.6147463321685791 20
1774135266725 0.5860825777053833 21
1774135267250 0.5553154945373535 22
1774135267747 0.5270705223083496 23
1774135268242 0.5053114891052246 24
1774135268734 0.47874128818511963 25
1774135269230 0.44798874855041504 26
1774135269742 0.42259445786476135 27
1774135270252 0.4015415906906128 28
1774135270769 0.37365955114364624 29
1774135271288 0.35392147302627563 30
1774135271800 0.3334007263183594 31
1774135272314 0.3099752962589264 32
1774135272827 0.29305240511894226 33
1774135273345 0.2735089957714081 34
1774135273862 0.2579112946987152 35
1774135274384 0.23872366547584534 36
1774135274913 0.22615362703800201 37
1774135275436 0.2101450115442276 38
1774135275927 0.1990201473236084 39
1774135276419 0.18007789552211761 40
1774135276918 0.17272968590259552 41
1774135277447 0.16226550936698914 42
1774135277968 0.14908164739608765 43
1774135278488 0.13839665055274963 44
1774135279011 0.1270523965358734 45
1774135279535 0.12183483690023422 46
1774135280061 0.1108054518699646 47
1774135280589 0.10608100146055222 48
1774135281087 0.0989665612578392 49
1774135281589 0.09068325906991959 50
1774135282124 0.08764469623565674 51
1774135282654 0.07988137751817703 52
1774135283191 0.07475581020116806 53
1774135283718 0.07215628027915955 54
1774135284244 0.06671660393476486 55
1774135284768 0.06330391019582748 56
1774135285269 0.06180223450064659 57
1774135285805 0.056543540209531784 58
1774135286339 0.05271570011973381 59
1774135286869 0.050884973257780075 60
1774135287399 0.04711158573627472 61
1774135287926 0.045790307223796844 62
1774135288453 0.043413195759058 63
1774135288983 0.04174482449889183 64
1774135289518 0.03961056470870972 65
1774135290050 0.03697405755519867 66
1774135290582 0.035975925624370575 67
1774135291089 0.03407158702611923 68
1774135291595 0.034397464245557785 69
1774135292128 0.03323279321193695 70
1774135292634 0.03063577599823475 71
1774135293140 0.02962327003479004 72
1774135293648 0.02932995930314064 73
1774135294153 0.027987278997898102 74
1774135294662 0.027009999379515648 75
1774135295196 0.02517225593328476 76
1774135295705 0.02495667338371277 77
1774135296248 0.02400708571076393 78
1774135296771 0.023933371528983116 79
1774135297288 0.02357928268611431 80
1774135297807 0.02275478094816208 81
1774135298323 0.02134338766336441 82
1774135298862 0.020937787368893623 83
1774135299377 0.020026881247758865 84
1774135299907 0.019710542634129524 85
1774135300440 0.019579743966460228 86
1774135300976 0.019094189628958702 87
1774135301512 0.018668539822101593 88
1774135302050 0.018183646723628044 89
1774135302573 0.018002770841121674 90
1774135303097 0.017322763800621033 91
1774135303617 0.017198286950588226 92
1774135304142 0.01710432954132557 93
1774135304691 0.01634938456118107 94
1774135305223 0.016458895057439804 95
1774135305753 0.01627548411488533 96
1774135306278 0.014954298734664917 97
1774135306810 0.014955680817365646 98
1774135307339 0.014659618958830833 99
1774135307882 0.01401476189494133 100
1774135308413 0.013420389965176582 101
1774135308941 0.013786014169454575 102
1774135309473 0.013500710017979145 103
1774135310030 0.012545831501483917 104
1774135310566 0.012481505051255226 105
1774135311095 0.013113281689584255 106
1774135311626 0.013014612719416618 107
1774135312158 0.012199122458696365 108
1774135312695 0.011843373067677021 109
1774135313228 0.012402894906699657 110
1774135313764 0.01160068903118372 111
1774135314298 0.012036070227622986 112
1774135314831 0.01210981234908104 113
1774135315365 0.012133978307247162 114
1774135315901 0.011589378118515015 115
1774135316446 0.011250552721321583 116
1774135316982 0.010591886006295681 117
1774135317517 0.010945161804556847 118
