1774203820629 0.0 0
1774203830638 79.0 1
1774203840645 78.0 2
1774203850653 77.0 3
1774203860661 76.0 4
1774203870670 76.0 5
1774203880678 77.0 6
1774203890690 77.0 7
1774203900699 79.0 8
1774203910712 79.0 9
1774203920719 77.0 10
1774203930726 75.0 11
1774203940733 78.0 12
1774203950746 79.0 13
1774203960757 77.0 14
1774203970765 77.0 15
1774203980775 76.0 16
1774203990785 79.0 17
1774204000794 76.0 18
1774204010811 75.0 19
1774204020821 78.0 20
1774204030830 80.0 21
1774204040838 79.0 22
1774204050846 78.0 23
1774204060865 78.0 24
1774204070897 59.0 25
