1773970419152 28.4 0
1773970429160 116.8 1
1773970439167 126.4 2
1773970449180 138.4 3
1773970459189 86.0 4
1773970469200 41.4 5
1773970479214 124.5 6
1773970489252 137.9 7
1773970499266 96.5 8
1773970509276 41.8 9
1773970519293 129.6 10
1773970529318 97.0 11
1773970539326 92.3 12
1773970549334 127.6 13
1773970559342 119.3 14
1773970569349 127.8 15
1773970579358 130.0 16
1773970589366 137.6 17
1773970599374 125.7 18
1773970609383 140.9 19
1773970619391 134.5 20
1773970629424 112.2 21
1773970639433 92.2 22
1773970649444 116.0 23
1773970659479 139.5 24
1773970669489 75.2 25
