1773970419152 3.8 0
1773970429160 17.2 1
1773970439167 17.0 2
1773970449180 19.3 3
1773970459189 14.9 4
1773970469200 7.2 5
1773970479214 16.6 6
1773970489252 17.1 7
1773970499266 16.2 8
1773970509276 7.7 9
1773970519293 19.1 10
1773970529318 16.1 11
1773970539326 13.3 12
1773970549334 11.9 13
1773970559342 18.6 14
1773970569349 18.3 15
1773970579358 17.5 16
1773970589366 12.0 17
1773970599374 17.0 18
1773970609383 16.1 19
1773970619391 17.4 20
1773970629424 11.9 21
1773970639433 15.2 22
1773970649444 17.1 23
1773970659479 16.6 24
1773970669489 7.5 25
