1774779290759 0.0 0
1774779300766 16.7 1
1774779310772 12.7 2
1774779320780 11.5 3
1774779330788 16.3 4
1774779340795 12.1 5
1774779350801 11.2 6
1774779360811 16.4 7
1774779370820 10.7 8
1774779380827 12.7 9
1774779390835 12.8 10
1774779400855 14.3 11
1774779410867 12.9 12
1774779420882 12.2 13
1774779430891 14.6 14
1774779440900 13.4 15
1774779450907 12.4 16
1774779460919 14.7 17
1774779470927 13.2 18
1774779480934 12.4 19
1774779490943 14.8 20
1774779500950 13.1 21
1774779510958 12.6 22
1774779520973 11.1 23
1774779530981 17.0 24
1774779540991 13.0 25
1774779551003 10.3 26
1774779561014 21.7 27
1774779571022 12.5 28
1774779581033 10.6 29
1774779591040 17.9 30
1774779601061 12.0 31
1774779611070 10.2 32
1774779621079 16.7 33
1774779631086 13.2 34
1774779641099 10.3 35
1774779651106 13.1 36
1774779661113 15.8 37
1774779671121 10.9 38
1774779681129 12.1 39
1774779691142 16.5 40
1774779701149 11.7 41
1774779711161 12.8 42
1774779721169 15.5 43
1774779731188 12.4 44
1774779741211 11.9 45
1774779751226 15.9 46
1774779761237 13.0 47
1774779771247 11.7 48
1774779781261 12.3 49
1774779791268 16.9 50
1774779801278 10.7 51
1774779811293 13.1 52
1774779821306 17.0 53
1774779831314 10.9 54
1774779841329 13.1 55
1774779851338 16.8 56
1774779861363 10.7 57
1774779871371 13.5 58
1774779881380 15.5 59
1774779891393 12.0 60
1774779901402 13.0 61
1774779911410 12.4 62
1774779921421 14.7 63
1774779931429 13.5 64
1774779941444 12.6 65
1774779951459 14.6 66
1774779961473 13.1 67
1774779971481 12.2 68
1774779981489 14.9 69
1774779991501 13.5 70
1774780001511 11.9 71
1774780011529 14.0 72
1774780021546 14.6 73
1774780031557 12.1 74
1774780041572 11.0 75
1774780051585 17.2 76
1774780061593 11.2 77
1774780071605 12.5 78
1774780081619 15.7 79
1774780091635 12.3 80
1774780101644 12.5 81
1774780111658 16.3 82
1774780121667 12.3 83
1774780131676 12.5 84
1774780141686 12.7 85
1774780151701 15.7 86
1774780161719 12.3 87
1774780171732 10.2 88
1774780181741 18.4 89
1774780191753 12.7 90
1774780201763 10.5 91
1774780211772 18.0 92
1774780221787 12.4 93
1774780231800 10.4 94
1774780241808 17.9 95
1774780251816 12.4 96
1774780261831 10.3 97
1774780271843 14.4 98
1774780281861 16.3 99
1774780291876 10.5 100
1774780301886 13.2 101
1774780311897 16.7 102
1774780321908 10.3 103
1774780331919 13.2 104
1774780341935 15.9 105
1774780351951 11.0 106
1774780361965 12.5 107
1774780371980 16.1 108
1774780381993 11.7 109
1774780392017 12.5 110
1774780402034 11.9 111
1774780412044 16.2 112
1774780422053 12.9 113
1774780432062 11.2 114
1774780442070 17.0 115
1774780452080 12.3 116
1774780462093 11.4 117
1774780472107 16.6 118
1774780482118 12.6 119
1774780492138 12.0 120
1774780502151 16.7 121
1774780512162 11.9 122
1774780522172 12.1 123
1774780532182 12.2 124
1774780542195 16.4 125
1774780552211 12.1 126
1774780562226 12.3 127
1774780572237 17.0 128
1774780582249 11.9 129
1774780592265 12.2 130
1774780602278 16.3 131
1774780612291 11.9 132
1774780622313 12.3 133
1774780632329 15.9 134
1774780642339 12.9 135
1774780652355 12.2 136
1774780662365 10.4 137
1774780672378 18.0 138
1774780682402 12.5 139
1774780692412 10.3 140
1774780702426 17.6 141
1774780712437 12.2 142
1774780722448 10.6 143
1774780732458 17.7 144
1774780742472 12.5 145
1774780752483 10.4 146
1774780762495 16.2 147
1774780772515 13.9 148
1774780782529 10.8 149
1774780792540 13.2 150
1774780802555 16.9 151
1774780812568 10.7 152
1774780822596 13.0 153
1774780832608 16.4 154
1774780842623 11.1 155
1774780852634 13.2 156
1774780862645 16.8 157
1774780872656 11.6 158
1774780882674 13.1 159
1774780892691 13.5 160
1774780902709 14.0 161
1774780912731 12.5 162
1774780922756 11.1 163
1774780932768 16.7 164
1774780942779 12.2 165
1774780952792 11.0 166
1774780962817 17.6 167
1774780972828 11.6 168
1774780982842 12.0 169
1774780992854 16.5 170
1774781002868 11.2 171
1774781012880 12.5 172
1774781022891 13.9 173
1774781032902 12.8 174
1774781042914 13.5 175
1774781052926 12.4 176
1774781062937 14.9 177
1774781072951 13.3 178
1774781082971 12.6 179
1774781092990 15.1 180
1774781103003 13.1 181
1774781113017 12.3 182
1774781123033 15.1 183
1774781133045 13.4 184
1774781143070 12.4 185
1774781153089 11.6 186
1774781163104 16.1 187
1774781173128 12.2 188
1774781183139 10.6 189
1774781193156 17.5 190
1774781203175 12.0 191
1774781213190 10.7 192
1774781223202 17.8 193
1774781233217 11.9 194
1774781243296 11.4 195
