1774779290759 140.4 0
1774779300766 1270.8 1
1774779310772 1270.8 2
1774779320780 1272.9 3
1774779330788 1272.9 4
1774779340795 1440.7 5
1774779350801 1440.7 6
1774779360811 1440.7 7
1774779370820 1440.7 8
1774779380827 1440.7 9
1774779390835 1440.7 10
1774779400855 1442.8 11
1774779410867 1442.8 12
1774779420882 1442.8 13
1774779430891 1442.8 14
1774779440900 1442.8 15
1774779450907 1442.8 16
1774779460919 1442.8 17
1774779470927 1442.8 18
1774779480934 1442.8 19
1774779490943 1442.8 20
1774779500950 1442.8 21
1774779510958 1442.8 22
1774779520973 1442.8 23
1774779530981 1442.8 24
1774779540991 1442.8 25
1774779551003 1442.8 26
1774779561014 1442.8 27
1774779571022 1442.8 28
1774779581033 1442.8 29
1774779591040 1442.8 30
1774779601061 1442.8 31
1774779611070 1442.8 32
1774779621079 1442.8 33
1774779631086 1442.8 34
1774779641099 1442.8 35
1774779651106 1442.8 36
1774779661113 1442.8 37
1774779671121 1442.8 38
1774779681129 1618.9 39
1774779691142 1618.9 40
1774779701149 1618.9 41
1774779711161 1618.9 42
1774779721169 1618.9 43
1774779731188 1618.9 44
1774779741211 1618.9 45
1774779751226 1618.9 46
1774779761237 1618.9 47
1774779771247 1618.9 48
1774779781261 1618.9 49
1774779791268 1618.9 50
1774779801278 1618.9 51
1774779811293 1618.9 52
1774779821306 1618.9 53
1774779831314 1618.9 54
1774779841329 1618.9 55
1774779851338 1618.9 56
1774779861363 1618.9 57
1774779871371 1618.9 58
1774779881380 1618.9 59
1774779891393 1618.9 60
1774779901402 1618.9 61
1774779911410 1618.9 62
1774779921421 1618.9 63
1774779931429 1618.9 64
1774779941444 1618.9 65
1774779951459 1618.9 66
1774779961473 1618.9 67
1774779971481 1618.9 68
1774779981489 1618.9 69
1774779991501 1618.9 70
1774780001511 1618.9 71
1774780011529 1618.9 72
1774780021546 1618.9 73
1774780031557 1618.9 74
1774780041572 1618.9 75
1774780051585 1618.9 76
1774780061593 1618.9 77
1774780071605 1618.9 78
1774780081619 1618.9 79
1774780091635 1618.9 80
1774780101644 1618.9 81
1774780111658 1618.9 82
1774780121667 1618.9 83
1774780131676 1618.9 84
1774780141686 1618.9 85
1774780151701 1618.9 86
1774780161719 1618.9 87
1774780171732 1618.9 88
1774780181741 1618.9 89
1774780191753 1618.9 90
1774780201763 1618.9 91
1774780211772 1618.9 92
1774780221787 1618.9 93
1774780231800 1618.9 94
1774780241808 1618.9 95
1774780251816 1618.9 96
1774780261831 1618.9 97
1774780271843 1618.9 98
1774780281861 1618.9 99
1774780291876 1618.9 100
1774780301886 1618.9 101
1774780311897 1618.9 102
1774780321908 1618.9 103
1774780331919 1618.9 104
1774780341935 1618.9 105
1774780351951 1618.9 106
1774780361965 1618.9 107
1774780371980 1618.9 108
1774780381993 1618.9 109
1774780392017 1618.9 110
1774780402034 1618.9 111
1774780412044 1618.9 112
1774780422053 1618.9 113
1774780432062 1618.9 114
1774780442070 1618.9 115
1774780452080 1618.9 116
1774780462093 1618.9 117
1774780472107 1618.9 118
1774780482118 1618.9 119
1774780492138 1618.9 120
1774780502151 1618.9 121
1774780512162 1618.9 122
1774780522172 1618.9 123
1774780532182 1618.9 124
1774780542195 1618.9 125
1774780552211 1618.9 126
1774780562226 1618.9 127
1774780572237 1618.9 128
1774780582249 1618.9 129
1774780592265 1618.9 130
1774780602278 1618.9 131
1774780612291 1618.9 132
1774780622313 1618.9 133
1774780632329 1618.9 134
1774780642339 1618.9 135
1774780652355 1618.9 136
1774780662365 1618.9 137
1774780672378 1618.9 138
1774780682402 1618.9 139
1774780692412 1618.9 140
1774780702426 1618.9 141
1774780712437 1618.9 142
1774780722448 1618.9 143
1774780732458 1618.9 144
1774780742472 1618.9 145
1774780752483 1618.9 146
1774780762495 1618.9 147
1774780772515 1618.9 148
1774780782529 1618.9 149
1774780792540 1618.9 150
1774780802555 1618.9 151
1774780812568 1618.9 152
1774780822596 1618.9 153
1774780832608 1618.9 154
1774780842623 1618.9 155
1774780852634 1618.9 156
1774780862645 1618.9 157
1774780872656 1618.9 158
1774780882674 1618.9 159
1774780892691 1618.9 160
1774780902709 1618.9 161
1774780912731 1618.9 162
1774780922756 1618.9 163
1774780932768 1618.9 164
1774780942779 1618.9 165
1774780952792 1618.9 166
1774780962817 1618.9 167
1774780972828 1618.9 168
1774780982842 1618.9 169
1774780992854 1618.9 170
1774781002868 1618.9 171
1774781012880 1618.9 172
1774781022891 1618.9 173
1774781032902 1618.9 174
1774781042914 1618.9 175
1774781052926 1618.9 176
1774781062937 1618.9 177
1774781072951 1618.9 178
1774781082971 1618.9 179
1774781092990 1618.9 180
1774781103003 1618.9 181
1774781113017 1618.9 182
1774781123033 1618.9 183
1774781133045 1618.9 184
1774781143070 1618.9 185
1774781153089 1618.9 186
1774781163104 1618.9 187
1774781173128 1618.9 188
1774781183139 1618.9 189
1774781193156 1618.9 190
1774781203175 1618.9 191
1774781213190 1618.9 192
1774781223202 1618.9 193
1774781233217 1618.9 194
1774781243296 1618.9 195
