1774207321282 100.0 0
1774207331291 19.7 1
1774207341299 15.4 2
1774207351307 11.3 3
1774207361314 15.5 4
1774207371322 14.2 5
1774207381329 11.8 6
1774207391340 15.3 7
1774207401347 14.3 8
1774207411369 11.0 9
1774207421378 14.8 10
1774207431385 14.2 11
1774207441394 12.2 12
1774207451401 11.1 13
1774207461414 17.8 14
1774207471435 12.1 15
1774207481442 11.0 16
1774207491461 18.4 17
1774207501468 12.2 18
1774207511476 10.8 19
1774207521483 18.0 20
1774207531496 12.6 21
1774207541504 10.9 22
1774207551512 15.3 23
1774207561522 15.4 24
1774207571534 10.9 25
1774207581542 13.0 26
1774207591552 17.6 27
1774207601562 11.1 28
1774207611575 11.8 29
1774207621584 19.4 30
1774207631592 11.3 31
1774207641600 11.9 32
1774207651608 18.7 33
1774207661623 10.6 34
1774207671631 10.9 35
1774207681646 14.7 36
1774207691656 15.5 37
1774207701664 11.6 38
1774207711676 14.6 39
1774207721684 15.3 40
1774207731693 11.2 41
1774207741702 14.5 42
1774207751712 16.1 43
1774207761726 11.1 44
1774207771736 14.8 45
1774207781746 14.5 46
1774207791755 13.0 47
1774207801763 13.5 48
1774207811781 11.9 49
1774207821790 15.9 50
1774207831800 13.1 51
1774207841817 11.9 52
1774207851825 16.2 53
1774207861843 13.8 54
1774207871852 12.1 55
1774207881862 15.9 56
1774207891872 12.9 57
1774207901881 12.6 58
1774207911895 12.6 59
1774207921903 16.5 60
1774207931912 12.8 61
1774207941921 11.4 62
1774207951935 17.5 63
1774207961944 12.4 64
1774207971952 11.0 65
1774207981967 16.1 66
1774207991976 14.1 67
1774208001992 10.6 68
1774208012001 16.1 69
1774208022015 14.0 70
1774208032030 10.8 71
1774208042048 10.8 72
1774208052057 19.7 73
1774208062067 11.4 74
1774208072078 11.6 75
1774208082090 19.5 76
1774208092101 11.2 77
1774208102111 11.3 78
1774208112121 19.3 79
1774208122134 11.1 80
1774208132145 11.1 81
1774208142158 16.6 82
1774208152173 13.7 83
1774208162186 11.2 84
1774208172195 13.4 85
1774208182206 17.1 86
1774208192221 10.8 87
1774208202231 13.4 88
1774208212243 17.0 89
1774208222253 11.4 90
1774208232268 13.4 91
1774208242282 17.3 92
1774208252305 11.1 93
1774208262315 13.0 94
1774208272330 13.4 95
1774208282345 14.3 96
1774208292359 13.1 97
1774208302375 12.4 98
1774208312389 15.4 99
1774208322403 12.2 100
1774208332416 13.5 101
1774208342426 15.3 102
1774208352435 11.6 103
1774208362445 14.3 104
1774208372461 15.2 105
1774208382473 11.4 106
1774208392485 14.7 107
1774208402504 11.0 108
1774208412515 15.4 109
1774208422528 14.5 110
1774208432538 11.0 111
1774208442551 15.7 112
1774208452566 14.3 113
1774208462575 11.5 114
1774208472592 16.0 115
1774208482607 14.5 116
1774208492621 11.0 117
1774208502635 14.5 118
