1774207321282 5690.9 0
1774207331291 6616.1 1
1774207341299 6196.1 2
1774207351307 6329.9 3
1774207361314 6350.7 4
1774207371322 6353.0 5
1774207381329 6360.2 6
1774207391340 6388.9 7
1774207401347 6366.0 8
1774207411369 6369.7 9
1774207421378 6630.9 10
1774207431385 6370.7 11
1774207441394 6394.0 12
1774207451401 6393.6 13
1774207461414 6391.9 14
1774207471435 6386.7 15
1774207481442 6380.3 16
1774207491461 6372.2 17
1774207501468 6398.5 18
1774207511476 6387.8 19
1774207521483 6353.3 20
1774207531496 6350.8 21
1774207541504 6344.4 22
1774207551512 6499.8 23
1774207561522 6365.8 24
1774207571534 6371.0 25
1774207581542 6372.8 26
1774207591552 6372.9 27
1774207601562 6365.3 28
1774207611575 6430.4 29
1774207621584 6380.5 30
1774207631592 6382.0 31
1774207641600 6373.0 32
1774207651608 6634.4 33
1774207661623 6364.5 34
1774207671631 6367.5 35
1774207681646 6393.1 36
1774207691656 6395.8 37
1774207701664 6382.0 38
1774207711676 6377.4 39
1774207721684 6376.0 40
1774207731693 6276.3 41
1774207741702 6297.0 42
1774207751712 6324.4 43
1774207761726 6292.8 44
1774207771736 6285.3 45
1774207781746 6519.8 46
1774207791755 6282.8 47
1774207801763 6302.1 48
1774207811781 6311.9 49
1774207821790 6307.7 50
1774207831800 6298.9 51
1774207841817 6308.0 52
1774207851825 6305.6 53
1774207861843 6308.5 54
1774207871852 6338.4 55
1774207881862 6312.9 56
1774207891872 6317.4 57
1774207901881 6315.2 58
1774207911895 6422.6 59
1774207921903 6328.5 60
1774207931912 6323.9 61
1774207941921 6336.0 62
1774207951935 6329.2 63
1774207961944 6326.5 64
1774207971952 6326.2 65
1774207981967 6347.2 66
1774207991976 6345.1 67
1774208001992 6336.7 68
1774208012001 6616.4 69
1774208022015 6327.2 70
1774208032030 6328.2 71
1774208042048 6356.2 72
1774208052057 6349.7 73
1774208062067 6358.6 74
1774208072078 6348.4 75
1774208082090 6387.6 76
1774208092101 6348.7 77
1774208102111 6385.7 78
1774208112121 6360.4 79
1774208122134 6359.0 80
1774208132145 6354.7 81
1774208142158 6628.7 82
1774208152173 6348.2 83
1774208162186 6380.0 84
1774208172195 6368.8 85
1774208182206 6375.9 86
1774208192221 6370.6 87
1774208202231 6366.2 88
1774208212243 6374.6 89
1774208222253 6400.2 90
1774208232268 6401.6 91
1774208242282 6389.6 92
1774208252305 6435.5 93
1774208262315 6382.0 94
1774208272330 6464.2 95
1774208282345 6403.3 96
1774208292359 6400.0 97
1774208302375 6403.0 98
1774208312389 6383.8 99
1774208322403 6435.2 100
1774208332416 6397.7 101
1774208342426 6410.4 102
1774208352435 6414.5 103
1774208362445 6409.7 104
1774208372461 6529.7 105
1774208382473 6398.3 106
1774208392485 6404.8 107
1774208402504 6431.0 108
1774208412515 6423.8 109
1774208422528 6425.1 110
1774208432538 6427.0 111
1774208442551 6412.8 112
1774208452566 6421.4 113
1774208462575 6444.3 114
1774208472592 6386.9 115
1774208482607 6369.2 116
1774208492621 6364.7 117
1774208502635 6593.9 118
