1774347045623 0.041524148310302364 0
1774347046610 0.7241072650157341 1
1774347047573 0.7436037761663702 2
1774347048536 0.7525653304145574 3
1774347049502 0.7695991243672184 4
1774347050468 0.7778081816938022 5
1774347051434 0.7796552195922835 6
1774347052399 0.7810918046244356 7
1774347053364 0.7922424408263784 8
1774347054330 0.7929949377479819 9
1774347055308 0.8012724038856205 10
1774347056322 0.7994253659871391 11
1774347057335 0.8040771651388698 12
1774347058351 0.8031878505951566 13
1774347059364 0.808523737857436 14
1774347060380 0.8124914488986181 15
1774347061369 0.8134491722533862 16
1774347062389 0.8200164181146532 17
1774347063410 0.8160487070734711 18
1774347064426 0.825625940621152 19
1774347065443 0.8267204815980298 20
1774347066461 0.8297304692844438 21
1774347067481 0.8321931864824189 22
1774347068499 0.8393761116431796 23
1774347069520 0.8398549733205637 24
1774347070542 0.8430701874401423 25
1774347071566 0.8430017786290874 26
1774347072586 0.8478588042139827 27
1774347073613 0.8480640306471473 28
1774347074633 0.8527842386099329 29
1774347075655 0.8577096730058832 30
1774347076678 0.8592830756601451 31
1774347077704 0.8596935285264742 32
1774347078730 0.868313038719387 33
1774347079759 0.8696812149404843 34
1774347080794 0.8754959638801477 35
1774347081821 0.8770009577233547 36
1774347082851 0.8796689013544945 37
1774347083881 0.8820632097414147 38
1774347084908 0.8851416062388836 39
1774347085941 0.8882200027363525 40
1774347086970 0.8921193049664797 41
1774347087999 0.8925297578328089 42
1774347089032 0.8977972362840334 43
1774347090063 0.899507456560405 44
1774347091098 0.9024490354357642 45
1774347092129 0.9036119852236968 46
1774347093158 0.90956355178547 47
1774347094191 0.9103160487070735 48
1774347095224 0.9129155835271583 49
1774347096261 0.9140101245040361 50
1774347097293 0.9140101245040361 51
1774347098324 0.9222191818306198 52
1774347099357 0.9235873580517171 53
1774347100354 0.9261868928718019 54
1774347101389 0.9276918867150089 55
1774347102425 0.9321384594335751 56
1774347103460 0.9348064030647147 57
1774347104497 0.9341907237652209 58
1774347105496 0.9370638938295253 59
1774347106495 0.9413736489259816 60
1774347107531 0.9413736489259816 61
1774347108534 0.9435627308797373 62
1774347109539 0.9463674921329868 63
1774347110542 0.9495142974415105 64
1774347111548 0.9512929265289369 65
1774347112551 0.9519770146394856 66
1774347113589 0.9533451908605829 67
1774347114601 0.9548501847037898 68
1774347115609 0.9579285812012587 69
1774347116614 0.9584074428786428 70
1774347117620 0.9585442605007525 71
1774347118626 0.9634012860856478 72
1774347119636 0.9636749213298673 73
1774347120644 0.9664112737720618 74
1774347121655 0.9664112737720618 75
1774347122665 0.9679846764263237 76
1774347123683 0.9690108085921467 77
1774347124692 0.9699685319469148 78
1774347125705 0.9716103434122315 79
1774347126720 0.9735257901217677 80
1774347127736 0.9739362429880969 81
