1773964523043 385.5 0
1773964533064 4001.0 1
1773964543082 4001.0 2
1773964553102 4001.0 3
1773964563121 4001.0 4
1773964573142 4001.0 5
1773964583149 4001.0 6
1773964593165 4001.0 7
1773964603186 4001.0 8
1773964613199 4001.0 9
1773964623206 4001.0 10
1773964633216 4001.0 11
1773964643223 4001.0 12
1773964653230 3939.6 13
1773964663237 3939.6 14
1773964673255 3939.6 15
1773964683263 3939.6 16
1773964693285 3939.6 17
1773964703292 3939.6 18
1773964713302 3939.6 19
1773964723324 3939.6 20
1773964733331 3939.6 21
1773964743339 3939.6 22
1773964753345 3939.6 23
1773964763354 3939.6 24
1773964773361 3939.6 25
1773964783378 3960.6 26
1773964793386 3981.6 27
1773964803417 3981.6 28
1773964813427 3981.6 29
1773964823438 3981.6 30
1773964833446 3981.6 31
1773964843453 3981.6 32
1773964853464 3981.6 33
1773964863478 3981.6 34
1773964873490 3981.6 35
1773964883497 3981.6 36
1773964893508 3981.6 37
1773964903523 3981.6 38
1773964913532 3981.6 39
1773964923540 3981.6 40
1773964933548 3981.6 41
1773964943559 3981.6 42
1773964953585 3939.6 43
1773964963597 3939.6 44
1773964973622 3939.6 45
1773964983632 3939.6 46
1773964993659 3939.6 47
1773965003667 3939.6 48
1773965013682 3939.6 49
1773965023692 3939.6 50
1773965033703 3939.6 51
1773965043734 3939.6 52
1773965053767 3939.6 53
1773965063780 3939.6 54
1773965073792 3939.6 55
1773965083801 3960.6 56
1773965093819 3981.6 57
1773965103842 3981.6 58
1773965113850 3981.6 59
1773965123858 3981.6 60
1773965133866 3981.6 61
1773965143877 3981.6 62
1773965153891 3981.6 63
1773965163901 3981.6 64
1773965173929 3981.6 65
1773965183938 3981.6 66
1773965193947 3981.6 67
1773965203966 3981.6 68
1773965213977 3981.6 69
1773965223993 3981.6 70
1773965234002 3981.6 71
1773965244019 3981.6 72
1773965254028 3939.6 73
1773965264036 3939.6 74
1773965274045 3939.6 75
1773965284054 3939.6 76
1773965294064 3939.6 77
1773965304073 3939.6 78
1773965314082 3939.6 79
1773965324091 3939.6 80
1773965334106 3939.6 81
1773965344115 3939.6 82
1773965354128 3939.6 83
1773965364159 3939.6 84
1773965374178 3939.6 85
