1774571533939 0.0 0
1774571543949 13.8 1
1774571553957 11.2 2
1774571563971 14.3 3
1774571573980 15.2 4
1774571583989 10.4 5
1774571594002 14.6 6
1774571604012 14.9 7
1774571614020 10.2 8
1774571624028 14.5 9
1774571634035 15.7 10
1774571644042 10.1 11
1774571654049 12.5 12
1774571664058 13.1 13
1774571674069 14.3 14
1774571684080 12.5 15
1774571694093 12.5 16
1774571704101 14.6 17
1774571714115 12.4 18
1774571724122 12.7 19
1774571734129 14.6 20
1774571744137 12.5 21
1774571754144 12.6 22
1774571764158 14.6 23
1774571774166 12.3 24
1774571784173 12.6 25
1774571794187 10.1 26
1774571804198 15.7 27
1774571814205 13.7 28
1774571824214 10.0 29
1774571834222 14.9 30
1774571844231 14.2 31
1774571854244 10.2 32
1774571864256 14.9 33
1774571874271 14.4 34
1774571884278 10.1 35
1774571894298 14.5 36
1774571904312 15.4 37
1774571914326 10.4 38
1774571924341 10.7 39
1774571934349 18.7 40
1774571944361 10.5 41
1774571954369 10.2 42
1774571964382 18.7 43
1774571974395 11.1 44
1774571984403 10.0 45
1774571994412 17.2 46
1774572004421 12.7 47
1774572014430 10.4 48
1774572024438 15.0 49
1774572034452 14.4 50
1774572044461 10.3 51
1774572054472 12.2 52
1774572064481 17.6 53
1774572074491 10.4 54
1774572084500 12.3 55
1774572094513 17.0 56
1774572104521 10.7 57
1774572114532 12.9 58
1774572124540 17.3 59
