1774544156439 0.5041275797373358 0
1774544156845 0.5088180112570356 1
1774544157387 0.501125703564728 2
1774544157792 0.500187617260788 3
1774544158193 0.499437148217636 4
1774544158745 0.499812382739212 5
1774544159168 0.5270168855534709 6
1774544159602 0.575046904315197 7
1774544160176 0.7658536585365854 8
1774544160590 0.7388367729831145 9
1774544160983 0.8043151969981238 10
1774544161711 0.8311444652908068 11
1774544162178 0.8455909943714822 12
1774544162595 0.8684803001876172 13
1774544163147 0.8853658536585366 14
1774544163543 0.9048780487804878 15
1774544163952 0.9016885553470919 16
1774544164468 0.9187617260787992 17
1774544164893 0.9292682926829269 18
1774544165442 0.9317073170731708 19
1774544165875 0.9347091932457786 20
1774544166309 0.9403377110694184 21
1774544166852 0.94765478424015 22
1774544167274 0.9469043151969981 23
1774544167700 0.950281425891182 24
1774544168399 0.9555347091932458 25
1774544168842 0.9594746716697936 26
1774544169290 0.9600375234521576 27
