1768650875419 0.8415392637252808 0
1768650875546 0.5011701583862305 1
1768650875664 0.46659693121910095 2
1768650875782 0.4458865225315094 3
1768650875901 0.4322793483734131 4
1768650876021 0.41999366879463196 5
1768650876141 0.4102080166339874 6
1768650876261 0.4004477262496948 7
1768650876384 0.39105483889579773 8
1768650876515 0.38139092922210693 9
1768650876653 0.37320491671562195 10
1768650876781 0.3658369481563568 11
1768650876919 0.3565254509449005 12
1768650877058 0.34847480058670044 13
1768650877182 0.34048524498939514 14
1768650877306 0.3325054943561554 15
1768650877430 0.32764607667922974 16
1768650877558 0.32013919949531555 17
1768650877689 0.3133712112903595 18
1768650877815 0.3080434501171112 19
1768650877941 0.3014211356639862 20
1768650878067 0.2968534827232361 21
1768650878194 0.29129722714424133 22
1768650878323 0.28561174869537354 23
1768650878456 0.28140413761138916 24
1768650878592 0.27520373463630676 25
1768650878725 0.26998841762542725 26
1768650878856 0.2650996744632721 27
