1773966841635 4193.9 0
1773966851649 4695.8 1
1773966861656 4693.0 2
1773966871673 4763.3 3
1773966881679 4777.8 4
1773966891701 4777.9 5
1773966901708 4772.2 6
1773966911715 4779.9 7
1773966921734 5049.5 8
1773966931741 4783.6 9
1773966941748 4789.4 10
1773966951757 4786.2 11
1773966961764 4795.9 12
1773966971777 4799.0 13
1773966981784 4790.6 14
1773966991793 4795.6 15
1773967001812 4793.6 16
1773967011819 4797.6 17
1773967021832 4794.6 18
1773967031846 4797.5 19
1773967041856 4799.7 20
1773967051865 4983.0 21
1773967061872 4796.1 22
1773967071879 4799.6 23
1773967081893 4799.3 24
1773967091914 4806.1 25
1773967101934 4803.4 26
1773967111941 4800.3 27
1773967121964 4811.0 28
1773967131971 4808.6 29
1773967141985 4802.7 30
1773967152000 4811.5 31
1773967162008 4810.9 32
1773967172019 4808.4 33
1773967182026 4902.1 34
1773967192034 4823.9 35
1773967202041 4817.4 36
1773967212049 4818.0 37
1773967222055 4819.9 38
1773967232078 4815.3 39
1773967242098 4814.5 40
1773967252110 4821.0 41
1773967262117 4822.4 42
1773967272124 4819.3 43
1773967282146 4957.4 44
1773967292154 4818.7 45
1773967302161 4820.3 46
1773967312171 4827.5 47
1773967322193 4818.7 48
1773967332205 4824.8 49
1773967342215 4810.9 50
1773967352223 4845.9 51
1773967362239 4840.6 52
1773967372249 4815.5 53
1773967382263 4827.6 54
1773967392271 4832.0 55
1773967402278 4828.5 56
1773967412290 5071.8 57
1773967422298 4837.2 58
1773967432312 4909.9 59
1773967442319 4839.1 60
1773967452327 4835.2 61
1773967462334 4833.7 62
1773967472342 4845.1 63
1773967482349 4845.5 64
1773967492357 4847.6 65
1773967502368 4851.6 66
1773967512380 4855.0 67
1773967522404 4888.3 68
1773967532414 4811.9 69
1773967542425 4930.8 70
1773967552435 4791.0 71
1773967562453 4786.1 72
1773967572467 4786.6 73
1773967582476 4780.4 74
1773967592485 4787.7 75
1773967602498 4782.4 76
1773967612506 4783.3 77
1773967622515 4785.3 78
1773967632523 4783.2 79
1773967642537 4797.0 80
1773967652549 4793.0 81
1773967662557 4793.3 82
1773967672575 4876.3 83
1773967682584 4793.9 84
1773967692597 4799.6 85
1773967702613 4806.2 86
1773967712632 4805.4 87
1773967722640 4813.9 88
1773967732650 4821.5 89
1773967742662 4799.8 90
1773967752672 4799.6 91
1773967762686 4806.5 92
1773967772715 5122.7 93
1773967782728 4807.4 94
1773967792762 4810.3 95
1773967802773 4815.2 96
1773967812782 4820.1 97
1773967822793 4819.4 98
1773967832802 4809.3 99
1773967842811 4799.3 100
1773967852829 4812.6 101
1773967862848 4881.1 102
1773967872863 4807.8 103
1773967882881 4810.1 104
1773967892890 4807.6 105
1773967902904 5033.6 106
1773967912929 4819.7 107
1773967922948 4809.8 108
1773967932969 4814.9 109
