1773966841635 25.1 0
1773966851649 28.2 1
1773966861656 28.1 2
1773966871673 28.6 3
1773966881679 28.6 4
1773966891701 28.6 5
1773966901708 28.6 6
1773966911715 28.7 7
1773966921734 30.3 8
1773966931741 28.7 9
1773966941748 28.7 10
1773966951757 28.7 11
1773966961764 28.8 12
1773966971777 28.8 13
1773966981784 28.7 14
1773966991793 28.7 15
1773967001812 28.7 16
1773967011819 28.8 17
1773967021832 28.7 18
1773967031846 28.8 19
1773967041856 28.8 20
1773967051865 29.9 21
1773967061872 28.8 22
1773967071879 28.8 23
1773967081893 28.8 24
1773967091914 28.8 25
1773967101934 28.8 26
1773967111941 28.8 27
1773967121964 28.8 28
1773967131971 28.8 29
1773967141985 28.8 30
1773967152000 28.8 31
1773967162008 28.8 32
1773967172019 28.8 33
1773967182026 29.4 34
1773967192034 28.9 35
1773967202041 28.9 36
1773967212049 28.9 37
1773967222055 28.9 38
1773967232078 28.9 39
1773967242098 28.9 40
1773967252110 28.9 41
1773967262117 28.9 42
1773967272124 28.9 43
1773967282146 29.7 44
1773967292154 28.9 45
1773967302161 28.9 46
1773967312171 28.9 47
1773967322193 28.9 48
1773967332205 28.9 49
1773967342215 28.8 50
1773967352223 29.1 51
1773967362239 29.0 52
1773967372249 28.9 53
1773967382263 28.9 54
1773967392271 29.0 55
1773967402278 28.9 56
1773967412290 30.4 57
1773967422298 29.0 58
1773967432312 29.4 59
1773967442319 29.0 60
1773967452327 29.0 61
1773967462334 29.0 62
1773967472342 29.0 63
1773967482349 29.0 64
1773967492357 29.1 65
1773967502368 29.1 66
1773967512380 29.1 67
1773967522404 29.3 68
1773967532414 28.8 69
1773967542425 29.6 70
1773967552435 28.7 71
1773967562453 28.7 72
1773967572467 28.7 73
1773967582476 28.7 74
1773967592485 28.7 75
1773967602498 28.7 76
1773967612506 28.7 77
1773967622515 28.7 78
1773967632523 28.7 79
1773967642537 28.8 80
1773967652549 28.7 81
1773967662557 28.7 82
1773967672575 29.2 83
1773967682584 28.7 84
1773967692597 28.8 85
1773967702613 28.8 86
1773967712632 28.8 87
1773967722640 28.9 88
1773967732650 28.9 89
1773967742662 28.8 90
1773967752672 28.8 91
1773967762686 28.8 92
1773967772715 30.7 93
1773967782728 28.8 94
1773967792762 28.8 95
1773967802773 28.9 96
1773967812782 28.9 97
1773967822793 28.9 98
1773967832802 28.8 99
1773967842811 28.8 100
1773967852829 28.9 101
1773967862848 29.3 102
1773967872863 28.8 103
1773967882881 28.8 104
1773967892890 28.8 105
1773967902904 30.2 106
1773967912929 28.9 107
1773967922948 28.8 108
1773967932969 28.9 109
