1774198610533 0.26802572171295663 0
1774198619095 0.5012313585989876 1
1774198627440 0.5775755917362156 2
1774198636021 0.632165822957997 3
1774198644604 0.6682856751949651 4
1774198653171 0.6927760295526064 5
1774198661659 0.7288274729785197 6
1774198670207 0.7509919277602956 7
1774198678623 0.7624846080175126 8
1774198687241 0.7864961006977699 9
1774198695737 0.7913531262826652 10
1774198704310 0.8040771651388698 11
1774198712947 0.8252154877548228 12
1774198721502 0.8428649610069777 13
1774198730011 0.8510740183335613 14
1774198738489 0.8635244219455466 15
1774198746975 0.8687234915857163 16
1774198755493 0.841702011219045 17
1774198763932 0.8694759885073198 18
1774198772342 0.8932138459433575 19
1774198780823 0.8947188397865645 20
1774198789321 0.9074428786427692 21
1774198797973 0.9233137228074976 22
1774198806488 0.9230400875632782 23
1774198814863 0.9267341633602408 24
1774198823363 0.9392529757832809 25
1774198832007 0.9445204542345054 26
1774198840695 0.9443836366123957 27
1774198849371 0.9471199890545903 28
1774198857965 0.9503352031741689 29
1774198866521 0.9549870023258996 30
1774198875029 0.956286769735942 31
1774198883440 0.960254480777124 32
1774198891991 0.9677110411821043 33
1774198900518 0.9716103434122315 34
1774198908850 0.967300588315775 35
1774198917097 0.9640169653851416 36
1774198925720 0.9642906006293611 37
1774198934344 0.966821726638391 38
1774198942754 0.9631960596524832 39
1774198951166 0.970857846490628 40
1774198959727 0.9731153372554385 41
1774198967959 0.9762621425639623 42
1774198976469 0.9746887399097004 43
1774198984914 0.9660008209057327 44
1774198993457 0.9778355452182241 45
1774199001991 0.980913941715693 46
1774199010413 0.9835818853468327 47
1774199018967 0.9802298536051444 48
1774199027695 0.9780407716513887 49
