1768650868583 0.5016458970138725 0
1768650868710 0.7948506936280273 1
1768650868829 0.8054314601457795 2
1768650868948 0.816129790735951 3
1768650869067 0.8223606865741829 4
1768650869186 0.8295320949917705 5
1768650869312 0.8316482482953209 6
1768650869432 0.8368210674817775 7
1768650869554 0.8417587585233952 8
1768650869675 0.8466964495650129 9
1768650869797 0.848459910651305 10
1768650869919 0.8526922172584058 11
1768650870041 0.85398542205502 12
1768650870164 0.8584528568069598 13
1768650870289 0.8616270867622855 14
1768650870415 0.8643310604279332 15
