1767881100106 0.521303936155823 0
1767881100403 0.7539564452860814 1
1767881100704 0.7647774922223726 2
1767881101001 0.7769511700257 3
1767881101290 0.7873664277018801 4
1767881101583 0.7935885296902475 5
1767881101880 0.7942648451237657 6
1767881102191 0.8014337887190586 7
1767881102503 0.8003516840254294 8
1767881102831 0.8040037873664277 9
1767881103141 0.8083322061409441 10
1767881103455 0.8087379954010551 11
1767881103788 0.8142837819559042 12
1767881104099 0.8118490463952387 13
1767881104424 0.8186122007304206 14
1767881104741 0.8201000946841607 15
1767881105062 0.8194237792506425 16
1767881105415 0.8210469362910862 17
1767881105737 0.8269985121060462 18
1767881106082 0.8251048288921953 19
1767881106420 0.8268632490193426 20
1767881106758 0.8314621939672663 21
1767881107081 0.8305153523603409 22
1767881107403 0.8317327201406736 23
1767881107741 0.8288921953198972 24
