1774540143945 0.0 0
1774540153953 15.9 1
1774540163960 10.4 2
1774540173971 13.5 3
1774540183980 15.8 4
1774540193997 10.5 5
1774540204005 12.6 6
1774540214015 12.6 7
1774540224030 14.6 8
1774540234037 12.4 9
1774540244050 12.5 10
1774540254060 14.9 11
1774540264071 11.4 12
1774540274083 13.3 13
1774540284090 14.5 14
1774540294110 11.7 15
1774540304117 13.3 16
1774540314125 14.3 17
1774540324137 11.7 18
1774540334146 13.6 19
1774540344159 10.2 20
1774540354167 15.2 21
1774540364179 13.7 22
1774540374187 10.4 23
1774540384197 15.0 24
1774540394247 14.2 25
