1774540143945 21.9 0
1774540153953 54.3 1
1774540163960 54.1 2
1774540173971 52.9 3
1774540183980 48.7 4
1774540193997 61.8 5
1774540204005 48.7 6
1774540214015 59.6 7
1774540224030 54.1 8
1774540234037 52.4 9
1774540244050 61.8 10
1774540254060 50.2 11
1774540264071 55.0 12
1774540274083 52.8 13
1774540284090 51.3 14
1774540294110 51.6 15
1774540304117 61.1 16
1774540314125 63.9 17
1774540324137 49.1 18
1774540334146 58.1 19
1774540344159 61.9 20
1774540354167 63.9 21
1774540364179 58.0 22
1774540374187 52.6 23
1774540384197 55.2 24
1774540394247 52.6 25
