1774540143945 140.4 0
1774540153953 1042.2 1
1774540163960 1149.2 2
1774540173971 1149.2 3
1774540183980 1149.2 4
1774540193997 1149.2 5
1774540204005 1149.2 6
1774540214015 1149.2 7
1774540224030 1268.7 8
1774540234037 1268.7 9
1774540244050 1268.7 10
1774540254060 1268.7 11
1774540264071 1268.7 12
1774540274083 1268.7 13
1774540284090 1268.7 14
1774540294110 1268.7 15
1774540304117 1268.7 16
1774540314125 1268.7 17
1774540324137 1268.7 18
1774540334146 1268.7 19
1774540344159 1268.7 20
1774540354167 1268.7 21
1774540364179 1268.7 22
1774540374187 1268.7 23
1774540384197 1268.7 24
1774540394247 1268.7 25
