1774540143945 33.1 0
1774540153953 82.0 1
1774540163960 81.7 2
1774540173971 79.8 3
1774540183980 73.5 4
1774540193997 93.3 5
1774540204005 73.6 6
1774540214015 90.0 7
1774540224030 81.7 8
1774540234037 79.2 9
1774540244050 93.4 10
1774540254060 75.8 11
1774540264071 83.1 12
1774540274083 79.7 13
1774540284090 77.4 14
1774540294110 77.8 15
1774540304117 92.2 16
1774540314125 96.6 17
1774540324137 74.1 18
1774540334146 87.8 19
1774540344159 93.4 20
1774540354167 96.4 21
1774540364179 87.6 22
1774540374187 79.5 23
1774540384197 83.4 24
1774540394247 79.5 25
