1774713448359 33.3 0
1774713458373 85.8 1
1774713468384 104.4 2
1774713478392 71.6 3
1774713488399 78.1 4
1774713498407 80.2 5
1774713508414 76.5 6
1774713518429 81.9 7
1774713528439 79.7 8
1774713538453 84.5 9
1774713548463 84.5 10
1774713558477 85.8 11
1774713568498 80.5 12
1774713578508 85.1 13
1774713588525 75.2 14
1774713598534 86.8 15
1774713608546 74.0 16
1774713618555 78.1 17
1774713628565 78.3 18
1774713638573 85.7 19
1774713648581 65.9 20
1774713658592 76.3 21
1774713668601 80.0 22
1774713678608 77.1 23
1774713688616 80.0 24
1774713698628 78.6 25
1774713708639 86.2 26
1774713718647 74.4 27
1774713728655 74.2 28
1774713738663 80.1 29
1774713748670 76.4 30
1774713758681 76.6 31
1774713768692 78.5 32
1774713778713 78.6 33
1774713788721 83.8 34
1774713798728 77.4 35
1774713808743 76.7 36
1774713818752 80.5 37
1774713828765 61.4 38
1774713838774 97.7 39
1774713848784 78.7 40
1774713858793 80.6 41
1774713868800 75.9 42
1774713878808 87.8 43
1774713888821 76.9 44
1774713898832 76.2 45
1774713908843 45.0 46
1774713918851 81.0 47
1774713928859 72.5 48
1774713938868 76.2 49
1774713948876 80.9 50
1774713958884 80.5 51
1774713968895 76.2 52
1774713978907 80.0 53
1774713988917 91.1 54
1774713998925 80.2 55
1774714008934 82.9 56
1774714018942 73.3 57
1774714028951 78.9 58
1774714038964 80.0 59
1774714048991 94.2 60
1774714059014 81.2 61
1774714069032 98.8 62
1774714079042 80.5 63
1774714089051 77.6 64
1774714099059 79.7 65
1774714109068 80.4 66
1774714119081 76.3 67
1774714129097 72.2 68
1774714139111 76.3 69
1774714149121 77.4 70
1774714159136 91.9 71
1774714169145 92.3 72
1774714179161 83.8 73
1774714189171 62.9 74
1774714199185 85.0 75
1774714209199 81.0 76
1774714219217 80.7 77
1774714229227 81.3 78
1774714239237 74.7 79
1774714249249 76.8 80
1774714259258 78.9 81
1774714269267 60.9 82
1774714279276 85.1 83
1774714289285 76.7 84
1774714299294 80.2 85
1774714309306 92.0 86
1774714319316 84.0 87
1774714329325 79.6 88
1774714339334 64.6 89
1774714349342 97.0 90
1774714359350 80.1 91
1774714369360 76.3 92
1774714379369 78.6 93
1774714389378 74.8 94
1774714399388 74.3 95
1774714409398 76.1 96
1774714419407 80.8 97
1774714429420 79.7 98
1774714439429 92.8 99
1774714449440 84.9 100
1774714459455 80.1 101
1774714469471 85.1 102
1774714479501 68.7 103
1774714489516 61.2 104
1774714499525 76.2 105
1774714509537 76.5 106
1774714519548 74.5 107
1774714529563 77.6 108
1774714539574 92.1 109
1774714549583 75.4 110
1774714559597 76.3 111
1774714569606 85.6 112
1774714579621 74.5 113
1774714589631 65.2 114
1774714599639 73.0 115
1774714609651 76.5 116
1774714619663 89.4 117
1774714629679 86.8 118
1774714639695 78.1 119
1774714649711 73.2 120
1774714659724 79.4 121
1774714669733 76.3 122
1774714679748 78.2 123
1774714689758 76.1 124
1774714699769 80.5 125
1774714709779 77.4 126
1774714719795 87.6 127
1774714729807 86.9 128
1774714739829 76.6 129
1774714749848 42.2 130
1774714759858 77.7 131
1774714769869 75.6 132
1774714779886 75.7 133
1774714789902 83.7 134
1774714799913 67.4 135
1774714809925 76.4 136
