1774713448359 140.4 0
1774713458373 973.0 1
1774713468384 1082.1 2
1774713478392 1082.1 3
1774713488399 1082.1 4
1774713498407 1082.1 5
1774713508414 1082.1 6
1774713518429 1082.1 7
1774713528439 1191.1 8
1774713538453 1191.1 9
1774713548463 1191.1 10
1774713558477 1191.1 11
1774713568498 1191.1 12
1774713578508 1191.1 13
1774713588525 1191.1 14
1774713598534 1191.1 15
1774713608546 1191.1 16
1774713618555 1191.1 17
1774713628565 1191.1 18
1774713638573 1191.1 19
1774713648581 1191.1 20
1774713658592 1191.1 21
1774713668601 1191.1 22
1774713678608 1191.1 23
1774713688616 1191.1 24
1774713698628 1191.1 25
1774713708639 1191.1 26
1774713718647 1191.1 27
1774713728655 1191.1 28
1774713738663 1191.1 29
1774713748670 1191.1 30
1774713758681 1191.1 31
1774713768692 1191.1 32
1774713778713 1191.1 33
1774713788721 1191.1 34
1774713798728 1191.1 35
1774713808743 1191.1 36
1774713818752 1308.6 37
1774713828765 1308.6 38
1774713838774 1308.6 39
1774713848784 1308.6 40
1774713858793 1308.6 41
1774713868800 1308.6 42
1774713878808 1308.6 43
1774713888821 1308.6 44
1774713898832 1308.6 45
1774713908843 1308.6 46
1774713918851 1308.6 47
1774713928859 1308.6 48
1774713938868 1308.6 49
1774713948876 1308.6 50
1774713958884 1308.6 51
1774713968895 1308.6 52
1774713978907 1308.6 53
1774713988917 1308.6 54
1774713998925 1308.6 55
1774714008934 1308.6 56
1774714018942 1430.2 57
1774714028951 1430.2 58
1774714038964 1430.2 59
1774714048991 1430.2 60
1774714059014 1430.2 61
1774714069032 1430.2 62
1774714079042 1430.2 63
1774714089051 1430.2 64
1774714099059 1430.2 65
1774714109068 1430.2 66
1774714119081 1430.2 67
1774714129097 1430.2 68
1774714139111 1430.2 69
1774714149121 1430.2 70
1774714159136 1430.2 71
1774714169145 1430.2 72
1774714179161 1430.2 73
1774714189171 1430.2 74
1774714199185 1430.2 75
1774714209199 1430.2 76
1774714219217 1430.2 77
1774714229227 1430.2 78
1774714239237 1430.2 79
1774714249249 1430.2 80
1774714259258 1430.2 81
1774714269267 1430.2 82
1774714279276 1430.2 83
1774714289285 1430.2 84
1774714299294 1430.2 85
1774714309306 1430.2 86
1774714319316 1430.2 87
1774714329325 1430.2 88
1774714339334 1430.2 89
1774714349342 1430.2 90
1774714359350 1430.2 91
1774714369360 1430.2 92
1774714379369 1430.2 93
1774714389378 1430.2 94
1774714399388 1430.2 95
1774714409398 1430.2 96
1774714419407 1430.2 97
1774714429420 1430.2 98
1774714439429 1430.2 99
1774714449440 1430.2 100
1774714459455 1430.2 101
1774714469471 1430.2 102
1774714479501 1430.2 103
1774714489516 1430.2 104
1774714499525 1430.2 105
1774714509537 1430.2 106
1774714519548 1430.2 107
1774714529563 1430.2 108
1774714539574 1430.2 109
1774714549583 1430.2 110
1774714559597 1430.2 111
1774714569606 1430.2 112
1774714579621 1430.2 113
1774714589631 1430.2 114
1774714599639 1430.2 115
1774714609651 1430.2 116
1774714619663 1430.2 117
1774714629679 1430.2 118
1774714639695 1430.2 119
1774714649711 1430.2 120
1774714659724 1430.2 121
1774714669733 1430.2 122
1774714679748 1430.2 123
1774714689758 1430.2 124
1774714699769 1430.2 125
1774714709779 1430.2 126
1774714719795 1430.2 127
1774714729807 1430.2 128
1774714739829 1430.2 129
1774714749848 1430.2 130
1774714759858 1430.2 131
1774714769869 1430.2 132
1774714779886 1430.2 133
1774714789902 1430.2 134
1774714799913 1430.2 135
1774714809925 1430.2 136
