1774713448359 0.0 0
1774713458373 94.0 1
1774713468384 93.0 2
1774713478392 93.0 3
1774713488399 94.0 4
1774713498407 92.0 5
1774713508414 93.0 6
1774713518429 93.0 7
1774713528439 94.0 8
1774713538453 92.0 9
1774713548463 94.0 10
1774713558477 93.0 11
1774713568498 93.0 12
1774713578508 94.0 13
1774713588525 93.0 14
1774713598534 94.0 15
1774713608546 94.0 16
1774713618555 94.0 17
1774713628565 94.0 18
1774713638573 90.0 19
1774713648581 95.0 20
1774713658592 94.0 21
1774713668601 90.0 22
1774713678608 93.0 23
1774713688616 92.0 24
1774713698628 94.0 25
1774713708639 93.0 26
1774713718647 89.0 27
1774713728655 93.0 28
1774713738663 93.0 29
1774713748670 94.0 30
1774713758681 91.0 31
1774713768692 94.0 32
1774713778713 92.0 33
1774713788721 92.0 34
1774713798728 93.0 35
1774713808743 93.0 36
1774713818752 90.0 37
1774713828765 91.0 38
1774713838774 94.0 39
1774713848784 94.0 40
1774713858793 94.0 41
1774713868800 94.0 42
1774713878808 93.0 43
1774713888821 92.0 44
1774713898832 94.0 45
1774713908843 81.0 46
1774713918851 91.0 47
1774713928859 94.0 48
1774713938868 94.0 49
1774713948876 94.0 50
1774713958884 90.0 51
1774713968895 94.0 52
1774713978907 93.0 53
1774713988917 94.0 54
1774713998925 91.0 55
1774714008934 90.0 56
1774714018942 90.0 57
1774714028951 90.0 58
1774714038964 94.0 59
1774714048991 94.0 60
1774714059014 92.0 61
1774714069032 92.0 62
1774714079042 92.0 63
1774714089051 90.0 64
1774714099059 93.0 65
1774714109068 93.0 66
1774714119081 93.0 67
1774714129097 94.0 68
1774714139111 91.0 69
1774714149121 94.0 70
1774714159136 91.0 71
1774714169145 92.0 72
1774714179161 94.0 73
1774714189171 94.0 74
1774714199185 95.0 75
1774714209199 90.0 76
1774714219217 90.0 77
1774714229227 82.0 78
1774714239237 92.0 79
1774714249249 94.0 80
1774714259258 94.0 81
1774714269267 91.0 82
1774714279276 94.0 83
1774714289285 94.0 84
1774714299294 91.0 85
1774714309306 90.0 86
1774714319316 92.0 87
1774714329325 94.0 88
1774714339334 94.0 89
1774714349342 94.0 90
1774714359350 94.0 91
1774714369360 91.0 92
1774714379369 94.0 93
1774714389378 92.0 94
1774714399388 90.0 95
1774714409398 94.0 96
1774714419407 94.0 97
1774714429420 93.0 98
1774714439429 94.0 99
1774714449440 91.0 100
1774714459455 95.0 101
1774714469471 94.0 102
1774714479501 88.0 103
1774714489516 82.0 104
1774714499525 93.0 105
1774714509537 94.0 106
1774714519548 91.0 107
1774714529563 93.0 108
1774714539574 90.0 109
1774714549583 91.0 110
1774714559597 94.0 111
1774714569606 90.0 112
1774714579621 89.0 113
1774714589631 94.0 114
1774714599639 90.0 115
1774714609651 94.0 116
1774714619663 93.0 117
1774714629679 91.0 118
1774714639695 94.0 119
1774714649711 93.0 120
1774714659724 93.0 121
1774714669733 90.0 122
1774714679748 94.0 123
1774714689758 93.0 124
1774714699769 92.0 125
1774714709779 93.0 126
1774714719795 94.0 127
1774714729807 91.0 128
1774714739829 94.0 129
1774714749848 78.0 130
1774714759858 94.0 131
1774714769869 89.0 132
1774714779886 94.0 133
1774714789902 93.0 134
1774714799913 94.0 135
1774714809925 94.0 136
