1774203410421 0.2611848406074702 0
1774203418912 0.46429060062936106 1
1774203427248 0.5736762895060884 2
1774203435754 0.6186892871801888 3
1774203444255 0.660281844301546 4
1774203452793 0.6868928718018881 5
1774203461150 0.7165138869886442 6
1774203469597 0.742714461622657 7
1774203478082 0.7609796141743056 8
1774203486526 0.7755506909289916 9
1774203494932 0.7953892461349021 10
1774203503409 0.8103023669448625 11
1774203511947 0.8280886578191271 12
1774203520218 0.8458065398823369 13
1774203528607 0.8550417293747434 14
1774203537021 0.8564783144068956 15
1774203545567 0.8685866739636066 16
1774203553880 0.8830893419072376 17
1774203562355 0.8843891093172801 18
1774203570854 0.8999863182377891 19
1774203579324 0.9133260363934875 20
1774203587818 0.9136680804487618 21
1774203596073 0.921603502531126 22
1774203604475 0.9203037351210835 23
1774203612960 0.934669585442605 24
1774203621293 0.9453413599671637 25
1774203629655 0.9484881652756875 26
1774203638139 0.9389109317280065 27
1774203646582 0.9376111643179642 28
1774203655001 0.9501983855520592 29
1774203663426 0.9488302093309618 30
1774203671863 0.9550554111369545 31
1774203680368 0.9588863045560269 32
1774203688785 0.9686003557258175 33
1774203697368 0.9729785196333288 34
1774203705969 0.9724996579559447 35
1774203714312 0.9692844438363661 36
