1774192838736 0.24366989684276336 0
1774192846299 0.47233510472022505 1
1774192853877 0.5601750547045952 2
1774192861497 0.6135511097217881 3
1774192868941 0.6575492341356673 4
1774192876567 0.6948265082838387 5
1774192884045 0.7217099093466708 6
1774192891504 0.7485151609878087 7
1774192898919 0.7642231947483589 8
1774192906575 0.7757111597374179 9
1774192914047 0.7917317911847452 10
1774192921606 0.8168959049703032 11
1774192929032 0.8283838699593623 12
1774192936661 0.8419037199124726 13
1774192944084 0.85683025945608 14
1774192951505 0.8588621444201313 15
1774192958974 0.8758205689277899 16
1774192966453 0.8773835573616755 17
1774192974024 0.8922319474835886 18
1774192981599 0.909659268521413 19
1774192989134 0.9069240387621131 20
1774192996778 0.9219287277274149 21
1774193004315 0.9270865895592373 22
1774193011834 0.9246639574867146 23
1774193019323 0.936230071897468 24
1774193026600 0.9402938418255705 25
1774193034077 0.9500625195373554 26
1774193041577 0.956939668646452 27
1774193049068 0.9585808065020319 28
1774193056633 0.9615504845264145 29
1774193064176 0.9601437949359175 30
