1774384215973 299.0789088010788 0
1774384231688 212.67274391651154 1
1774384247278 179.6415057182312 2
1774384262912 164.67815458774567 3
1774384278699 153.7336174249649 4
1774384294359 145.84619802236557 5
1774384310029 142.46055006980896 6
1774384325702 138.04836601018906 7
1774384341347 132.73268193006516 8
1774384357146 130.5517721772194 9
1774384372845 125.48456066846848 10
1774384388351 121.9223957657814 11
1774384404051 117.63511806726456 12
1774384419696 123.42630416154861 13
1774384435331 120.46923917531967 14
1774384450996 116.65985065698624 15
1774384466689 111.81842958927155 16
1774384482396 110.1314155459404 17
1774384498166 109.6850888133049 18
1774384513832 107.32484483718872 19
1774384529477 105.4681236743927 20
1774384545007 102.93651252985 21
1774384560667 101.30830562114716 22
1774384576340 101.94008314609528 23
1774384592128 99.65550535917282 24
1774384607789 96.15053617954254 25
1774384623532 94.26593375205994 26
1774384639273 95.01895117759705 27
1774384654921 94.52568209171295 28
1774384670653 92.84135204553604 29
1774384686438 91.52542036771774 30
1774384702073 89.6099243760109 31
1774384717676 89.362429022789 32
1774384733359 90.29818719625473 33
1774384749103 88.4402836561203 34
1774384764760 85.77335530519485 35
1774384780488 88.75818002223969 36
1774384796178 87.3871517777443 37
1774384811885 84.54923713207245 38
1774384827516 82.30967769026756 39
1774384843249 82.7259618639946 40
1774384858952 82.49315440654755 41
1774384874610 82.20234808325768 42
1774384890271 80.4434115588665 43
1774384905996 78.07032182812691 44
1774384921720 77.01119723916054 45
1774384937471 77.17875269055367 46
1774384953113 75.09732341766357 47
1774384968714 76.13170200586319 48
1774384984466 75.54444292187691 49
1774385000194 74.30918836593628 50
1774385015945 72.61622032523155 51
1774385031585 74.32305228710175 52
1774385047390 71.99294757843018 53
1774385062994 71.47472706437111 54
1774385078710 72.59286987781525 55
1774385094355 71.42700442671776 56
1774385109961 70.13207486271858 57
1774385125593 71.4223647415638 58
1774385141291 69.29080381989479 59
1774385156936 73.80186861753464 60
1774385172509 72.70128771662712 61
1774385188247 70.27334928512573 62
1774385203933 68.33165517449379 63
1774385219619 67.44568192958832 64
1774385235282 70.12973457574844 65
1774385250992 68.38612684607506 66
1774385266634 67.20236140489578 67
1774385282382 65.12270534038544 68
1774385298114 63.37127962708473 69
1774385313823 61.077416986227036 70
1774385329440 64.11958265304565 71
1774385344989 63.86033344268799 72
1774385360677 63.975101470947266 73
1774385376389 68.29442247748375 74
1774385392057 67.60832625627518 75
1774385407742 63.865499436855316 76
1774385423461 63.507475808262825 77
1774385439115 60.19100448489189 78
1774385454808 60.355693221092224 79
1774385470483 62.95419558882713 80
1774385486235 60.79722735285759 81
1774385501841 59.26333621144295 82
1774385517563 60.68234431743622 83
1774385533192 60.11076432466507 84
1774385548981 56.58732920885086 85
1774385564661 59.51937252283096 86
1774385580432 58.501149505376816 87
1774385596088 56.310901284217834 88
1774385611760 57.2817507982254 89
1774385627379 63.80259761214256 90
1774385643165 58.34150516986847 91
1774385658853 55.44151747226715 92
1774385674562 57.001961052417755 93
