1768616418780 0.05103297304692844 0
1768616419766 0.7016007661786838 1
1768616420761 0.7285538377343002 2
1768616421724 0.7527021480366671 3
1768616422692 0.7636475578054454 4
1768616423655 0.774387741141059 5
1768616424620 0.774319332330004 6
1768616425589 0.7737720618415652 7
1768616426556 0.7795184019701737 8
1768616427529 0.7912847174716103 9
1768616428547 0.7959365166233411 10
1768616429561 0.7951156108906827 11
1768616430544 0.8005883157750718 12
1768616431528 0.8053085237378574 13
1768616432513 0.8046928444383636 14
1768616433503 0.8094814612122041 15
1768616434494 0.8123546312765084 16
1768616435482 0.8173484744835134 17
1768616436503 0.8195375564372691 18
1768616437521 0.8238473115337256 19
1768616438542 0.8262416199206458 20
1768616439561 0.8306881926392119 21
1768616440583 0.8336981803256259 22
1768616441603 0.8375974825557532 23
1768616442624 0.8397865645095088 24
1768616443647 0.8433438226843617 25
1768616444671 0.847721986591873 26
1768616445692 0.8499794773566836 27
1768616446715 0.8529894650430976 28
1768616447745 0.8525106033657135 29
1768616448775 0.8585305787385415 30
1768616449802 0.8608564783144069 31
1768616450830 0.8671500889314544 32
1768616451857 0.8661923655766863 33
1768616452892 0.8731016554932275 34
1768616453920 0.8748118757695992 35
1768616454948 0.8755643726912026 36
1768616455972 0.8836366123956766 37
1768616457002 0.8848679709946641 38
1768616458033 0.8880831851142427 39
1768616459072 0.8896565877685045 40
1768616460111 0.8947188397865645 41
1768616461150 0.8964290600629361 42
1768616462187 0.8997126829935695 43
1768616463231 0.9019017649473252 44
1768616464274 0.904022438090026 45
1768616465316 0.9105212751402381 46
1768616466369 0.9081269667533178 47
1768616467413 0.9111369544397319 48
1768616468457 0.9147626214256396 49
1768616469505 0.9215350937200711 50
1768616470555 0.9211930496647969 51
1768616471603 0.9244082637843755 52
1768616472641 0.9260500752496922 53
1768616473645 0.9289916541250514 54
1768616474651 0.9312491448898618 55
1768616475658 0.9350116294978793 56
1768616476664 0.9367902585853057 57
1768616477675 0.9378847995621836 58
1768616478685 0.940689560815433 59
1768616479696 0.9441784101792311 60
1768616480709 0.9450677247229443 61
1768616481725 0.9497195238746751 62
1768616482741 0.9512245177178821 63
1768616483761 0.9513613353399918 64
1768616484770 0.9538924613490217 65
1768616485780 0.9555342728143384 66
1768616486791 0.9571760842796552 67
