1773963062950 0.499152063312606 0
1773963063066 0.7929150179008856 1
1773963063175 0.805351422649331 2
1773963063284 0.8174109666478236 3
1773963063393 0.8306010928961749 4
1773963063503 0.8356887130205389 5
1773963063615 0.8413416242698323 6
1773963063730 0.8454870925193141 7
1773963063853 0.8535895986433013 8
1773963063978 0.8566044846429245 9
1773963064102 0.8631995477671001 10
1773963064228 0.868664028641417 11
1773963064355 0.868664028641417 12
1773963064482 0.8714904842660637 13
1773963064610 0.8799698511400038 14
1773963064738 0.8797814207650273 15
1773963064854 0.8848690408893913 16
1773963064971 0.8899566610137554 17
1773963065087 0.8922178255134727 18
1773963065203 0.8959864330130017 19
1773963065320 0.893159977388355 20
1773963065439 0.9031467872621066 21
1773963065559 0.9029583568871302 22
1773963065681 0.9078575466365179 23
1773963065801 0.9112492933860938 24
1773963065921 0.9106840022611645 25
1773963066040 0.9121914452609761 26
1773963066158 0.9086112681364236 27
1773963066278 0.914264179385717 28
1773963066398 0.9167137742604108 29
