1773963062947 0.8576637506484985 0
1773963063062 0.46315890550613403 1
1773963063171 0.43959951400756836 2
1773963063280 0.4241733253002167 3
1773963063389 0.4092300236225128 4
1773963063499 0.39706844091415405 5
1773963063611 0.38505810499191284 6
1773963063726 0.3769628703594208 7
1773963063849 0.3669191598892212 8
1773963063974 0.35888609290122986 9
1773963064098 0.35143283009529114 10
1773963064223 0.34326234459877014 11
1773963064351 0.33619704842567444 12
1773963064477 0.3282833993434906 13
1773963064605 0.32194283604621887 14
1773963064734 0.3148850202560425 15
1773963064849 0.3101126551628113 16
1773963064966 0.3038318455219269 17
1773963065082 0.2957952618598938 18
1773963065198 0.29166358709335327 19
1773963065315 0.2876778542995453 20
1773963065435 0.27886128425598145 21
1773963065555 0.2739538848400116 22
1773963065677 0.26752185821533203 23
1773963065796 0.26370498538017273 24
1773963065916 0.2594183087348938 25
1773963066035 0.25443410873413086 26
1773963066153 0.2505229115486145 27
1773963066273 0.24681660532951355 28
1773963066393 0.24163544178009033 29
