1774187958059 0.20775755917362157 0
1774187971696 0.41831987960049255 1
1774187985490 0.5431659597756191 2
1774187999203 0.5841428375974825 3
1774188013014 0.6784785880421398 4
1774188026883 0.749213298672869 5
1774188040702 0.7927213025037625 6
1774188054339 0.8358872622793816 7
1774188068180 0.8611985223696812 8
1774188081792 0.8990285948830209 9
1774188095508 0.9040908469010809 10
1774188109146 0.9233821316185524 11
1774188122770 0.9489670269530716 12
1774188136440 0.9616226569982214 13
1774188150116 0.9590231221781366 14
1774188163723 0.9463674921329868 15
1774188177416 0.9574497195238747 16
1774188191061 0.956286769735942 17
1774188204921 0.9305650567793132 18
1774188218897 0.9710630729237926 19
1774188232627 0.9826925708031194 20
1774188246534 0.9797509919277603 21
