1773971607603 0.6934486110855657 0
1773971608181 0.6217338980407455 1
1773971608801 0.5564370037330449 2
1773971609372 0.482532630751841 3
1773971609992 0.4293014171149852 4
1773971610562 0.3817030094719875 5
1773971611136 0.3221251669208667 6
1773971611717 0.2906799293492167 7
1773971612310 0.2655655101779038 8
1773971612900 0.24347271750092703 9
1773971613484 0.2195843041745489 10
1773971614061 0.20653012642965804 11
1773971614642 0.1836626554762451 12
1773971615218 0.16855608783145526 13
1773971615800 0.16908196335872594 14
1773971616410 0.16298644083851846 15
1773971617033 0.14413093732941046 16
1773971617626 0.137449754572408 17
1773971618216 0.129016235369165 18
1773971618975 0.11828221934817972 19
1773971619569 0.11175748571848101 20
1773971620155 0.10890971286392705 21
1773971620745 0.10345332791195347 22
1773971621350 0.099075452775611 23
1773971621941 0.09063676575821987 24
1773971622550 0.08785897009503889 25
1773971623146 0.09662417800649878 26
