1774579135933 346.6349313259125 0
1774579152413 335.8552613258362 1
1774579168777 315.18812918663025 2
1774579185107 276.4069447517395 3
1774579201559 247.44914507865906 4
1774579217842 226.92700350284576 5
1774579234246 210.64196014404297 6
1774579250737 196.16087567806244 7
1774579267059 184.39756762981415 8
1774579283609 170.32916688919067 9
1774579299849 162.12599873542786 10
1774579316259 150.18313246965408 11
1774579332620 147.68225979804993 12
1774579349013 136.909432888031 13
1774579365449 124.9047103524208 14
1774579381765 117.40784132480621 15
1774579398083 111.77833133935928 16
1774579414539 104.03267860412598 17
1774579431081 100.1661616563797 18
1774579447508 94.33252900838852 19
1774579463893 89.21628773212433 20
1774579480301 79.13245269656181 21
1774579496671 74.18246933817863 22
1774579513038 70.58549523353577 23
1774579529418 77.90556052327156 24
1774579545750 67.45460379123688 25
1774579562128 71.18877997994423 26
1774579578482 64.56605130434036 27
1774579594880 65.81605553627014 28
1774579611275 53.41502317786217 29
1774579627719 48.60728371143341 30
1774579644151 45.305349096655846 31
1774579660501 42.31471662223339 32
1774579677011 39.70757803320885 33
1774579693575 38.868262365460396 34
1774579710059 32.4443925768137 35
1774579726376 34.40056899189949 36
1774579742657 36.19032111763954 37
1774579759079 29.311345614492893 38
1774579775414 26.60941120237112 39
1774579791806 24.81655651330948 40
1774579808093 23.490635983645916 41
1774579824532 22.07675488293171 42
1774579841040 21.58911007642746 43
1774579857317 18.84298963844776 44
1774579873758 18.30608393251896 45
1774579890140 30.627464920282364 46
1774579906586 23.417385272681713 47
1774579922967 19.294092517346144 48
