1774278302344 232.45601058006287 0
1774278330766 144.605437874794 1
1774278358942 124.11446005105972 2
1774278387465 108.91491776704788 3
1774278415931 99.61753684282303 4
1774278444197 90.78293174505234 5
1774278472429 86.45753633975983 6
1774278500868 77.70997607707977 7
1774278564028 70.86325028538704 8
1774278592335 68.23885145783424 9
1774278620517 63.550256699323654 10
1774278648655 59.59358602762222 11
1774278677032 54.947039008140564 12
1774278705254 50.25711998343468 13
1774278733673 46.10822883248329 14
1774278761741 41.44249553978443 15
1774278790032 38.34762082993984 16
1774278818180 45.80204813182354 17
1774278846353 43.05542077124119 18
1774278874696 33.88691359758377 19
1774278902981 30.20896276831627 20
1774278931144 30.202183857560158 21
1774278959391 28.340191707015038 22
1774278987765 25.740970358252525 23
1774279016084 23.619417421519756 24
1774279044417 23.0021982640028 25
1774279072871 21.863695092499256 26
1774279101187 18.163406617939472 27
1774279129531 19.115529756993055 28
1774279157881 20.362020805478096 29
1774279186406 16.5084146335721 30
1774279214615 18.657883547246456 31
1774279242810 16.049181759357452 32
1774279271006 14.12805574387312 33
1774279299293 13.934762991964817 34
1774279327758 13.428817320615053 35
1774279355978 10.802506629377604 36
1774279384323 16.685283925384283 37
1774279412651 17.784769408404827 38
