1774582885028 0.511843339587242 0
1774582885217 0.851782363977486 1
1774582885398 0.8734756097560976 2
1774582885573 0.8854362101313321 3
1774582885747 0.8916510318949343 4
1774582885922 0.898217636022514 5
1774582886097 0.9059568480300187 6
1774582886273 0.9115853658536586 7
1774582886448 0.9146341463414634 8
1774582886624 0.9189727954971857 9
1774582886808 0.9236632270168855 10
1774582887006 0.9294090056285178 11
1774582887184 0.9326923076923077 12
1774582887384 0.9355065666041276 13
1774582887562 0.9392589118198874 14
1774582887742 0.9412523452157598 15
1774582887922 0.9457082551594747 16
1774582888102 0.948405253283302 17
1774582888282 0.9501641651031895 18
1774582888464 0.9533302063789869 19
1774582888645 0.9546200750469043 20
1774582888826 0.9567307692307693 21
1774582889008 0.9597795497185742 22
1774582889214 0.961655722326454 23
1774582889397 0.9637664165103189 24
1774582889604 0.9662288930581614 25
1774582889790 0.9676360225140713 26
1774582889976 0.9686913696060038 27
1774582890163 0.9711538461538461 28
1774582890351 0.9734990619136961 29
1774582890541 0.9736163227016885 30
1774582890732 0.975609756097561 31
1774582890925 0.9771341463414634 32
1774582891114 0.9787757973733584 33
1774582891302 0.9810037523452158 34
1774582891491 0.9814727954971857 35
1774582891680 0.9826454033771107 36
1774582891871 0.9831144465290806 37
1774582892064 0.9841697936210131 38
1774582892258 0.9853424015009381 39
