1774809299939 3.279761552810669 0
1774809300930 1.9235330820083618 1
1774809301894 1.7453105449676514 2
1774809302862 1.6246974468231201 3
1774809303861 1.57472825050354 4
1774809304861 1.4890527725219727 5
1774809305829 1.4193168878555298 6
1774809306798 1.3810734748840332 7
1774809307769 1.346773624420166 8
1774809308745 1.305701494216919 9
1774809309736 1.2610207796096802 10
1774809310725 1.2292126417160034 11
1774809311740 1.1882281303405762 12
1774809312754 1.1662986278533936 13
1774809313770 1.1360794305801392 14
1774809314787 1.1097060441970825 15
1774809315805 1.082098364830017 16
1774809316788 1.0566786527633667 17
1774809317774 1.0318795442581177 18
1774809318759 1.011690378189087 19
1774809319746 0.9866777062416077 20
1774809320733 0.967965841293335 21
1774809321724 0.9442493319511414 22
1774809322748 0.9215698838233948 23
1774809323772 0.8996874690055847 24
1774809324793 0.8874512910842896 25
1774809325818 0.8639093637466431 26
1774809326849 0.8457688093185425 27
1774809327873 0.8294677734375 28
1774809328907 0.8115482926368713 29
1774809329934 0.7951878309249878 30
1774809330960 0.7746168375015259 31
1774809331986 0.7574288249015808 32
1774809333012 0.7389634251594543 33
1774809334040 0.7266284823417664 34
1774809335068 0.7073322534561157 35
1774809336095 0.6896082758903503 36
1774809337127 0.6778052449226379 37
1774809338155 0.6605153679847717 38
1774809339188 0.6441585421562195 39
1774809340217 0.6274309158325195 40
1774809341252 0.6159511804580688 41
1774809342288 0.600192129611969 42
1774809343324 0.5831973552703857 43
1774809344359 0.5743283629417419 44
1774809345392 0.5584217309951782 45
1774809346428 0.5426447987556458 46
1774809347464 0.5281174182891846 47
1774809348498 0.5173224210739136 48
1774809349535 0.5005702972412109 49
1774809350571 0.48948338627815247 50
1774809351606 0.4794272482395172 51
1774809352613 0.46474671363830566 52
1774809353623 0.4578959345817566 53
1774809354662 0.43998560309410095 54
1774809355704 0.4274420142173767 55
1774809356713 0.41427528858184814 56
1774809357726 0.4066355228424072 57
1774809358733 0.3920496702194214 58
1774809359744 0.38478338718414307 59
1774809360751 0.37050876021385193 60
1774809361761 0.3605470061302185 61
1774809362770 0.3517794907093048 62
1774809363780 0.3389047384262085 63
1774809364792 0.33268260955810547 64
1774809365804 0.32356539368629456 65
1774809366816 0.31428268551826477 66
1774809367830 0.304709792137146 67
1774809368842 0.2934390604496002 68
1774809369856 0.28739744424819946 69
