1774809299943 0.050554111369544394 0
1774809300935 0.7093309618278835 1
1774809301898 0.7299904227664523 2
1774809302866 0.7463401286085648 3
1774809303866 0.7539335066356547 4
1774809304866 0.7628950608838418 5
1774809305834 0.773361608975236 6
1774809306803 0.7770556847721987 7
1774809307774 0.7757559173621562 8
1774809308751 0.7823231632234232 9
1774809309742 0.7841017923108496 10
1774809310731 0.7873854152414831 11
1774809311745 0.7985360514434259 12
1774809312760 0.7971678752223287 13
1774809313776 0.8003146805308524 14
1774809314793 0.8030510329730469 15
1774809315811 0.8093446435900944 16
1774809316794 0.8102339581338076 17
1774809317780 0.8195375564372691 18
1774809318765 0.8178957449719524 19
1774809319752 0.8248050348884937 20
1774809320739 0.8280202490080723 21
1774809321730 0.8313722807497606 22
1774809322754 0.8341086331919552 23
1774809323779 0.837665891366808 24
1774809324800 0.8384183882884115 25
1774809325825 0.8417704200300998 26
1774809326855 0.8436858667396361 27
1774809327879 0.8477903954029279 28
1774809328913 0.8488165275687508 29
1774809329941 0.8546312765084143 30
1774809330966 0.8575728553837735 31
1774809331992 0.8616773840470653 32
1774809333019 0.8644821453003146 33
1774809334047 0.8657135038993022 34
1774809335074 0.8679025858530579 35
1774809336102 0.8746750581474894 36
1774809337134 0.8789848132439458 37
1774809338162 0.8794636749213298 38
1774809339194 0.8836366123956766 39
1774809340224 0.887467505814749 40
1774809341259 0.8865781912710358 41
1774809342295 0.8923245313996443 42
1774809343331 0.8917772609112053 43
1774809344366 0.8938295252428513 44
1774809345400 0.8975920098508688 45
1774809346435 0.9001231358598988 46
1774809347471 0.9044328909563552 47
1774809348505 0.9041592557121357 48
1774809349543 0.9113421808728964 49
1774809350578 0.9129155835271583 50
1774809351614 0.9132576275824326 51
1774809352621 0.9203721439321385 52
1774809353630 0.9177042003009988 53
1774809354670 0.9215350937200711 54
1774809355711 0.9281707483923929 55
1774809356721 0.9304282391572034 56
1774809357734 0.9284443836366124 57
1774809358740 0.9347379942536599 58
1774809359752 0.933643453276782 59
1774809360759 0.9377479819400739 60
1774809361769 0.9419209194144206 61
1774809362778 0.9426050075249692 62
1774809363787 0.9446572718566151 63
1774809364800 0.9473936242988097 64
1774809365812 0.9470515802435354 65
1774809366824 0.9485565740867423 66
1774809367838 0.9525242851279245 67
1774809368850 0.954302914215351 68
1774809369865 0.9571076754686003 69
