1774365864053 3.096949786946783 0
1774365865391 2.8653411746171873 1
1774365866899 2.6325075924192642 2
1774365868247 2.363657773283148 3
1774365869646 2.1250394975328466 4
1774365871207 1.9126918110871611 5
1774365872777 1.73220341760787 6
1774365874115 1.5547223303154598 7
1774365875662 1.4093329249173383 8
1774365877002 1.266356473566651 9
1774365878363 1.1624531139181191 10
1774365879891 1.044370983127759 11
1774365881253 0.9322423048654844 12
1774365882760 0.8493651302279323 13
1774365884362 0.7774415124472261 14
1774365885700 0.7190405329938365 15
1774365887061 0.6633848068831247 16
1774365888615 0.623654958136448 17
1774365889981 0.5733436185238152 18
1774365891341 0.5295133674939039 19
1774365892868 0.5019225258885273 20
1774365894436 0.4685721903945601 21
1774365895809 0.4422507222299945 22
1774365897340 0.41273636764680205 23
1774365898686 0.3899283782452985 24
1774365900047 0.36666975623688075 25
1774365901466 0.35463096727619 26
1774365903050 0.33194844857957134 27
1774365904535 0.3142262646169763 28
1774365905860 0.302242939323615 29
1774365907391 0.28663609604092427 30
1774365908748 0.2750541323683529 31
1774365910090 0.26005375457863616 32
1774365911640 0.24816346398080352 33
1774365913015 0.23321187058467516 34
1774365914513 0.22409254574697407 35
1774365916032 0.21553095624529722 36
1774365917412 0.21377935812319657 37
1774365918772 0.20439294240945732 38
1774365920307 0.19704370743143101 39
1774365921661 0.1865654695065016 40
1774365923012 0.18217829316711764 41
1774365924734 0.17785008758905893 42
1774365926106 0.16274598859406508 43
1774365927536 0.16501029243114007 44
1774365929116 0.16066848560974037 45
1774365930477 0.14830245557325877 46
1774365931826 0.15234664795678918 47
1774365933390 0.14436013209443035 48
1774365934783 0.13403240597098026 49
1774365936293 0.13264358711766225 50
1774365937861 0.1283938557415169 51
1774365939207 0.13058328910090233 52
1774365940576 0.12578326950346924 53
1774365942123 0.1230631420404873 54
1774365943472 0.11641856940341626 55
1774365945016 0.11391656567010137 56
1774365946566 0.11267877938520209 57
1774365947921 0.11331591567689474 58
1774365949292 0.11463187539837627 59
1774365950864 0.10297845408599735 60
1774365952247 0.10414807336884789 61
1774365953607 0.1000096612040477 62
1774365955185 0.09626600156589285 63
1774365956710 0.09842934675248642 64
1774365958081 0.09534561322238218 65
1774365959473 0.08805812935563148 66
1774365961085 0.09011102693056273 67
1774365962489 0.09120842400886794 68
1774365964038 0.08838769684845518 69
1774365965384 0.08592616639269868 70
