1774212499268 118.00851345062256 0
1774212502842 86.76313698291779 1
1774212506382 70.12453985214233 2
1774212509843 59.65300464630127 3
1774212513359 55.078641414642334 4
1774212516882 51.14868742227554 5
1774212520347 46.00391888618469 6
1774212523882 42.2650163769722 7
1774212527395 38.18569201231003 8
1774212530965 34.38699960708618 9
1774212534495 31.56460028886795 10
1774212537989 29.4999937415123 11
1774212541502 26.94140362739563 12
1774212545036 26.16752216219902 13
1774212548544 22.83763489127159 14
1774212551987 19.552055805921555 15
1774212555445 19.58342608809471 16
1774212558967 16.898820385336876 17
1774212562521 15.104118153452873 18
1774212565965 14.295743316411972 19
1774212569450 14.238560229539871 20
1774212572899 13.062396734952927 21
1774212576367 11.27355146408081 22
1774212579945 10.060395076870918 23
1774212583457 8.25679250061512 24
1774212586916 9.57591962814331 25
1774212590397 8.014304995536804 26
1774212593958 6.848022066056728 27
1774212597483 6.4033099710941315 28
1774212601018 9.814175873994827 29
1774212604461 7.963485769927502 30
1774212607962 6.737269230186939 31
1774212611461 5.4305486641824245 32
1774212614964 4.444940559566021 33
1774212618443 5.8776989206671715 34
1774212621867 5.110766254365444 35
1774212625296 4.279233045876026 36
1774212628873 3.4479862973093987 37
1774212632346 3.2968689408153296 38
1774212635801 3.077793637290597 39
1774212639203 2.2358638551086187 40
1774212642692 3.0338154062628746 41
1774212646157 2.9623227939009666 42
1774212649641 4.116228358820081 43
1774212653106 5.392301496118307 44
1774212656614 3.572028014808893 45
1774212660208 2.2319457195699215 46
1774212663767 2.0191279305145144 47
