1774277201514 0.49882739212007504 0
1774277201710 0.8515478424015009 1
1774277201887 0.8544793621013134 2
1774277202065 0.862453095684803 3
1774277202252 0.8670262664165104 4
1774277202454 0.8715994371482176 5
1774277202655 0.875 6
1774277202856 0.8833255159474672 7
1774277203058 0.8895403377110694 8
1774277203246 0.8952861163227017 9
1774277203455 0.8985694183864915 10
1774277203654 0.9002110694183865 11
1774277203862 0.9075984990619137 12
1774277204068 0.9120544090056285 13
1774277204275 0.9160412757973734 14
1774277204480 0.9193245778611632 15
1774277204687 0.9201454033771107 16
1774277204897 0.9255393996247655 17
1774277205106 0.9301125703564728 18
1774277205293 0.9349202626641651 19
1774277205480 0.9366791744840526 20
1774277205667 0.9403142589118199 21
1774277205856 0.9421904315196998 22
1774277206049 0.9475844277673546 23
1774277206239 0.9505159474671669 24
1774277206429 0.9525093808630394 25
1774277206620 0.9573170731707317 26
1774277206810 0.960717636022514 27
1774277207001 0.9650562851782364 28
1774277207192 0.9629455909943715 29
1774277207384 0.9662288930581614 30
1774277207576 0.9685741088180112 31
1774277207769 0.9709193245778611 32
