1774145450634 3.0620038033771295 0
1774145452798 2.6691059285303624 1
1774145455103 2.1595090385141607 2
1774145457209 1.7822121897805878 3
1774145459330 1.5001938581336196 4
1774145461666 1.2842114300192227 5
1774145464031 1.1121675862644909 6
1774145466217 0.9672517885031852 7
1774145468614 0.8459243285850063 8
1774145470791 0.7463240027019925 9
1774145472939 0.6496151810077949 10
1774145475285 0.5785389155544975 11
1774145477471 0.5153674696633159 12
1774145479788 0.45634415441962695 13
1774145482160 0.40653855061951866 14
1774145484300 0.3661444849510626 15
1774145486466 0.33205372589706705 16
1774145488843 0.30950866606790367 17
1774145491030 0.2830340258847478 18
1774145493171 0.2493405805834179 19
1774145495373 0.23998919698180504 20
1774145497930 0.21078289361467503 21
1774145500113 0.19189231199839157 22
1774145502475 0.17832117028741346 23
1774145504652 0.16684365485774327 24
1774145506837 0.15882823962954232 25
1774145508997 0.14627823710873802 26
1774145511348 0.14076794757124075 27
1774145513680 0.12586611863350572 28
1774145515833 0.12158321700240962 29
1774145518138 0.11771877615816177 30
1774145520294 0.1052194098463005 31
1774145522445 0.10025458674348318 32
1774145524782 0.09725088259886416 33
1774145526932 0.09337743904040473 34
1774145529099 0.08364717776198152 35
1774145531599 0.08687922309583083 36
