1774356417420 0.1487891640443289 0
1774356426875 0.34936379805718976 1
1774356436230 0.44411000136817624 2
1774356445667 0.5022574907648105 3
1774356455045 0.5275003420440553 4
1774356464491 0.5586263510740184 5
1774356473888 0.5721028868518265 6
1774356483305 0.5883841838828842 7
1774356492689 0.5967984676426323 8
1774356502130 0.5990559584074429 9
1774356511458 0.616089752360104 10
1774356520864 0.6224517717882063 11
1774356530295 0.6382542071418799 12
1774356539690 0.6401696538514161 13
1774356549067 0.6424955534272815 14
1774356558413 0.6481734847448352 15
1774356567896 0.6615132029005336 16
1774356577285 0.667327951840197 17
1774356586670 0.6711588452592694 18
1774356596056 0.6729374743466958 19
1774356605443 0.6700643042823916 20
1774356614864 0.6709536188261048 21
1774356624279 0.6749897386783418 22
1774356633665 0.6797783554521822 23
1774356643073 0.6843617457928581 24
1774356652430 0.690450129976741 25
1774356661805 0.6899028594883021 26
1774356671174 0.6960596524832399 27
1774356680594 0.6930496647968258 28
1774356689999 0.703037351210836 29
1774356699388 0.7046791626761527 30
1774356708833 0.70857846490628 31
1774356718256 0.7127514023806266 32
1774356727599 0.7152141195786017 33
1774356736959 0.7124777671364072 34
1774356746272 0.7177452455876316 35
1774356755675 0.7213025037624846 36
1774356765074 0.7118620878369134 37
1774356774542 0.71856615132029 38
1774356784007 0.720618415651936 39
1774356793398 0.7268436174579286 40
1774356802742 0.7314270077986045 41
1774356812111 0.7299904227664523 42
1774356821518 0.7334792721302503 43
1774356830921 0.7268436174579286 44
1774356840380 0.7340949514297441 45
1774356849820 0.7375153919824874 46
1774356859259 0.7375838007935422 47
1774356868687 0.7355999452729511 48
1774356878078 0.7376522096045971 49
1774356887409 0.7390887946367493 50
1774356896790 0.7406621972910111 51
1774356906177 0.7346422219181831 52
1774356915612 0.7438090025995349 53
1774356925008 0.7483923929402106 54
1774356934429 0.7476398960186071 55
1774356943822 0.7522916951703379 56
1774356953196 0.7517444246818991 57
1774356962652 0.7475030783964974 58
1774356972097 0.7548912299904228 59
1774356981504 0.7570803119441785 60
1774356990907 0.7553016828567519 61
1774357000280 0.7597482555753181 62
1774357009669 0.7552332740456971 63
1774357019107 0.7612532494185251 64
1774357028502 0.7588589410316049 65
1774357037821 0.7654945957039266 66
1774357047226 0.7647420987823231 67
1774357056604 0.7614584758516897 68
1774357066021 0.7625530168285675 69
1774357075410 0.7721986591873033 70
1774357084809 0.7666575454918594 71
1774357094147 0.7626898344506773 72
1774357103552 0.7655630045149815 73
1774357112941 0.7649473252154878 74
1774357122348 0.7672048159802982 75
1774357131835 0.7669311807360788 76
1774357141206 0.7679573129019017 77
1774357150660 0.7611164317964154 78
1774357160050 0.7565330414557395 79
1774357169527 0.7680257217129566 80
1774357178960 0.774387741141059 81
1774357188426 0.7761663702284854 82
