1774570676509 0.537875234521576 0
1774570677643 0.5816135084427767 1
1774570678723 0.6181988742964353 2
1774570679789 0.660764540337711 3
1774570680852 0.6923076923076923 4
1774570681918 0.711655722326454 5
1774570683013 0.7349906191369606 6
1774570684094 0.7538696060037523 7
1774570685155 0.7691135084427767 8
1774570686225 0.7902204502814258 9
1774570687344 0.8054643527204502 10
1774570688412 0.8183630393996247 11
1774570689506 0.8218808630393997 12
1774570690584 0.837828330206379 13
1774570691664 0.850609756097561 14
1774570692729 0.8650328330206379 15
1774570693833 0.859873358348968 16
1774570694901 0.8818011257035647 17
1774570695970 0.8912992495309568 18
1774570697028 0.8986866791744841 19
1774570698093 0.9015009380863039 20
1774570699153 0.9112335834896811 21
1774570700278 0.9136960600375235 22
1774570701344 0.9269465290806754 23
1774570702405 0.9331613508442776 24
1774570703461 0.9369136960600375 25
1774570704525 0.9407833020637899 26
1774570705598 0.9403142589118199 27
1774570706678 0.9471153846153846 28
1774570707766 0.950750469043152 29
1774570708912 0.9559099437148217 30
1774570709988 0.9562617260787992 31
1774570711049 0.9554409005628518 32
1774570712207 0.9598968105065666 33
1774570713362 0.9671669793621013 34
1774570714468 0.9685741088180112 35
1774570715523 0.9678705440900562 36
1774570716589 0.9719746716697936 37
1774570717654 0.975609756097561 38
1774570718753 0.9765478424015009 39
1774570719844 0.9750234521575984 40
1774570720927 0.9774859287054409 41
1774570721996 0.976782363977486 42
1774570723068 0.9726782363977486 43
1774570724147 0.9787757973733584 44
1774570725216 0.9801829268292683 45
1774570726300 0.9814727954971857 46
1774570727372 0.9835834896810507 47
1774570728437 0.9832317073170732 48
1774570729512 0.9856941838649156 49
1774570730658 0.9770168855534709 50
1774570731733 0.984873358348968 51
1774570732882 0.9854596622889306 52
1774570734008 0.9871013133208255 53
1774570735166 0.9852251407129456 54
1774570736254 0.9897983114446529 55
1774570737392 0.987453095684803 56
1774570738501 0.988391181988743 57
1774570739608 0.988391181988743 58
1774570740714 0.9875703564727955 59
1774570741893 0.9887429643527205 60
1774570742969 0.9908536585365854 61
