1774570676506 46.37522429227829 0
1774570677637 45.12947601079941 1
1774570678718 43.28456926345825 2
1774570679786 41.13933843374252 3
1774570680849 39.237613052129745 4
1774570681915 37.63765314221382 5
1774570683009 35.763076424598694 6
1774570684091 34.003760784864426 7
1774570685150 32.7050119638443 8
1774570686220 30.457627773284912 9
1774570687340 29.148588627576828 10
1774570688408 27.35211232304573 11
1774570689501 26.21531793475151 12
1774570690580 24.727281510829926 13
1774570691659 23.02321547269821 14
1774570692725 21.229460075497627 15
1774570693825 22.114861086010933 16
1774570694896 19.49931775033474 17
1774570695966 17.732672452926636 18
1774570697023 16.826987773180008 19
1774570698089 16.0925724953413 20
1774570699148 15.091845408082008 21
1774570700269 13.99316269904375 22
1774570701339 12.580070950090885 23
1774570702400 12.483308784663677 24
1774570703456 11.01960288733244 25
1774570704519 10.489729568362236 26
1774570705592 10.431909389793873 27
1774570706673 9.451543360948563 28
1774570707760 8.737731110304594 29
1774570708902 7.992516692727804 30
1774570709982 7.94672179967165 31
1774570711043 7.663569677621126 32
1774570712198 7.208733946084976 33
1774570713353 6.67271425947547 34
1774570714463 6.013890776783228 35
1774570715518 5.9176258109509945 36
1774570716584 5.2657249346375465 37
1774570717649 4.963425550609827 38
1774570718748 4.9968750942498446 39
1774570719838 4.874038260430098 40
1774570720923 4.435738703235984 41
1774570721991 4.515924638137221 42
1774570723063 5.059835277497768 43
1774570724142 4.220915900543332 44
1774570725211 3.8156794663518667 45
1774570726290 3.559824082069099 46
1774570727367 3.1776623213663697 47
1774570728432 3.6231362163089216 48
1774570729505 3.068640211597085 49
1774570730648 4.521912565454841 50
1774570731727 3.394014375284314 51
1774570732872 2.9529278855770826 52
1774570733998 2.8713861806318164 53
1774570735156 3.1880170153453946 54
1774570736249 2.4299156749621034 55
1774570737385 2.7046975698322058 56
1774570738496 2.7741519012488425 57
1774570739601 2.7204915890470147 58
1774570740708 2.722463019192219 59
1774570741884 2.4165018228814006 60
1774570742963 2.107794244773686 61
