1774130487121 0.8404916524887085 0
1774130487246 0.47814369201660156 1
1774130487358 0.41547858715057373 2
1774130487469 0.38397449254989624 3
1774130487582 0.3618820607662201 4
1774130487692 0.34458380937576294 5
1774130487805 0.328050434589386 6
1774130487924 0.3131393492221832 7
1774130488038 0.29750049114227295 8
1774130488153 0.28377771377563477 9
1774130488267 0.27005428075790405 10
1774130488381 0.25770896673202515 11
1774130488495 0.2433931678533554 12
1774130488609 0.23237574100494385 13
1774130488725 0.21776659786701202 14
1774130488842 0.2065863311290741 15
