1774366896368 3.0951893471516767 0
1774366898529 2.944272405293233 1
1774366900883 2.793154660842213 2
1774366903131 2.4696617707098407 3
1774366905302 2.0829655158077744 4
1774366907636 1.750789436584198 5
1774366910028 1.4869489000114016 6
1774366912184 1.3026185800967554 7
1774366914509 1.1255661852628234 8
1774366916671 0.9820784249552331 9
1774366918848 0.851864230887217 10
1774366921218 0.7526321740022581 11
1774366923418 0.6626952043276411 12
1774366925782 0.590922971278376 13
1774366928155 0.526084825031603 14
1774366930337 0.4748137901567829 15
1774366932526 0.42110426481550706 16
1774366934922 0.3876120548418567 17
1774366937106 0.3523450392283237 18
1774366939313 0.3106854059355646 19
1774366941568 0.28456738483548605 20
1774366944111 0.2575140435639542 21
1774366946259 0.24171300606927235 22
1774366948628 0.2184166045509557 23
1774366950783 0.19306255947762302 24
1774366952922 0.1795616535367188 25
1774366955080 0.16959695533715125 26
1774366957444 0.15485043659804212 27
1774366959743 0.14273730166055612 28
1774366961935 0.13873345620868013 29
1774366964296 0.126236360517576 30
1774366966448 0.11748640082255649 31
1774366968630 0.11004723422254774 32
1774366970964 0.10921393039146124 33
1774366973166 0.1011701913351464 34
1774366975373 0.09665374776899187 35
1774366977898 0.09126592349306407 36
1774366980110 0.08807679588878052 37
