1774213150468 33.3 0
1774213160478 99.8 1
1774213170491 79.0 2
1774213180498 70.8 3
1774213190507 98.8 4
1774213200520 105.5 5
1774213210528 118.0 6
1774213220536 74.0 7
1774213230551 70.8 8
1774213240558 94.4 9
1774213250566 63.2 10
1774213260574 74.4 11
1774213270582 83.0 12
1774213280589 110.8 13
1774213290599 64.2 14
1774213300607 66.7 15
1774213310619 110.4 16
1774213320626 103.3 17
1774213330646 82.2 18
1774213340665 81.0 19
1774213350679 79.9 20
1774213360689 70.1 21
1774213370700 72.5 22
1774213380708 78.5 23
1774213390719 82.6 24
1774213400730 78.0 25
1774213410739 107.2 26
1774213420751 105.0 27
1774213430763 77.1 28
1774213440770 67.2 29
1774213450780 89.0 30
1774213460792 64.2 31
1774213470801 82.5 32
1774213480811 102.2 33
1774213490819 70.5 34
1774213500827 83.1 35
1774213510843 114.3 36
1774213520851 106.3 37
1774213530862 76.9 38
1774213540872 76.9 39
1774213550881 116.3 40
