1773973696200 0.5640243902439024 0
1773973697307 0.6953564727954972 1
1773973698411 0.7652439024390244 2
1773973699516 0.823874296435272 3
1773973700632 0.8699577861163227 4
1773973701728 0.8942307692307693 5
1773973702836 0.9139305816135085 6
1773973703955 0.9271810506566605 7
1773973705084 0.9489915572232646 8
1773973706202 0.9613039399624765 9
1773973707324 0.9692776735459663 10
1773973708442 0.9736163227016885 11
1773973709609 0.9754924953095685 12
1773973710765 0.9833489681050657 13
1773973711889 0.9841697936210131 14
1773973713126 0.9847560975609756 15
1773973714235 0.9887429643527205 16
1773973715371 0.988625703564728 17
1773973716604 0.9861632270168855 18
1773973717725 0.9910881801125704 19
1773973718834 0.9907363977485929 20
1773973719988 0.9914399624765479 21
1773973721114 0.9924953095684803 22
