1773963239518 0.2777534965034965 0
1773963243603 0.5664335664335665 1
1773963247660 0.6929632867132867 2
1773963251737 0.7562281468531469 3
1773963255808 0.8118444055944056 4
1773963259855 0.8464816433566433 5
1773963263923 0.879916958041958 6
1773963267988 0.9026442307692307 7
1773963272104 0.9246066433566433 8
1773963276169 0.931708916083916 9
1773963280287 0.9475524475524476 10
1773963284361 0.9513767482517482 11
1773963288457 0.9594624125874126 12
1773963292536 0.965034965034965 13
1773963296620 0.9690777972027972 14
1773963300731 0.9694055944055944 15
1773963304838 0.9721372377622378 16
1773963308914 0.9739947552447552 17
1773963313002 0.9798951048951049 18
1773963317060 0.9796765734265734 19
1773963321135 0.9783653846153846 20
1773963325202 0.9770541958041958 21
1773963329300 0.9763986013986014 22
1773963333394 0.9784746503496503 23
1773963337495 0.981097027972028 24
1773963341592 0.9784746503496503 25
1773963345681 0.978583916083916 26
1773963349754 0.982736013986014 27
1773963353834 0.9816433566433567 28
1773963357893 0.9809877622377622 29
1773963361990 0.980659965034965 30
