1767881459507 0.8909149765968323 0
1767881460000 0.39686137437820435 1
1767881460502 0.3443138897418976 2
1767881461009 0.31140655279159546 3
1767881461523 0.28795865178108215 4
1767881462031 0.2722177803516388 5
1767881462545 0.2579895853996277 6
1767881463056 0.24583156406879425 7
1767881463563 0.2353980839252472 8
1767881464071 0.2254270762205124 9
1767881464591 0.21499700844287872 10
1767881465304 0.20546789467334747 11
1767881465822 0.19708870351314545 12
1767881466344 0.1885685920715332 13
1767881466873 0.17979906499385834 14
1767881467394 0.1725001037120819 15
1767881467915 0.16473141312599182 16
1767881468437 0.15636791288852692 17
1767881468967 0.14971336722373962 18
1767881469491 0.14259232580661774 19
1767881470012 0.13672514259815216 20
1767881470738 0.12951573729515076 21
1767881471270 0.12365121394395828 22
1767881471833 0.11827833950519562 23
1767881472363 0.1121562272310257 24
1767881472897 0.1068878322839737 25
1767881473428 0.10074926167726517 26
1767881473960 0.09663059562444687 27
1767881474497 0.09170609712600708 28
1767881475030 0.08668795973062515 29
1767881475762 0.08328601717948914 30
1767881476300 0.07875736057758331 31
1767881476855 0.0747913047671318 32
