1774367134230 0.4969512195121951 0
1774367134738 0.5010553470919324 1
1774367135395 0.5032833020637899 2
1774367135898 0.5840759849906192 3
1774367136410 0.6275797373358349 4
1774367137079 0.6457551594746717 5
1774367137580 0.739329268292683 6
1774367138271 0.7796669793621013 7
1774367138772 0.812265478424015 8
1774367139293 0.8314962476547842 9
1774367140130 0.8477954971857411 10
1774367140632 0.8689024390243902 11
1774367141138 0.8823874296435272 12
1774367141807 0.8972795497185742 13
1774367142333 0.9027908067542214 14
1774367142866 0.913109756097561 15
1774367143598 0.9215525328330206 16
1774367144122 0.9302298311444653 17
1774367144621 0.9379690431519699 18
1774367145277 0.9375 19
1774367145776 0.9387898686679175 20
1774367146303 0.9441838649155723 21
1774367147001 0.9494606003752345 22
1774367147685 0.9479362101313321 23
1774367148190 0.950281425891182 24
1774367148870 0.951688555347092 25
1774367149395 0.9540337711069419 26
