1774364768690 3.267378568649292 0
1774364769678 1.8279234170913696 1
1774364770647 1.6789162158966064 2
1774364771611 1.5814051628112793 3
1774364772576 1.4987846612930298 4
1774364773543 1.447016716003418 5
1774364774509 1.3885115385055542 6
1774364775476 1.3391135931015015 7
1774364776481 1.292383074760437 8
1774364777449 1.2621464729309082 9
1774364778430 1.2262240648269653 10
1774364779415 1.1950021982192993 11
1774364780402 1.160369634628296 12
1774364781388 1.1344788074493408 13
1774364782374 1.106297254562378 14
1774364783392 1.074873924255371 15
1774364784413 1.0559022426605225 16
1774364785432 1.0279637575149536 17
1774364786452 0.997554361820221 18
1774364787477 0.9761294722557068 19
1774364788500 0.9528878927230835 20
1774364789523 0.9341808557510376 21
1774364790557 0.9187850952148438 22
1774364791583 0.894696056842804 23
1774364792613 0.8759484887123108 24
1774364793641 0.8539689183235168 25
1774364794668 0.8366203904151917 26
1774364795697 0.8165627717971802 27
1774364796723 0.7994681596755981 28
1774364797752 0.7790752649307251 29
1774364798778 0.7650436162948608 30
1774364799811 0.7429718375205994 31
1774364800839 0.7300479412078857 32
1774364801868 0.7099360227584839 33
1774364802898 0.6972121596336365 34
1774364803925 0.6782362461090088 35
1774364804957 0.6634200811386108 36
1774364805986 0.6468185186386108 37
1774364807022 0.6315075159072876 38
1774364808058 0.6175608038902283 39
1774364809088 0.597941517829895 40
1774364810121 0.5846785306930542 41
1774364811154 0.5660088658332825 42
1774364812195 0.5558287501335144 43
1774364813208 0.5392536520957947 44
1774364814254 0.5254969596862793 45
1774364815290 0.5115855932235718 46
1774364816326 0.49796736240386963 47
1774364817361 0.4884801208972931 48
1774364818395 0.4728507101535797 49
1774364819427 0.4592556059360504 50
1774364820458 0.4460659921169281 51
1774364821459 0.432965487241745 52
1774364822458 0.4211251139640808 53
1774364823463 0.4118257761001587 54
1774364824462 0.3967961370944977 55
1774364825463 0.3846075236797333 56
1774364826468 0.3698473274707794 57
1774364827467 0.359697163105011 58
1774364828469 0.35182464122772217 59
1774364829471 0.34131455421447754 60
1774364830473 0.33446210622787476 61
1774364831477 0.3220568597316742 62
1774364832517 0.3137722909450531 63
1774364833557 0.30465424060821533 64
1774364834598 0.295789510011673 65
1774364835603 0.28565776348114014 66
1774364836610 0.2789979875087738 67
1774364837625 0.2693440318107605 68
1774364838633 0.2607027292251587 69
1774364839640 0.25420311093330383 70
1774364840682 0.2444712072610855 71
1774364841690 0.23587532341480255 72
1774364842699 0.22988039255142212 73
1774364843714 0.22476625442504883 74
1774364844734 0.22041930258274078 75
1774364845756 0.21164065599441528 76
1774364846771 0.20018617808818817 77
1774364847784 0.19745442271232605 78
1774364848797 0.19444622099399567 79
1774364849811 0.18656064569950104 80
1774364850825 0.18345265090465546 81
1774364851842 0.17731378972530365 82
1774364852864 0.1731763780117035 83
1774364853882 0.16471503674983978 84
1774364854909 0.16160880029201508 85
