1774138964593 27.9 0
1774138974600 94.5 1
1774138984607 81.8 2
1774138994619 97.3 3
1774139004631 84.7 4
1774139014642 91.2 5
1774139024658 101.6 6
1774139034673 83.8 7
1774139044687 83.1 8
1774139054695 93.5 9
1774139064706 95.9 10
1774139074718 76.3 11
1774139084725 82.6 12
1774139094734 87.1 13
1774139104741 93.3 14
1774139114747 91.9 15
1774139124754 87.9 16
1774139134762 89.5 17
1774139144770 94.1 18
1774139154778 85.3 19
1774139164784 96.8 20
1774139174798 83.3 21
1774139184805 78.4 22
1774139194812 93.7 23
1774139204819 84.4 24
1774139214826 74.5 25
1774139224833 85.8 26
1774139234865 101.9 27
