1774138964593 42.1 0
1774138974600 142.6 1
1774138984607 123.6 2
1774138994619 146.9 3
1774139004631 127.8 4
1774139014642 137.7 5
1774139024658 153.5 6
1774139034673 126.6 7
1774139044687 125.5 8
1774139054695 141.1 9
1774139064706 144.8 10
1774139074718 115.2 11
1774139084725 124.7 12
1774139094734 131.5 13
1774139104741 140.8 14
1774139114747 138.8 15
1774139124754 132.7 16
1774139134762 135.2 17
1774139144770 142.1 18
1774139154778 128.8 19
1774139164784 146.2 20
1774139174798 125.8 21
1774139184805 118.4 22
1774139194812 141.5 23
1774139204819 127.5 24
1774139214826 112.5 25
1774139224833 129.5 26
1774139234865 153.8 27
