1774274874025 0.5028142589118199 0
1774274874249 0.8408771106941839 1
1774274874431 0.8571763602251408 2
1774274874614 0.8676125703564728 3
1774274874801 0.8748827392120075 4
1774274874988 0.8788696060037523 5
1774274875170 0.8853189493433395 6
1774274875354 0.8883677298311444 7
1774274875538 0.8956378986866792 8
1774274875725 0.8992729831144465 9
1774274875909 0.900562851782364 10
1774274876095 0.9046669793621013 11
1774274876280 0.9097091932457786 12
1774274876467 0.9120544090056285 13
1774274876662 0.9134615384615384 14
1774274876873 0.9192073170731707 15
1774274877082 0.924015009380863 16
1774274877279 0.9267120075046904 17
1774274877492 0.9294090056285178 18
1774274877703 0.9332786116322702 19
1774274877915 0.93656191369606 20
1774274878115 0.9394934333958724 21
1774274878330 0.9412523452157598 22
1774274878552 0.9472326454033771 23
1774274878761 0.9505159474671669 24
1774274878983 0.9528611632270169 25
1774274879185 0.9547373358348968 26
1774274879403 0.9577861163227017 27
1774274879597 0.9620075046904315 28
1774274879794 0.9651735459662288 29
1774274879989 0.9664634146341463 30
1774274880184 0.9691604127579737 31
1774274880380 0.9726782363977486 32
1774274880578 0.9725609756097561 33
1774274880777 0.9733818011257036 34
1774274880979 0.9773686679174484 35
1774274881178 0.9771341463414634 36
1774274881378 0.9783067542213884 37
1774274881578 0.9801829268292683 38
1774274881778 0.9812382739212008 39
1774274881979 0.9827626641651032 40
1774274882181 0.9845215759849906 41
