1773969769213 0.047544123683130386 0
1773969770210 0.7182925160760706 1
1773969771173 0.7443562730879737 2
1773969772137 0.7475714872075523 3
1773969773102 0.7596114379532084 4
1773969774067 0.7708988917772609 5
1773969775034 0.7750034204405527 6
1773969776010 0.7806129429470516 7
1773969776979 0.786974962375154 8
1773969777951 0.7957312901901765 9
1773969778934 0.7980571897660419 10
1773969779914 0.8010671774524559 11
1773969780896 0.8044876180051991 12
1773969781878 0.8045560268162539 13
1773969782861 0.809549870023259 14
1773969783849 0.8103707757559173 15
1773969784875 0.816117115884526 16
1773969785893 0.8174168832945683 17
1773969786910 0.81912710357094 18
1773969787896 0.8243945820221644 19
1773969788882 0.8287727459296758 20
1773969789871 0.8363661239567657 21
1773969790896 0.8380079354220824 22
1773969791920 0.8374606649336435 23
1773969792945 0.8436858667396361 24
1773969793969 0.8456697222602271 25
1773969794993 0.8470378984813244 26
1773969796017 0.8488849363798057 27
1773969797042 0.8540840060199754 28
1773969798066 0.8546996853194692 29
1773969799093 0.8575728553837735 30
1773969800121 0.8629771514571076 31
1773969801148 0.8644821453003146 32
1773969802175 0.8691339444520454 33
1773969803204 0.8737173347927213 34
1773969804232 0.8746066493364345 35
1773969805264 0.8779586810781229 36
1773969806296 0.8796004925434396 37
1773969807333 0.8883568203584622 38
1773969808374 0.8871938705705295 39
1773969809408 0.8892461349021754 40
1773969810444 0.8922561225885894 41
1773969811476 0.8943083869202353 42
1773969812476 0.898960186071966 43
1773969813512 0.9000547270488439 44
1773969814547 0.9035435764126419 45
1773969815586 0.9061431112327267 46
1773969816623 0.9076481050759337 47
1773969817659 0.9109317280065673 48
1773969818697 0.9129839923382131 49
1773969819734 0.9174305650567793 50
1773969820772 0.9191407853331509 51
1773969821808 0.9250923518949241 52
1773969822848 0.9245450814064852 53
1773969823897 0.9283759748255576 54
1773969824911 0.9285812012587221 55
1773969825923 0.9322752770556848 56
1773969826931 0.9326857299220139 57
1773969827939 0.9389793405390614 58
1773969828947 0.9386372964837871 59
1773969829984 0.9409631960596525 60
1773969830987 0.9431522780134082 61
1773969831991 0.9445204542345054 62
1773969832996 0.9469147626214256 63
1773969834001 0.9485565740867423 64
1773969835007 0.9504720207962786 65
1773969836015 0.9521822410726501 66
1773969837023 0.9547817758927349 67
1773969838065 0.956765631413326 68
1773969839078 0.9591599398002463 69
1773969840090 0.9585442605007525 70
1773969841102 0.9627171979750992 71
1773969842110 0.9624435627308797 72
1773969843121 0.9637433301409222 73
1773969844132 0.9660008209057327 74
1773969845155 0.9682583116705432 75
1773969846171 0.9673689971268299 76
1773969847187 0.970857846490628 77
1773969848210 0.9701737583800794 78
1773969849223 0.9716787522232864 79
1773969850239 0.9737994253659872 80
1773969851256 0.9748255575318101 81
1773969852274 0.9764673689971268 82
