1773969769209 3.266310453414917 0
1773969770206 1.8599557876586914 1
1773969771168 1.692269206047058 2
1773969772132 1.5983672142028809 3
1773969773097 1.5269094705581665 4
1773969774063 1.4515085220336914 5
1773969775029 1.4058849811553955 6
1773969776005 1.3646268844604492 7
1773969776974 1.3159992694854736 8
1773969777945 1.2681156396865845 9
1773969778928 1.2409467697143555 10
1773969779908 1.207655906677246 11
1773969780890 1.1731714010238647 12
1773969781872 1.1437814235687256 13
1773969782855 1.1118035316467285 14
1773969783843 1.0915237665176392 15
1773969784869 1.0628199577331543 16
1773969785887 1.0388498306274414 17
1773969786904 1.0177644491195679 18
1773969787890 0.9862645864486694 19
1773969788876 0.9654390811920166 20
1773969789865 0.9434587955474854 21
1773969790890 0.9227450489997864 22
1773969791913 0.9057415723800659 23
1773969792939 0.8833153247833252 24
1773969793963 0.8663497567176819 25
1773969794987 0.8479962944984436 26
1773969796011 0.8265522122383118 27
1773969797036 0.8067926168441772 28
1773969798059 0.7912329435348511 29
1773969799087 0.7740762829780579 30
1773969800114 0.7575836181640625 31
1773969801141 0.7450732588768005 32
1773969802169 0.724035918712616 33
1773969803197 0.7074814438819885 34
1773969804226 0.6921688914299011 35
1773969805257 0.6784812808036804 36
1773969806289 0.6613934636116028 37
1773969807325 0.6430380940437317 38
1773969808367 0.6280813217163086 39
1773969809402 0.6189208626747131 40
1773969810437 0.599796712398529 41
1773969811469 0.5812218189239502 42
1773969812469 0.5721806287765503 43
1773969813505 0.5597060322761536 44
1773969814540 0.5450272560119629 45
1773969815579 0.5280187726020813 46
1773969816616 0.5159790515899658 47
1773969817652 0.5033347010612488 48
1773969818690 0.48721641302108765 49
1773969819726 0.4758313000202179 50
1773969820765 0.4644998610019684 51
1773969821801 0.453850120306015 52
1773969822840 0.4406157433986664 53
1773969823889 0.4232386648654938 54
1773969824903 0.41675862669944763 55
1773969825916 0.4060424268245697 56
1773969826924 0.3949802815914154 57
1773969827932 0.3800226151943207 58
1773969828939 0.3731255531311035 59
1773969829976 0.36056065559387207 60
1773969830979 0.3492421805858612 61
1773969831984 0.3428117632865906 62
1773969832988 0.33081305027008057 63
1773969833993 0.32332152128219604 64
1773969834999 0.31220996379852295 65
1773969836007 0.30602413415908813 66
1773969837015 0.29641658067703247 67
1773969838057 0.2859213948249817 68
1773969839070 0.2773548364639282 69
1773969840082 0.2709725499153137 70
1773969841094 0.2576940059661865 71
1773969842102 0.2551704943180084 72
1773969843113 0.24635961651802063 73
1773969844124 0.2420027256011963 74
1773969845146 0.23001311719417572 75
1773969846163 0.22576621174812317 76
1773969847179 0.21807289123535156 77
1773969848201 0.21639268100261688 78
1773969849215 0.20475590229034424 79
1773969850231 0.20195826888084412 80
1773969851247 0.19696153700351715 81
1773969852265 0.1921326369047165 82
