1774143943705 39.393363147974014 0
1774143944408 33.742765724658966 1
1774143945100 31.40342926979065 2
1774143945795 29.64528003334999 3
1774143946487 28.116712898015976 4
1774143947180 25.398191332817078 5
1774143947867 22.661394387483597 6
1774143948551 19.494410276412964 7
1774143949246 16.58629685640335 8
1774143949949 13.308526635169983 9
1774143950641 11.429824516177177 10
1774143951349 9.265644904226065 11
1774143952043 7.156136263161898 12
1774143952737 6.94953603297472 13
1774143953434 5.677788082510233 14
