1768648778340 0.5104632024453327 0
1768648778465 0.7876792852104397 1
1768648778584 0.8028450505525512 2
1768648778701 0.8131906889254644 3
1768648778817 0.8216553021396661 4
1768648778934 0.8289442746296731 5
1768648779053 0.8324711968022572 6
1768648779174 0.8363508111920996 7
1768648779295 0.8421114507406536 8
1768648779418 0.8463437573477546 9
1768648779541 0.8523395250411474 10
1768648779664 0.8555137549964731 11
1768648779793 0.8612743945450271 12
1768648779914 0.8630378556313191 13
1768648780034 0.8646837526451916 14
1768648780155 0.8706795203385845 15
1768648780275 0.8711497766282624 16
1768648780395 0.8756172113802022 17
1768648780517 0.8784387491182695 18
1768648780639 0.8814954150011757 19
1768648780761 0.8832588760874677 20
1768648780885 0.8859628497531155 21
1768648781010 0.8877263108394075 22
1768648781136 0.8932518222431225 23
1768648781261 0.8964260521984482 24
1768648781387 0.8953679755466729 25
1768648781512 0.8970138725605455 26
