1774216290458 0.0 0
1774216300466 79.0 1
1774216310473 85.0 2
1774216320481 78.0 3
1774216330490 81.0 4
1774216340499 84.0 5
1774216350506 83.0 6
1774216360513 83.0 7
1774216370520 91.0 8
1774216380528 81.0 9
1774216390535 75.0 10
1774216400546 82.0 11
1774216410555 83.0 12
1774216420566 77.0 13
1774216430574 81.0 14
1774216440582 83.0 15
1774216450589 86.0 16
1774216460603 81.0 17
1774216470612 81.0 18
1774216480622 80.0 19
1774216490635 82.0 20
1774216500643 81.0 21
1774216510661 85.0 22
1774216520670 78.0 23
1774216530678 80.0 24
1774216540687 84.0 25
1774216550702 81.0 26
1774216560716 82.0 27
1774216570733 79.0 28
1774216580755 88.0 29
1774216590768 79.0 30
1774216600783 82.0 31
1774216610792 80.0 32
1774216620801 76.0 33
1774216630811 76.0 34
1774216640822 86.0 35
1774216650833 77.0 36
1774216660846 80.0 37
1774216670868 81.0 38
1774216680879 85.0 39
1774216690887 89.0 40
1774216700894 85.0 41
1774216710903 81.0 42
1774216720916 87.0 43
1774216730924 65.0 44
1774216740932 84.0 45
1774216750951 78.0 46
1774216760965 83.0 47
1774216770973 77.0 48
1774216780981 82.0 49
1774216790990 82.0 50
1774216801000 86.0 51
1774216811013 85.0 52
1774216821026 82.0 53
1774216831035 80.0 54
1774216841043 82.0 55
1774216851052 80.0 56
1774216861061 80.0 57
1774216871075 85.0 58
1774216881083 79.0 59
1774216891097 81.0 60
1774216901105 87.0 61
1774216911114 81.0 62
1774216921123 80.0 63
1774216931136 80.0 64
1774216941146 80.0 65
1774216951155 79.0 66
1774216961162 79.0 67
1774216971171 79.0 68
1774216981179 85.0 69
1774216991188 78.0 70
1774217001201 81.0 71
1774217011213 78.0 72
1774217021223 83.0 73
1774217031232 79.0 74
1774217041242 86.0 75
1774217051254 89.0 76
1774217061264 80.0 77
1774217071273 80.0 78
1774217081283 79.0 79
1774217091298 80.0 80
1774217101308 86.0 81
1774217111319 84.0 82
1774217121334 84.0 83
1774217131343 82.0 84
1774217141355 79.0 85
1774217151369 84.0 86
1774217161378 83.0 87
1774217171392 85.0 88
1774217181402 80.0 89
1774217191413 75.0 90
1774217201422 81.0 91
1774217211433 83.0 92
1774217221442 84.0 93
1774217231453 80.0 94
1774217241463 87.0 95
1774217251473 80.0 96
1774217261483 90.0 97
1774217271500 85.0 98
1774217281510 87.0 99
1774217291523 83.0 100
1774217301533 83.0 101
1774217311546 85.0 102
1774217321556 86.0 103
1774217331569 81.0 104
1774217341584 86.0 105
1774217351601 85.0 106
1774217361611 81.0 107
1774217371621 86.0 108
1774217381631 83.0 109
1774217391646 79.0 110
1774217401657 81.0 111
1774217411670 83.0 112
1774217421685 83.0 113
1774217431695 83.0 114
1774217441705 84.0 115
1774217451719 84.0 116
1774217461737 81.0 117
1774217471755 84.0 118
1774217481770 84.0 119
1774217491789 88.0 120
1774217501805 81.0 121
1774217511828 79.0 122
1774217521838 83.0 123
1774217531856 81.0 124
1774217541870 82.0 125
1774217551882 84.0 126
1774217561893 88.0 127
1774217571907 75.0 128
