1774216290458 33.1 0
1774216300466 55.9 1
1774216310473 64.1 2
1774216320481 88.3 3
1774216330490 53.9 4
1774216340499 69.7 5
1774216350506 98.6 6
1774216360513 57.6 7
1774216370520 44.9 8
1774216380528 62.0 9
1774216390535 63.0 10
1774216400546 111.8 11
1774216410555 67.5 12
1774216420566 55.4 13
1774216430574 62.2 14
1774216440582 54.6 15
1774216450589 68.0 16
1774216460603 51.3 17
1774216470612 68.7 18
1774216480622 62.5 19
1774216490635 62.4 20
1774216500643 49.6 21
1774216510661 53.0 22
1774216520670 54.8 23
1774216530678 62.5 24
1774216540687 67.2 25
1774216550702 68.0 26
1774216560716 63.9 27
1774216570733 69.2 28
1774216580755 80.9 29
1774216590768 66.6 30
1774216600783 44.9 31
1774216610792 59.0 32
1774216620801 79.7 33
1774216630811 60.1 34
1774216640822 68.9 35
1774216650833 72.9 36
1774216660846 72.8 37
1774216670868 115.0 38
1774216680879 57.2 39
1774216690887 64.9 40
1774216700894 58.6 41
1774216710903 86.2 42
1774216720916 64.6 43
1774216730924 47.1 44
1774216740932 61.8 45
1774216750951 76.1 46
1774216760965 60.2 47
1774216770973 53.9 48
1774216780981 115.8 49
1774216790990 76.3 50
1774216801000 64.1 51
1774216811013 120.3 52
1774216821026 47.8 53
1774216831035 55.8 54
1774216841043 71.6 55
1774216851052 69.9 56
1774216861061 73.9 57
1774216871075 61.0 58
1774216881083 67.5 59
1774216891097 71.1 60
1774216901105 54.4 61
1774216911114 61.5 62
1774216921123 61.6 63
1774216931136 65.1 64
1774216941146 76.1 65
1774216951155 120.4 66
1774216961162 55.5 67
1774216971171 69.5 68
1774216981179 53.5 69
1774216991188 59.6 70
1774217001201 82.6 71
1774217011213 53.9 72
1774217021223 115.8 73
1774217031232 67.4 74
1774217041242 79.3 75
1774217051254 53.8 76
1774217061264 49.9 77
1774217071273 59.3 78
1774217081283 59.2 79
1774217091298 62.6 80
1774217101308 55.5 81
1774217111319 85.3 82
1774217121334 65.4 83
1774217131343 72.9 84
1774217141355 53.5 85
1774217151369 71.9 86
1774217161378 97.9 87
1774217171392 64.9 88
1774217181402 71.0 89
1774217191413 63.2 90
1774217201422 77.1 91
1774217211433 58.7 92
1774217221442 52.3 93
1774217231453 62.6 94
1774217241463 57.4 95
1774217251473 69.9 96
1774217261483 64.2 97
1774217271500 56.0 98
1774217281510 61.2 99
1774217291523 60.9 100
1774217301533 64.7 101
1774217311546 56.2 102
1774217321556 50.1 103
1774217331569 56.2 104
1774217341584 53.8 105
1774217351601 103.3 106
1774217361611 53.3 107
1774217371621 60.3 108
1774217381631 54.9 109
1774217391646 41.1 110
1774217401657 51.1 111
1774217411670 53.2 112
1774217421685 64.3 113
1774217431695 60.2 114
1774217441705 56.6 115
1774217451719 61.8 116
1774217461737 127.7 117
1774217471755 80.1 118
1774217481770 59.0 119
1774217491789 79.4 120
1774217501805 73.2 121
1774217511828 53.0 122
1774217521838 47.4 123
1774217531856 58.2 124
1774217541870 105.9 125
1774217551882 77.6 126
1774217561893 65.3 127
1774217571907 61.3 128
