1774216290458 33.2 0
1774216300466 36.6 1
1774216310473 36.7 2
1774216320481 37.5 3
1774216330490 37.7 4
1774216340499 39.3 5
1774216350506 37.9 6
1774216360513 37.8 7
1774216370520 37.8 8
1774216380528 37.7 9
1774216390535 37.9 10
1774216400546 37.9 11
1774216410555 37.9 12
1774216420566 37.8 13
1774216430574 37.9 14
1774216440582 37.8 15
1774216450589 37.9 16
1774216460603 38.0 17
1774216470612 39.0 18
1774216480622 37.6 19
1774216490635 37.6 20
1774216500643 37.6 21
1774216510661 37.9 22
1774216520670 37.7 23
1774216530678 37.8 24
1774216540687 38.0 25
1774216550702 37.6 26
1774216560716 37.6 27
1774216570733 37.8 28
1774216580755 37.8 29
1774216590768 37.8 30
1774216600783 38.0 31
1774216610792 37.7 32
1774216620801 37.8 33
1774216630811 37.9 34
1774216640822 37.9 35
1774216650833 37.9 36
1774216660846 37.8 37
1774216670868 37.8 38
1774216680879 37.8 39
1774216690887 38.4 40
1774216700894 39.6 41
1774216710903 37.9 42
1774216720916 37.9 43
1774216730924 37.9 44
1774216740932 37.8 45
1774216750951 38.1 46
1774216760965 38.1 47
1774216770973 38.0 48
1774216780981 37.9 49
1774216790990 38.0 50
1774216801000 38.0 51
1774216811013 38.5 52
1774216821026 38.2 53
1774216831035 38.9 54
1774216841043 37.9 55
1774216851052 37.6 56
1774216861061 37.6 57
1774216871075 37.8 58
1774216881083 37.8 59
1774216891097 37.9 60
1774216901105 37.7 61
1774216911114 37.7 62
1774216921123 37.8 63
1774216931136 37.8 64
1774216941146 37.8 65
1774216951155 37.9 66
1774216961162 38.1 67
1774216971171 37.9 68
1774216981179 37.2 69
1774216991188 37.4 70
1774217001201 37.7 71
1774217011213 37.5 72
1774217021223 37.5 73
1774217031232 37.5 74
1774217041242 37.3 75
1774217051254 37.4 76
1774217061264 39.0 77
1774217071273 37.4 78
1774217081283 37.8 79
1774217091298 37.4 80
1774217101308 37.3 81
1774217111319 37.5 82
1774217121334 37.4 83
1774217131343 37.5 84
1774217141355 37.5 85
1774217151369 37.5 86
1774217161378 37.5 87
1774217171392 37.5 88
1774217181402 37.6 89
1774217191413 38.4 90
1774217201422 37.4 91
1774217211433 37.5 92
1774217221442 37.5 93
1774217231453 37.6 94
1774217241463 37.5 95
1774217251473 37.5 96
1774217261483 37.6 97
1774217271500 37.5 98
1774217281510 37.6 99
1774217291523 37.5 100
1774217301533 37.7 101
1774217311546 37.7 102
1774217321556 37.8 103
1774217331569 37.6 104
1774217341584 37.6 105
1774217351601 37.8 106
1774217361611 37.7 107
1774217371621 37.8 108
1774217381631 37.8 109
1774217391646 37.7 110
1774217401657 37.8 111
1774217411670 37.8 112
1774217421685 39.5 113
1774217431695 37.8 114
1774217441705 37.8 115
1774217451719 37.8 116
1774217461737 37.7 117
1774217471755 38.0 118
1774217481770 38.0 119
1774217491789 38.4 120
1774217501805 38.0 121
1774217511828 37.9 122
1774217521838 38.1 123
1774217531856 38.0 124
1774217541870 38.1 125
1774217551882 39.3 126
1774217561893 38.0 127
1774217571907 38.0 128
