1774135225890 35.413164138793945 0
1774135226496 30.438538312911987 1
1774135227100 27.931328505277634 2
1774135227706 26.818836599588394 3
1774135228309 24.890940755605698 4
1774135228913 23.33669739961624 5
1774135229521 21.3666632771492 6
1774135230126 19.28898186981678 7
1774135230728 16.630121961236 8
1774135231335 14.045849487185478 9
1774135231944 12.128363497555256 10
1774135232553 9.301879055798054 11
1774135233163 7.783477533608675 12
1774135233778 6.339576862752438 13
1774135234403 5.958704572170973 14
1774135235029 4.262369332835078 15
