1774365139946 3.2670066356658936 0
1774365140939 1.8059085607528687 1
1774365141903 1.6728699207305908 2
1774365142866 1.5892456769943237 3
1774365143831 1.5186419486999512 4
1774365144799 1.4552340507507324 5
1774365145768 1.404788613319397 6
1774365146740 1.3637627363204956 7
1774365147716 1.3229960203170776 8
1774365148685 1.288750410079956 9
1774365149664 1.2551501989364624 10
1774365150644 1.2251414060592651 11
1774365151624 1.1984590291976929 12
1774365152608 1.174384593963623 13
1774365153589 1.1504974365234375 14
1774365154571 1.1254675388336182 15
