1767874552872 4522.4 0
1767874562888 4949.4 1
1767874572911 8707.4 2
1767874582923 11442.3 3
1767874592936 8191.0 4
1767874602958 8596.7 5
1767874612983 5609.7 6
1767874623004 11775.5 7
1767874633013 7346.3 8
1767874643024 9871.6 9
1767874653043 5668.3 10
1767874663059 8923.5 11
1767874673069 9547.1 12
1767874683088 5168.4 13
1767874693108 9646.2 14
1767874703123 5800.3 15
1767874713138 8673.9 16
1767874723149 9527.6 17
1767874733159 5291.0 18
1767874743171 5385.6 19
1767874753188 8614.4 20
1767874763203 11249.6 21
1767874773216 9777.7 22
1767874783227 6133.8 23
1767874793239 6760.1 24
1767874803254 10987.8 25
1767874813265 5312.5 26
