1773593051489 2.990981489057041 0
1773593057773 2.797972454909245 1
1773593064088 2.50504363631889 2
1773593070342 2.1634290560861835 3
1773593076627 1.9077298193334113 4
1773593082919 1.7357423725166012 5
1773593089253 1.6277329508428746 6
1773593095598 1.516905270664681 7
1773593101875 1.4376277258138779 8
1773593108185 1.3529446492819475 9
1773593114500 1.3126520623193914 10
1773593120842 1.2512890762336148 11
1773593127214 1.2030894185469536 12
1773593133579 1.1770860981005034 13
1773593139872 1.1349725457904016 14
1773593146229 1.1061457291333125 15
1773593152576 1.0658240563436612 16
1773593158910 1.0595077252417358 17
1773593165233 1.022944190512279 18
1773593171559 1.009169090249206 19
1773593177880 0.9864904494793801 20
1773593184219 0.9654353980180388 21
1773593190583 0.9335964866107915 22
1773593196923 0.9457648051455403 23
1773593203262 0.9223488132153479 24
1773593209609 0.9171940875715588 25
1773593215982 0.8925039447076443 26
1773593222327 0.8661607359058799 27
1773593228640 0.8579204763673304 28
1773593234974 0.8629936537968996 29
1773593241312 0.8537338919002848 30
1773593247710 0.830801232819486 31
1773593254036 0.8255015163043893 32
1773593260394 0.8300179764108532 33
1773593266737 0.8073727203175509 34
1773593273072 0.7875157605119142 35
1773593279442 0.7728236716412409 36
1773593285844 0.7786552343180639 37
1773593292199 0.7956348233223614 38
1773593298605 0.7647879870519508 39
1773593304954 0.7458248907930304 40
1773593311272 0.742907708166464 41
1773593317582 0.7433365313490433 42
1773593323972 0.7336022192809794 43
1773593330343 0.7216723997496045 44
1773593336702 0.7316050305218422 45
1773593343066 0.7304552435989109 46
1773593349397 0.7100194669614691 47
1773593355773 0.7163975296863405 48
1773593362113 0.7072015125964503 49
1773593368508 0.7050849784495388 50
1773593374864 0.7026154980448761 51
1773593381230 0.6928394322422073 52
1773593387591 0.6830120269137281 53
1773593393946 0.6826971300870878 54
1773593400317 0.6724240539386769 55
1773593406688 0.6751737250138738 56
1773593413043 0.6696158355997205 57
1773593419403 0.6680777499166555 58
1773593425765 0.6647942120830898 59
1773593432134 0.6766084863673419 60
1773593438477 0.6516087404646582 61
1773593445023 0.6486433831525577 62
1773593451388 0.641332928745214 63
1773593457771 0.6506372302595282 64
1773593464149 0.6401039163788067 65
1773593470491 0.64605706815991 66
1773593477028 0.6530510369249434 67
1773593483397 0.6324064797612349 68
1773593489789 0.6244393517061271 69
1773593496209 0.6428922447154877 70
