1773593051493 0.07504446572718566 0
1773593057779 0.13702284854289232 1
1773593064093 0.2209604597072103 2
1773593070347 0.3135175810644411 3
1773593076633 0.3926665754549186 4
1773593082924 0.43555889998631825 5
1773593089259 0.4731837460664934 6
1773593095604 0.5090983718702969 7
1773593101880 0.5339991790942673 8
1773593108191 0.5653988233684498 9
1773593114507 0.5729922013955397 10
1773593120848 0.5922150773019564 11
1773593127220 0.6113695443973184 12
1773593133585 0.6176631550143659 13
1773593139879 0.631139690792174 14
1773593146236 0.6368176221097277 15
1773593152583 0.6551511834724313 16
1773593158917 0.656792994937748 17
1773593165239 0.6644547817758928 18
1773593171566 0.6679436311396908 19
1773593177886 0.6756054179778356 20
1773593184226 0.682377890272267 21
1773593190590 0.6911342180872897 22
1773593196930 0.6886715008893145 23
1773593203269 0.6970173758380079 24
1773593209616 0.7005746340128609 25
1773593215989 0.7062525653304146 26
1773593222335 0.7159666165002052 27
1773593228647 0.7166507046107539 28
1773593234981 0.7173347927213025 29
1773593241320 0.7239704473936243 30
1773593247718 0.725680667669996 31
1773593254044 0.7280065672458612 32
1773593260402 0.7263647557805445 33
1773593266745 0.7367628950608839 34
1773593273080 0.7446983171432481 35
1773593279450 0.7423040087563278 36
1773593285852 0.7431933233000411 37
1773593292207 0.7399781091804625 38
1773593298613 0.7461349021754002 39
1773593304963 0.7561909974004651 40
1773593311280 0.7529757832808865 41
1773593317590 0.75625940621152 42
1773593323980 0.7584484881652757 43
1773593330352 0.7655630045149815 44
1773593336710 0.7615268846627445 45
1773593343074 0.7622109727732932 46
1773593349405 0.7686414010124504 47
1773593355782 0.7623477903954029 48
1773593362122 0.7692570803119442 49
1773593368517 0.7653577780818169 50
1773593374873 0.7729511561089069 51
1773593381239 0.7752770556847722 52
1773593387600 0.7770556847721987 53
1773593393955 0.776918867150089 54
1773593400326 0.7794499931591189 55
1773593406697 0.779928854836503 56
1773593413052 0.779928854836503 57
1773593419412 0.7801340812696675 58
1773593425774 0.7835545218224107 59
1773593432143 0.78143384867971 60
1773593438486 0.7878642769188672 61
1773593445032 0.7864961006977699 62
1773593451397 0.7909426734163361 63
1773593457781 0.7898481324394582 64
1773593464159 0.7882747297851963 65
1773593470501 0.7910794910384458 66
1773593477038 0.7862224654535505 67
1773593483408 0.794978793268573 68
1773593489799 0.795457654945957 69
1773593496219 0.7883431385962512 70
