1768648787670 0.8368070721626282 0
1768648787785 0.46534422039985657 1
1768648787894 0.44708171486854553 2
1768648788010 0.431716650724411 3
1768648788126 0.4193837642669678 4
1768648788241 0.40907132625579834 5
1768648788356 0.39917436242103577 6
1768648788475 0.3916183114051819 7
1768648788591 0.38390159606933594 8
1768648788708 0.37613749504089355 9
1768648788827 0.3703395128250122 10
1768648788943 0.36440733075141907 11
1768648789059 0.3578721880912781 12
1768648789183 0.3513382375240326 13
1768648789304 0.3452919125556946 14
1768648789434 0.33908843994140625 15
1768648789557 0.33327287435531616 16
1768648789677 0.3277418315410614 17
1768648789796 0.3225522041320801 18
1768648789915 0.31652703881263733 19
1768648790035 0.3117302656173706 20
1768648790159 0.3068166971206665 21
