1774388061685 0.5077392120075047 0
1774388062191 0.4982410881801126 1
1774388062874 0.49847560975609756 2
1774388063399 0.5010553470919324 3
1774388063885 0.5234521575984991 4
1774388064543 0.6682692307692307 5
1774388065047 0.7553939962476548 6
1774388065761 0.7824812382739212 7
1774388066301 0.788578799249531 8
1774388066807 0.8304409005628518 9
1774388067675 0.8481472795497186 10
1774388068213 0.8651500938086304 11
1774388068725 0.8793386491557224 12
1774388069412 0.8847326454033771 13
1774388069942 0.9002110694183865 14
1774388070470 0.8997420262664165 15
1774388071148 0.9100609756097561 16
1774388071698 0.913578799249531 17
1774388072233 0.9203799249530957 18
1774388072941 0.9241322701688556 19
1774388073494 0.9280018761726079 20
1774388074052 0.9314024390243902 21
1774388074742 0.9345684803001876 22
