1774142507564 3.253861427307129 0
1774142508563 1.8229036331176758 1
1774142509572 1.6653151512145996 2
1774142510544 1.6073403358459473 3
1774142511515 1.5176267623901367 4
1774142512491 1.4500713348388672 5
1774142513472 1.4056096076965332 6
1774142514492 1.3611770868301392 7
1774142515507 1.3109912872314453 8
1774142516492 1.2640337944030762 9
1774142517479 1.235482931137085 10
1774142518467 1.1975551843643188 11
1774142519495 1.1640126705169678 12
1774142520524 1.1396000385284424 13
1774142521551 1.1033234596252441 14
1774142522543 1.0783495903015137 15
1774142523534 1.0545560121536255 16
1774142524561 1.0340280532836914 17
1774142525597 1.0029126405715942 18
1774142526631 0.9813634753227234 19
1774142527662 0.9605880379676819 20
1774142528693 0.9375342726707458 21
1774142529726 0.9210928678512573 22
1774142530758 0.8946875929832458 23
1774142531791 0.8813885450363159 24
1774142532822 0.8576982617378235 25
1774142533853 0.8383476138114929 26
1774142534891 0.8186866044998169 27
1774142535926 0.7985971570014954 28
1774142536964 0.7795151472091675 29
1774142538006 0.7614533305168152 30
1774142539043 0.745457649230957 31
1774142540081 0.7315406203269958 32
1774142541119 0.713672399520874 33
1774142542157 0.6926952004432678 34
1774142543197 0.6799972653388977 35
1774142544240 0.6628355383872986 36
1774142545289 0.6435331702232361 37
1774142546346 0.6239904761314392 38
1774142547399 0.6135655641555786 39
1774142548441 0.5962310433387756 40
1774142549484 0.5858206152915955 41
1774142550528 0.5648600459098816 42
1774142551571 0.554131031036377 43
1774142552613 0.5364359021186829 44
1774142553617 0.5208281874656677 45
1774142554623 0.5116653442382812 46
1774142555663 0.494947224855423 47
1774142556704 0.48112165927886963 48
1774142557744 0.4681835174560547 49
1774142558785 0.4547017216682434 50
1774142559788 0.4431324303150177 51
1774142560796 0.42576614022254944 52
1774142561803 0.4184783399105072 53
1774142562808 0.40711793303489685 54
1774142563852 0.392413854598999 55
1774142564863 0.3814012110233307 56
1774142565877 0.3735038936138153 57
1774142566885 0.360927939414978 58
1774142567897 0.3516683280467987 59
1774142568910 0.33985739946365356 60
1774142569920 0.32977959513664246 61
1774142570932 0.319038063287735 62
1774142571942 0.30804282426834106 63
1774142572953 0.30133986473083496 64
1774142573967 0.2900559902191162 65
1774142574982 0.28817781805992126 66
1774142575999 0.27217957377433777 67
1774142577013 0.26398181915283203 68
1774142578029 0.25850287079811096 69
