1773958338971 0.5397366564777804 0
1773958339216 0.6069833059017165 1
1773958339464 0.6608276510698331 2
1773958339708 0.6982130260992241 3
1773958339956 0.7300728897249 4
1773958340208 0.7541735245708912 5
1773958340455 0.7781565953444627 6
1773958340714 0.7944980014107689 7
1773958340991 0.8100164589701387 8
1773958341242 0.8202445332706325 9
1773958341480 0.8285915824124148 10
1773958341721 0.8335292734540325 11
1773958341969 0.8368210674817775 12
1773958342216 0.8379967082059723 13
1773958342662 0.8462261932753351 14
1773958343122 0.8597460616035739 15
1773958343387 0.8602163178932518 16
1773958343827 0.8612743945450271 17
1773958344083 0.8718551610627792 18
1773958344333 0.8704443921937456 19
1773958344784 0.8691511873971315 20
1773958345037 0.8766752880319775 21
