1774567112741 0.05308523737857436 0
1774567113717 0.5383089341907238 1
1774567114688 0.6339444520454235 2
1774567115637 0.6460528116021343 3
1774567116593 0.7106307292379258 4
1774567117545 0.7461349021754002 5
1774567118499 0.7591325762758243 6
1774567119449 0.7858120125872212 7
1774567120403 0.7931317553700916 8
1774567121358 0.7976467368997127 9
1774567122322 0.8037351210835956 10
1774567123283 0.8066766999589547 11
1774567124244 0.8211793679025858 12
1774567125208 0.8239157203447804 13
1774567126171 0.832672048159803 14
1774567127134 0.83670816801204 15
