1774365228539 3.104297121240822 0
1774365230050 2.7164235221065827 1
1774365231768 2.2373374006558677 2
1774365233301 1.876085467957687 3
1774365234772 1.5645328141837591 4
1774365236452 1.3226325595439223 5
1774365238217 1.125813814451698 6
1774365239782 0.9704565621055189 7
1774365241529 0.8525914646871668 8
1774365243080 0.7629357824281199 9
1774365244626 0.6655053850775591 10
1774365246316 0.584652292033621 11
1774365247878 0.5215745801344374 12
1774365249585 0.4664617904781366 13
1774365251124 0.4255265597402356 14
1774365252864 0.3815170182038763 15
1774365254404 0.3378507050113845 16
1774365255944 0.3145822551316024 17
1774365257672 0.2794963111546676 18
1774365259207 0.25821882967486365 19
1774365260765 0.23984137052492496 20
1774365262625 0.21607891750622749 21
1774365264168 0.19587245160291517 22
1774365265673 0.19100062285912708 23
1774365267412 0.17008612764152428 24
1774365268956 0.15790722881137859 25
1774365270486 0.15077806665284443 26
1774365272227 0.14317089349810247 27
1774365273957 0.13386135381889958 28
1774365275542 0.12796987258412637 29
1774365277298 0.11182240803365033 30
1774365278834 0.10643872845791029 31
1774365280357 0.10335525465225257 32
1774365282064 0.10046416209552696 33
1774365283580 0.09741769411879797 34
1774365285142 0.09055827792903633 35
1774365287022 0.08632016947085464 36
1774365288620 0.08512474003736323 37
1774365290141 0.07917002959969204 38
1774365291861 0.0734580272123399 39
1774365293400 0.07168333829142422 40
1774365294931 0.0709560293985108 41
1774365296703 0.06650968241041638 42
1774365298373 0.0633981822203564 43
1774365299910 0.0636498518201489 44
