1774705028804 33.3 0
1774705038814 76.6 1
1774705048823 78.1 2
1774705058830 88.6 3
1774705068838 78.8 4
1774705078850 88.1 5
1774705088857 79.7 6
1774705098865 87.8 7
1774705108872 79.2 8
1774705118879 77.5 9
1774705128887 92.6 10
1774705138898 80.0 11
1774705148906 77.9 12
1774705158922 87.7 13
1774705168932 78.3 14
1774705178940 77.2 15
1774705188948 84.4 16
1774705198962 78.3 17
1774705208969 66.4 18
1774705218982 80.7 19
1774705228990 73.1 20
1774705238997 93.1 21
1774705249005 76.9 22
1774705259015 83.4 23
1774705269025 76.9 24
1774705279033 87.0 25
1774705289041 88.9 26
1774705299049 76.1 27
1774705309060 77.8 28
1774705319068 82.6 29
1774705329084 72.5 30
1774705339092 79.1 31
1774705349100 74.9 32
1774705359109 84.6 33
1774705369117 89.2 34
1774705379126 80.7 35
1774705389137 94.6 36
1774705399146 94.6 37
1774705409157 77.5 38
1774705419165 82.9 39
1774705429176 74.6 40
1774705439185 101.5 41
1774705449195 99.0 42
1774705459205 78.6 43
1774705469214 66.3 44
1774705479223 74.5 45
1774705489232 76.2 46
1774705499240 91.3 47
1774705509253 67.5 48
1774705519261 76.8 49
1774705529271 79.0 50
1774705539281 85.8 51
1774705549289 79.3 52
1774705559298 76.4 53
1774705569310 75.8 54
1774705579319 76.1 55
1774705589328 78.1 56
1774705599339 84.7 57
1774705609349 81.2 58
1774705619362 83.6 59
1774705629382 94.1 60
1774705639397 67.8 61
1774705649409 67.7 62
1774705659422 79.3 63
1774705669438 82.8 64
1774705679448 86.0 65
1774705689458 79.7 66
1774705699468 78.8 67
1774705709481 90.7 68
1774705719490 79.6 69
1774705729499 75.0 70
1774705739508 84.1 71
1774705749518 75.8 72
1774705759537 95.0 73
1774705769552 71.0 74
1774705779562 77.2 75
1774705789570 83.4 76
1774705799579 88.9 77
1774705809593 79.9 78
1774705819602 81.1 79
1774705829611 77.3 80
1774705839620 81.4 81
1774705849635 76.4 82
1774705859644 89.2 83
1774705869660 78.2 84
1774705879675 76.3 85
1774705889691 77.0 86
1774705899705 70.5 87
1774705909714 65.3 88
1774705919724 73.8 89
1774705929733 79.8 90
1774705939743 77.5 91
1774705949753 79.0 92
1774705959767 76.1 93
1774705969775 78.2 94
1774705979785 81.7 95
1774705989795 92.2 96
1774705999805 85.9 97
1774706009813 76.2 98
1774706019822 77.0 99
1774706029830 77.9 100
1774706039841 81.6 101
1774706049854 76.2 102
