1774705028804 1.6 0
1774705038814 12.0 1
1774705048823 13.3 2
1774705058830 13.3 3
1774705068838 13.3 4
1774705078850 13.3 5
1774705088857 13.3 6
1774705098865 13.3 7
1774705108872 13.3 8
1774705118879 13.3 9
1774705128887 13.3 10
1774705138898 13.3 11
1774705148906 13.3 12
1774705158922 13.3 13
1774705168932 13.3 14
1774705178940 13.3 15
1774705188948 13.3 16
1774705198962 13.3 17
1774705208969 13.3 18
1774705218982 13.3 19
1774705228990 13.3 20
1774705238997 13.3 21
1774705249005 13.3 22
1774705259015 13.3 23
1774705269025 13.3 24
1774705279033 13.3 25
1774705289041 13.3 26
1774705299049 13.3 27
1774705309060 13.3 28
1774705319068 13.3 29
1774705329084 13.3 30
1774705339092 13.3 31
1774705349100 13.3 32
1774705359109 13.3 33
1774705369117 13.3 34
1774705379126 13.3 35
1774705389137 13.3 36
1774705399146 13.3 37
1774705409157 13.3 38
1774705419165 13.3 39
1774705429176 13.3 40
1774705439185 13.3 41
1774705449195 13.3 42
1774705459205 14.6 43
1774705469214 14.6 44
1774705479223 14.6 45
1774705489232 14.6 46
1774705499240 14.6 47
1774705509253 14.6 48
1774705519261 14.6 49
1774705529271 14.6 50
1774705539281 14.6 51
1774705549289 14.6 52
1774705559298 14.6 53
1774705569310 14.6 54
1774705579319 14.6 55
1774705589328 14.6 56
1774705599339 14.6 57
1774705609349 14.6 58
1774705619362 14.6 59
1774705629382 14.6 60
1774705639397 14.6 61
1774705649409 14.6 62
1774705659422 14.6 63
1774705669438 14.6 64
1774705679448 14.6 65
1774705689458 14.6 66
1774705699468 14.6 67
1774705709481 14.6 68
1774705719490 14.6 69
1774705729499 14.6 70
1774705739508 14.6 71
1774705749518 14.6 72
1774705759537 14.6 73
1774705769552 14.6 74
1774705779562 14.6 75
1774705789570 14.6 76
1774705799579 14.6 77
1774705809593 14.6 78
1774705819602 14.6 79
1774705829611 14.6 80
1774705839620 14.6 81
1774705849635 14.6 82
1774705859644 14.6 83
1774705869660 14.6 84
1774705879675 14.6 85
1774705889691 14.6 86
1774705899705 14.6 87
1774705909714 14.6 88
1774705919724 14.6 89
1774705929733 14.6 90
1774705939743 14.6 91
1774705949753 14.6 92
1774705959767 14.6 93
1774705969775 14.6 94
1774705979785 14.6 95
1774705989795 14.6 96
1774705999805 14.6 97
1774706009813 14.6 98
1774706019822 14.6 99
1774706029830 14.6 100
1774706039841 14.6 101
1774706049854 14.6 102
