1774705028804 140.4 0
1774705038814 1031.7 1
1774705048823 1142.9 2
1774705058830 1142.9 3
1774705068838 1142.9 4
1774705078850 1142.9 5
1774705088857 1142.9 6
1774705098865 1142.9 7
1774705108872 1142.9 8
1774705118879 1142.9 9
1774705128887 1142.9 10
1774705138898 1142.9 11
1774705148906 1142.9 12
1774705158922 1145.0 13
1774705168932 1145.0 14
1774705178940 1145.0 15
1774705188948 1145.0 16
1774705198962 1145.0 17
1774705208969 1145.0 18
1774705218982 1145.0 19
1774705228990 1145.0 20
1774705238997 1145.0 21
1774705249005 1145.0 22
1774705259015 1145.0 23
1774705269025 1145.0 24
1774705279033 1145.0 25
1774705289041 1145.0 26
1774705299049 1145.0 27
1774705309060 1145.0 28
1774705319068 1145.0 29
1774705329084 1145.0 30
1774705339092 1145.0 31
1774705349100 1145.0 32
1774705359109 1145.0 33
1774705369117 1145.0 34
1774705379126 1145.0 35
1774705389137 1145.0 36
1774705399146 1145.0 37
1774705409157 1145.0 38
1774705419165 1145.0 39
1774705429176 1145.0 40
1774705439185 1145.0 41
1774705449195 1145.0 42
1774705459205 1258.2 43
1774705469214 1258.2 44
1774705479223 1258.2 45
1774705489232 1258.2 46
1774705499240 1258.2 47
1774705509253 1258.2 48
1774705519261 1258.2 49
1774705529271 1258.2 50
1774705539281 1258.2 51
1774705549289 1258.2 52
1774705559298 1258.2 53
1774705569310 1258.2 54
1774705579319 1258.2 55
1774705589328 1258.2 56
1774705599339 1258.2 57
1774705609349 1258.2 58
1774705619362 1258.2 59
1774705629382 1258.2 60
1774705639397 1258.2 61
1774705649409 1258.2 62
1774705659422 1258.2 63
1774705669438 1258.2 64
1774705679448 1258.2 65
1774705689458 1258.2 66
1774705699468 1258.2 67
1774705709481 1258.2 68
1774705719490 1258.2 69
1774705729499 1258.2 70
1774705739508 1258.2 71
1774705749518 1258.2 72
1774705759537 1258.2 73
1774705769552 1258.2 74
1774705779562 1258.2 75
1774705789570 1258.2 76
1774705799579 1258.2 77
1774705809593 1258.2 78
1774705819602 1258.2 79
1774705829611 1258.2 80
1774705839620 1258.2 81
1774705849635 1258.2 82
1774705859644 1258.2 83
1774705869660 1258.2 84
1774705879675 1258.2 85
1774705889691 1258.2 86
1774705899705 1258.2 87
1774705909714 1258.2 88
1774705919724 1258.2 89
1774705929733 1258.2 90
1774705939743 1258.2 91
1774705949753 1258.2 92
1774705959767 1258.2 93
1774705969775 1258.2 94
1774705979785 1258.2 95
1774705989795 1258.2 96
1774705999805 1258.2 97
1774706009813 1258.2 98
1774706019822 1258.2 99
1774706029830 1258.2 100
1774706039841 1258.2 101
1774706049854 1258.2 102
