1774705028804 22.1 0
1774705038814 50.7 1
1774705048823 51.7 2
1774705058830 58.7 3
1774705068838 52.2 4
1774705078850 58.4 5
1774705088857 52.8 6
1774705098865 58.1 7
1774705108872 52.4 8
1774705118879 51.3 9
1774705128887 61.3 10
1774705138898 52.9 11
1774705148906 51.6 12
1774705158922 58.1 13
1774705168932 51.8 14
1774705178940 51.1 15
1774705188948 55.9 16
1774705198962 51.9 17
1774705208969 44.0 18
1774705218982 53.4 19
1774705228990 48.4 20
1774705238997 61.6 21
1774705249005 50.9 22
1774705259015 55.2 23
1774705269025 51.0 24
1774705279033 57.6 25
1774705289041 58.9 26
1774705299049 50.4 27
1774705309060 51.5 28
1774705319068 54.7 29
1774705329084 48.0 30
1774705339092 52.4 31
1774705349100 49.6 32
1774705359109 56.1 33
1774705369117 59.1 34
1774705379126 53.4 35
1774705389137 62.7 36
1774705399146 62.7 37
1774705409157 51.3 38
1774705419165 54.9 39
1774705429176 49.4 40
1774705439185 67.2 41
1774705449195 65.6 42
1774705459205 52.0 43
1774705469214 43.9 44
1774705479223 49.3 45
1774705489232 50.5 46
1774705499240 60.5 47
1774705509253 44.7 48
1774705519261 50.8 49
1774705529271 52.3 50
1774705539281 56.8 51
1774705549289 52.5 52
1774705559298 50.6 53
1774705569310 50.2 54
1774705579319 50.4 55
1774705589328 51.7 56
1774705599339 56.1 57
1774705609349 53.8 58
1774705619362 55.4 59
1774705629382 62.3 60
1774705639397 44.9 61
1774705649409 44.8 62
1774705659422 52.5 63
1774705669438 54.8 64
1774705679448 57.0 65
1774705689458 52.8 66
1774705699468 52.2 67
1774705709481 60.1 68
1774705719490 52.7 69
1774705729499 49.7 70
1774705739508 55.7 71
1774705749518 50.2 72
1774705759537 62.9 73
1774705769552 47.0 74
1774705779562 51.2 75
1774705789570 55.3 76
1774705799579 58.9 77
1774705809593 52.9 78
1774705819602 53.7 79
1774705829611 51.2 80
1774705839620 53.9 81
1774705849635 50.6 82
1774705859644 59.0 83
1774705869660 51.8 84
1774705879675 50.5 85
1774705889691 51.0 86
1774705899705 46.7 87
1774705909714 43.2 88
1774705919724 48.9 89
1774705929733 52.9 90
1774705939743 51.3 91
1774705949753 52.3 92
1774705959767 50.4 93
1774705969775 51.8 94
1774705979785 54.1 95
1774705989795 61.1 96
1774705999805 56.9 97
1774706009813 50.5 98
1774706019822 51.0 99
1774706029830 51.6 100
1774706039841 54.0 101
1774706049854 50.5 102
