1767877453631 0.5099959747752583 0
1767877462094 0.6850932510398497 1
1767877470307 0.7164900040252248 2
1767877478354 0.7384945659465987 3
1767877486495 0.7507044143298001 4
1767877494559 0.7660002683483161 5
1767877502722 0.7821011673151751 6
1767877510964 0.7886757010599759 7
1767877519179 0.7994096337045485 8
1767877527457 0.8152421843552932 9
1767877535740 0.8218167181000939 10
1767877544252 0.8369783979605528 11
1767877553152 0.8552260834563263 12
1767877561835 0.8654233194686703 13
1767877571523 0.8821950892258151 14
