1767462206743 0.8452861309051514 0
1767462215640 0.47780516743659973 1
1767462223632 0.4552144706249237 2
1767462231821 0.43892648816108704 3
1767462240159 0.42347246408462524 4
1767462248392 0.4118892550468445 5
1767462256642 0.4019862115383148 6
1767462265684 0.3920564353466034 7
1767462274457 0.38346946239471436 8
1767462283525 0.37489157915115356 9
1767462292896 0.36818334460258484 10
1767462302505 0.36003798246383667 11
1767462311012 0.3530657887458801 12
1767462319411 0.34519222378730774 13
1767462327859 0.33840301632881165 14
1767462336294 0.33240529894828796 15
1767462344838 0.3251791000366211 16
1767462353515 0.3212457299232483 17
1767462362355 0.31440722942352295 18
1767462370986 0.31042054295539856 19
