1774364299672 0.6362570356472795 0
1774364300588 0.7410881801125704 1
1774364301509 0.7480065666041276 2
1774364302373 0.7590290806754222 3
1774364303313 0.7689962476547842 4
1774364304218 0.7680581613508443 5
1774364305082 0.7781425891181989 6
1774364305941 0.7799015009380863 7
1774364306896 0.7889305816135085 8
1774364307790 0.7913930581613509 9
1774364308658 0.7939727954971857 10
1774364309533 0.8060506566604128 11
1774364310415 0.8033536585365854 12
1774364311383 0.8161350844277674 13
1774364312271 0.8112101313320825 14
1774364313148 0.825984990619137 15
1774364314018 0.8251641651031895 16
1774364314900 0.8255159474671669 17
1774364315768 0.8321998123827392 18
1774364316749 0.8420497185741088 19
1774364317662 0.8458020637898687 20
1774364318575 0.8526031894934334 21
1774364319465 0.8567073170731707 22
1774364320406 0.8584662288930581 23
1774364321360 0.8676125703564728 24
1774364322251 0.8679643527204502 25
1774364323116 0.874765478424015 26
1774364324071 0.8771106941838649 27
1774364324934 0.8849671669793621 28
1774364325885 0.8813320825515948 29
1774364326830 0.888484990619137 30
1774364327698 0.8883677298311444 31
1774364328617 0.8946998123827392 32
1774364329504 0.8975140712945591 33
1774364330376 0.9025562851782364 34
1774364331284 0.9004455909943715 35
1774364332185 0.9044324577861164 36
1774364333089 0.9063086303939962 37
1774364333958 0.9125234521575984 38
1774364334873 0.9151031894934334 39
1774364335765 0.9185037523452158 40
1774364336636 0.9143996247654784 41
1774364337539 0.9202626641651032 42
1774364338430 0.9179174484052532 43
