1774783502717 6.7 0
1774783512728 83.8 1
1774783522742 91.9 2
1774783532747 80.9 3
1774783542754 76.2 4
1774783552766 72.6 5
1774783562773 79.8 6
1774783572780 72.5 7
1774783582788 79.3 8
1774783592796 85.8 9
1774783602808 72.6 10
1774783612815 76.6 11
1774783622821 80.2 12
1774783632829 81.2 13
1774783642837 87.4 14
1774783652845 74.5 15
1774783662860 78.3 16
1774783672876 103.5 17
1774783682887 79.3 18
1774783692893 89.7 19
1774783702900 98.5 20
1774783712912 78.0 21
1774783722923 80.6 22
1774783732930 77.9 23
1774783742937 84.4 24
1774783752948 78.0 25
1774783762958 87.9 26
1774783772966 77.7 27
1774783782979 76.2 28
1774783792988 77.8 29
1774783803005 94.5 30
1774783813014 93.9 31
1774783823021 77.6 32
1774783833028 80.0 33
1774783843042 96.6 34
1774783853049 75.0 35
1774783863056 101.4 36
1774783873068 85.6 37
1774783883076 79.8 38
1774783893090 72.8 39
1774783903098 77.5 40
1774783913106 78.3 41
1774783923115 80.6 42
1774783933122 85.5 43
1774783943135 77.4 44
1774783953142 80.0 45
1774783963150 87.5 46
1774783973160 83.6 47
1774783983172 75.5 48
1774783993180 78.3 49
1774784003188 77.0 50
1774784013197 102.4 51
1774784023205 73.6 52
1774784033220 76.5 53
1774784043228 81.1 54
1774784053238 78.7 55
1774784063248 80.0 56
1774784073259 79.9 57
1774784083268 78.8 58
1774784093275 75.1 59
1774784103298 98.0 60
1774784113312 75.3 61
1774784123327 87.7 62
1774784133347 97.4 63
1774784143356 87.0 64
1774784153364 74.9 65
1774784163373 78.4 66
1774784173388 85.4 67
1774784183398 79.7 68
1774784193408 77.9 69
1774784203416 79.7 70
1774784213428 82.7 71
1774784223436 75.3 72
1774784233445 80.3 73
1774784243453 77.6 74
1774784253464 79.6 75
1774784263473 80.1 76
1774784273482 89.5 77
1774784283491 76.2 78
1774784293502 86.6 79
1774784303513 89.1 80
1774784313522 80.3 81
1774784323531 74.8 82
1774784333550 89.0 83
1774784343560 80.1 84
1774784353569 74.1 85
1774784363583 77.6 86
1774784373594 86.5 87
1774784383604 81.0 88
1774784393613 80.9 89
1774784403630 77.7 90
1774784413641 98.4 91
1774784423653 78.0 92
1774784433662 76.3 93
1774784443677 82.4 94
1774784453686 77.2 95
1774784463695 82.5 96
1774784473705 75.0 97
1774784483714 83.5 98
1774784493731 79.3 99
1774784503740 103.6 100
1774784513762 85.7 101
