1768606202253 120.23855876922607 0
1768606212752 93.39458918571472 1
1768606223434 79.60501039028168 2
1768606233974 72.29376006126404 3
1768606244402 66.25074219703674 4
1768606255159 64.59808897972107 5
1768606265635 57.67340564727783 6
1768606276277 53.443923592567444 7
1768606286824 50.188610672950745 8
1768606297285 46.76939386129379 9
1768606307947 45.75607132911682 10
1768606318603 43.390887558460236 11
1768606329141 39.3626646399498 12
1768606339729 37.32705217599869 13
1768606350286 36.06827509403229 14
1768606360892 35.565953731536865 15
1768606371455 32.3537592291832 16
1768606382005 29.35511475801468 17
1768606392689 28.823558300733566 18
1768606403097 26.579429030418396 19
1768606413765 25.98208785057068 20
1768606424228 24.285502523183823 21
1768606434812 21.849831610918045 22
1768606445324 22.601594120264053 23
1768606455897 20.77639952301979 24
1768606466457 19.379151195287704 25
1768606476827 19.45802380144596 26
1768606487522 17.36643061041832 27
1768606498076 14.609596967697144 28
1768606508567 14.207019686698914 29
1768606519228 13.693062976002693 30
1768606529676 11.601893126964569 31
1768606540188 12.048419192433357 32
1768606550818 12.344279915094376 33
1768606561344 11.29446867108345 34
1768606571871 10.048036128282547 35
1768606582536 8.262105882167816 36
1768606593159 9.947876311838627 37
1768606603799 9.28942696750164 38
