1768621096335 0.0 0
1768621106344 1.519148999999743 1
1768621116362 1.9840499999991152 2
1768621126372 3.4798489999993762 3
1768621136382 4.960341999998491 4
1768621146413 5.393873999999414 5
1768621156423 6.86416300000019 6
1768621166435 8.326990999999907 7
1768621176443 8.770219999998517 8
1768621186455 10.204912999999578 9
1768621196486 11.672099999999773 10
1768621206496 12.10911699999997 11
1768621216519 13.581261999999697 12
1768621226528 15.060097999999925 13
1768621236537 15.534779999999955 14
