1768621096335 0.0 0
1768621106344 1.499286000000211 1
1768621116362 1.9642490000005637 2
1768621126372 3.3887660000000324 3
1768621136382 4.869196999999986 4
1768621146413 5.302541000000929 5
1768621156423 6.772768000000724 6
1768621166435 8.235533999999461 7
1768621176443 8.678626999999324 8
1768621186455 10.099120999999286 9
1768621196486 11.56547800000044 10
1768621206496 12.00193500000023 11
1768621216519 13.473954999999478 12
1768621226528 14.951968999999735 13
1768621236537 15.426207000000431 14
