1774201559150 39.09330317378044 0
1774201559474 33.071284890174866 1
1774201559779 31.456265062093735 2
1774201560106 30.713084638118744 3
1774201560426 28.431818068027496 4
1774201560748 26.58196422457695 5
1774201561103 23.99692863225937 6
1774201561472 22.036034002900124 7
1774201561804 18.31008394062519 8
1774201562111 15.12337638437748 9
1774201562422 12.147348821163177 10
1774201562734 9.013207107782364 11
1774201563051 7.904819630086422 12
1774201563365 5.647423667833209 13
1774201563729 5.042547665536404 14
1774201564049 4.828368172049522 15
1774201564364 4.173002395778894 16
1774201564703 3.5589647628366947 17
1774201565016 2.3451239708811045 18
