1774201559154 0.6881025158711498 0
1774201559478 0.7547613449329885 1
1774201559782 0.7723959557959088 2
1774201560112 0.7763931342581707 3
1774201560432 0.7982600517281918 4
1774201560753 0.8175405596049847 5
1774201561111 0.8384669644956502 6
1774201561479 0.8544556783446978 7
1774201561808 0.8851399012461791 8
1774201562115 0.9092405360921703 9
1774201562428 0.9314601457794498 10
1774201562738 0.9479191159181755 11
1774201563055 0.9581471902186691 12
1774201563371 0.9720197507641665 13
1774201563737 0.9728426992711028 14
1774201564053 0.9728426992711028 15
1774201564368 0.9800141076886904 16
1774201564709 0.9821302609922408 17
1774201565020 0.988713849047731 18
