1774353180364 0.05271828665568369 0
1774353180846 0.7528830313014827 1
1774353181336 0.8083470620538166 2
1774353181821 0.8165842943437671 3
1774353182286 0.8374519494783086 4
1774353182756 0.8539264140582098 5
1774353183254 0.8555738605161999 6
1774353183750 0.8555738605161999 7
1774353184244 0.8682042833607908 8
1774353184713 0.8676551345414607 9
1774353185222 0.8775398132894014 10
1774353185688 0.8901702361339923 11
1774353186157 0.9011532125205931 12
1774353186648 0.8945634266886326 13
1774353187145 0.9038989566172433 14
1774353187638 0.9165293794618341 15
1774353188110 0.9170785282811642 16
1774353188578 0.9198242723778144 17
1774353189050 0.9275123558484349 18
1774353189549 0.9352004393190555 19
1774353190061 0.9390444810543658 20
1774353190570 0.9401427786930258 21
1774353191055 0.9445359692476661 22
1774353191540 0.9516749038989566 23
1774353192029 0.9522240527182867 24
1774353192543 0.9544206479956068 25
1774353193054 0.9654036243822076 26
1774353193566 0.9604612850082372 27
1774353194081 0.9692476661175179 28
1774353194597 0.9719934102141681 29
1774353195109 0.9780340472267984 30
1774353195622 0.971444261394838 31
1774353196134 0.9796814936847886 32
1774353196621 0.9818780889621087 33
1774353197110 0.9884678747940692 34
1774353197627 0.9879187259747392 35
1774353198142 0.9895661724327293 36
1774353198662 0.9939593629873695 37
1774353199186 0.9934102141680395 38
1774353199712 0.9906644700713894 39
1774353200235 0.9912136188907194 40
1774353200755 0.9950576606260296 41
1774353201278 0.9945085118066996 42
1774353201800 0.9972542559033498 43
1774353202319 0.9972542559033498 44
1774353202842 0.9961559582646897 45
1774353203364 0.99945085118067 46
1774353203883 0.9972542559033498 47
1774353204409 0.9983525535420099 48
1774353204935 0.9972542559033498 49
1774353205463 1.0 50
1774353205993 1.0 51
1774353206527 0.9972542559033498 52
1774353207053 0.99945085118067 53
1774353207576 0.99945085118067 54
1774353208105 1.0 55
1774353208619 0.99945085118067 56
1774353209165 0.9989017023613399 57
1774353209699 0.99945085118067 58
1774353210205 1.0 59
1774353210712 0.99945085118067 60
1774353211217 1.0 61
1774353211726 0.99945085118067 62
1774353212231 1.0 63
1774353212738 0.99945085118067 64
1774353213244 0.9989017023613399 65
1774353213750 0.99945085118067 66
1774353214281 0.99945085118067 67
1774353214786 0.99945085118067 68
1774353215295 0.99945085118067 69
1774353215835 1.0 70
1774353216348 1.0 71
1774353216866 1.0 72
1774353217385 0.99945085118067 73
1774353217909 1.0 74
1774353218428 1.0 75
1774353218941 0.99945085118067 76
1774353219455 1.0 77
1774353219970 1.0 78
1774353220492 1.0 79
1774353221014 1.0 80
1774353221527 1.0 81
1774353222042 1.0 82
1774353222583 1.0 83
1774353223101 1.0 84
1774353223619 1.0 85
1774353224143 1.0 86
1774353224666 1.0 87
1774353225188 1.0 88
1774353225709 1.0 89
1774353226232 1.0 90
1774353226752 1.0 91
1774353227271 1.0 92
1774353227789 1.0 93
1774353228311 1.0 94
1774353228837 0.99945085118067 95
1774353229365 1.0 96
1774353229898 1.0 97
