1774573197601 22.0 0
1774573207616 51.2 1
1774573217630 60.5 2
1774573227637 52.4 3
1774573237643 53.9 4
1774573247653 57.7 5
1774573257660 62.5 6
1774573267667 49.6 7
1774573277678 53.7 8
1774573287687 61.4 9
1774573297694 70.4 10
1774573307700 53.9 11
1774573317708 52.9 12
1774573327715 52.2 13
1774573337727 51.3 14
1774573347738 54.5 15
1774573357745 49.0 16
1774573367753 55.4 17
1774573377760 52.7 18
1774573387769 50.5 19
1774573397777 60.9 20
1774573407786 52.9 21
1774573417793 52.3 22
1774573427807 62.9 23
1774573437814 53.4 24
1774573447833 59.1 25
1774573457841 53.7 26
1774573467849 51.2 27
1774573477856 56.4 28
1774573487868 51.2 29
1774573497875 53.0 30
1774573507887 52.9 31
1774573517898 55.6 32
1774573527905 54.0 33
1774573537913 52.9 34
1774573547923 39.4 35
1774573557937 57.7 36
1774573567946 50.3 37
1774573577954 51.2 38
1774573587965 50.0 39
1774573597973 53.0 40
1774573607981 67.3 41
1774573617989 48.7 42
1774573628000 52.8 43
1774573638009 61.8 44
1774573648016 52.1 45
1774573658024 50.4 46
1774573668032 53.6 47
1774573678041 51.2 48
1774573688051 53.0 49
1774573698068 56.6 50
1774573708076 51.9 51
1774573718084 52.9 52
1774573728092 52.9 53
1774573738102 51.3 54
1774573748112 45.9 55
1774573758120 43.2 56
1774573768128 53.1 57
1774573778136 42.4 58
1774573788144 59.8 59
1774573798154 52.4 60
1774573808164 52.6 61
1774573818173 50.5 62
1774573828189 53.5 63
1774573838199 40.8 64
1774573848207 52.2 65
1774573858219 51.8 66
1774573868227 55.5 67
1774573878235 52.5 68
1774573888244 53.3 69
1774573898254 43.9 70
1774573908266 49.7 71
1774573918281 51.7 72
1774573928298 52.3 73
1774573938316 63.3 74
1774573948324 51.2 75
1774573958339 58.7 76
1774573968353 57.8 77
1774573978362 53.0 78
1774573988371 62.9 79
1774573998391 51.4 80
1774574008403 45.0 81
1774574018415 52.9 82
1774574028438 50.9 83
1774574038457 61.4 84
1774574048477 63.7 85
1774574058488 50.6 86
1774574068502 67.4 87
1774574078513 52.8 88
1774574088528 59.9 89
1774574098536 53.9 90
1774574108549 44.7 91
1774574118568 57.4 92
1774574128584 52.2 93
1774574138594 64.1 94
