1774573197601 0.0 0
1774573207616 94.0 1
1774573217630 94.0 2
1774573227637 93.0 3
1774573237643 94.0 4
1774573247653 91.0 5
1774573257660 91.0 6
1774573267667 91.0 7
1774573277678 92.0 8
1774573287687 92.0 9
1774573297694 94.0 10
1774573307700 94.0 11
1774573317708 92.0 12
1774573327715 94.0 13
1774573337727 94.0 14
1774573347738 92.0 15
1774573357745 94.0 16
1774573367753 94.0 17
1774573377760 93.0 18
1774573387769 94.0 19
1774573397777 94.0 20
1774573407786 94.0 21
1774573417793 92.0 22
1774573427807 94.0 23
1774573437814 91.0 24
1774573447833 93.0 25
1774573457841 94.0 26
1774573467849 94.0 27
1774573477856 75.0 28
1774573487868 91.0 29
1774573497875 93.0 30
1774573507887 92.0 31
1774573517898 89.0 32
1774573527905 95.0 33
1774573537913 94.0 34
1774573547923 92.0 35
1774573557937 93.0 36
1774573567946 94.0 37
1774573577954 93.0 38
1774573587965 92.0 39
1774573597973 94.0 40
1774573607981 94.0 41
1774573617989 94.0 42
1774573628000 94.0 43
1774573638009 94.0 44
1774573648016 94.0 45
1774573658024 94.0 46
1774573668032 92.0 47
1774573678041 94.0 48
1774573688051 92.0 49
1774573698068 92.0 50
1774573708076 95.0 51
1774573718084 93.0 52
1774573728092 94.0 53
1774573738102 92.0 54
1774573748112 94.0 55
1774573758120 93.0 56
1774573768128 93.0 57
1774573778136 94.0 58
1774573788144 93.0 59
1774573798154 94.0 60
1774573808164 92.0 61
1774573818173 93.0 62
1774573828189 91.0 63
1774573838199 94.0 64
1774573848207 94.0 65
1774573858219 93.0 66
1774573868227 93.0 67
1774573878235 94.0 68
1774573888244 94.0 69
1774573898254 94.0 70
1774573908266 94.0 71
1774573918281 94.0 72
1774573928298 91.0 73
1774573938316 93.0 74
1774573948324 91.0 75
1774573958339 92.0 76
1774573968353 91.0 77
1774573978362 94.0 78
1774573988371 94.0 79
1774573998391 94.0 80
1774574008403 94.0 81
1774574018415 94.0 82
1774574028438 91.0 83
1774574038457 94.0 84
1774574048477 93.0 85
1774574058488 94.0 86
1774574068502 93.0 87
1774574078513 94.0 88
1774574088528 92.0 89
1774574098536 94.0 90
1774574108549 94.0 91
1774574118568 93.0 92
1774574128584 94.0 93
1774574138594 94.0 94
