1774573197601 17.6 0
1774573207616 20.8 1
1774573217630 21.2 2
1774573227637 21.4 3
1774573237643 21.3 4
1774573247653 21.3 5
1774573257660 21.3 6
1774573267667 21.3 7
1774573277678 21.4 8
1774573287687 21.3 9
1774573297694 22.4 10
1774573307700 21.4 11
1774573317708 21.4 12
1774573327715 21.3 13
1774573337727 21.4 14
1774573347738 21.4 15
1774573357745 21.4 16
1774573367753 21.3 17
1774573377760 21.3 18
1774573387769 21.3 19
1774573397777 21.4 20
1774573407786 21.4 21
1774573417793 21.4 22
1774573427807 22.2 23
1774573437814 21.4 24
1774573447833 21.4 25
1774573457841 21.4 26
1774573467849 21.4 27
1774573477856 21.4 28
1774573487868 21.5 29
1774573497875 21.4 30
1774573507887 21.4 31
1774573517898 21.4 32
1774573527905 21.4 33
1774573537913 21.4 34
1774573547923 21.4 35
1774573557937 22.1 36
1774573567946 21.4 37
1774573577954 21.4 38
1774573587965 21.5 39
1774573597973 21.5 40
1774573607981 21.4 41
1774573617989 21.4 42
1774573628000 21.4 43
1774573638009 21.4 44
1774573648016 21.5 45
1774573658024 21.4 46
1774573668032 21.4 47
1774573678041 21.4 48
1774573688051 21.7 49
1774573698068 21.5 50
1774573708076 21.4 51
1774573718084 21.4 52
1774573728092 21.5 53
1774573738102 21.5 54
1774573748112 21.5 55
1774573758120 21.4 56
1774573768128 21.5 57
1774573778136 21.5 58
1774573788144 23.1 59
1774573798154 21.5 60
1774573808164 21.8 61
1774573818173 21.5 62
1774573828189 21.5 63
1774573838199 21.4 64
1774573848207 21.5 65
1774573858219 21.4 66
1774573868227 21.5 67
1774573878235 21.5 68
1774573888244 21.5 69
1774573898254 21.5 70
1774573908266 21.5 71
1774573918281 23.1 72
1774573928298 21.5 73
1774573938316 21.7 74
1774573948324 21.5 75
1774573958339 21.4 76
1774573968353 21.4 77
1774573978362 21.5 78
1774573988371 21.5 79
1774573998391 21.4 80
1774574008403 21.4 81
1774574018415 21.5 82
1774574028438 21.4 83
1774574038457 21.5 84
1774574048477 23.1 85
1774574058488 21.5 86
1774574068502 21.5 87
1774574078513 21.5 88
1774574088528 21.5 89
1774574098536 21.5 90
1774574108549 21.5 91
1774574118568 21.6 92
1774574128584 21.5 93
1774574138594 21.5 94
