1767872605794 0.0 0
1767872615806 45.1 1
1767872625816 45.3 2
1767872635823 46.5 3
1767872645831 44.5 4
1767872655845 46.8 5
1767872665858 48.8 6
1767872675871 50.2 7
1767872685883 46.7 8
1767872695894 46.0 9
1767872705906 47.5 10
1767872715918 47.4 11
1767872725930 47.7 12
1767872735943 46.7 13
1767872745956 46.9 14
1767872755968 45.9 15
1767872765984 48.8 16
1767872776005 46.6 17
1767872786019 48.5 18
1767872796030 50.6 19
1767872806048 51.3 20
1767872816063 50.7 21
1767872826265 52.9 22
1767872836277 46.5 23
1767872846290 45.5 24
1767872856303 48.7 25
1767872866316 44.7 26
1767872876328 47.5 27
1767872886341 46.2 28
1767872896355 46.9 29
1767872906373 45.9 30
1767872916389 48.0 31
1767872926405 45.4 32
1767872936419 46.0 33
1767872946432 45.1 34
1767872956452 46.1 35
1767872966469 46.4 36
1767872976490 45.4 37
1767872986507 46.7 38
1767872996523 45.7 39
1767873006537 45.2 40
1767873016550 47.0 41
1767873026564 44.0 42
1767873036581 46.3 43
1767873046597 46.3 44
1767873056611 45.3 45
1767873066625 45.9 46
1767873076641 46.0 47
1767873086656 46.1 48
1767873096678 45.9 49
1767873106698 46.7 50
1767873116711 45.2 51
1767873126931 45.8 52
1767873136945 46.0 53
1767873146965 46.5 54
1767873156990 45.6 55
1767873167008 46.3 56
1767873177032 45.8 57
1767873187051 46.1 58
1767873197065 46.0 59
1767873207083 46.8 60
1767873217100 45.5 61
1767873227114 46.5 62
1767873237129 44.8 63
1767873247143 46.3 64
1767873257159 47.0 65
1767873267178 45.5 66
1767873277195 45.3 67
1767873287210 46.3 68
1767873297454 45.2 69
1767873307471 47.3 70
1767873317485 44.7 71
1767873327500 45.6 72
1767873337514 47.0 73
1767873347529 45.8 74
1767873357543 45.9 75
1767873367559 45.0 76
1767873377575 46.0 77
1767873387586 46.8 78
1767873397600 45.5 79
1767873407616 45.9 80
1767873417627 46.6 81
1767873427641 45.1 82
1767873437660 45.9 83
1767873447672 46.1 84
1767873457678 46.3 85
1767873467692 45.7 86
1767873477702 45.6 87
1767873487715 46.2 88
1767873497731 47.8 89
1767873507747 49.2 90
1767873517761 49.4 91
1767873527776 47.5 92
1767873537792 49.0 93
1767873547818 48.4 94
1767873557835 48.0 95
1767873567856 46.6 96
1767873577867 46.4 97
1767873587890 46.0 98
1767873597903 44.9 99
1767873607914 47.5 100
1767873617929 44.2 101
1767873627950 46.7 102
1767873637973 45.4 103
1767873647993 45.6 104
1767873658017 44.6 105
1767873668035 47.0 106
1767873678057 44.6 107
1767873688069 45.2 108
1767873698082 46.6 109
1767873708098 45.5 110
1767873718108 45.2 111
1767873728119 45.5 112
1767873738146 46.8 113
1767873748162 44.7 114
1767873758182 47.0 115
1767873768199 45.6 116
1767873778216 44.8 117
1767873788233 46.4 118
1767873798249 45.5 119
1767873808269 46.0 120
1767873818293 45.5 121
1767873828560 46.5 122
1767873838566 44.4 123
1767873848580 45.0 124
1767873858597 45.9 125
1767873868616 44.9 126
1767873878633 45.6 127
1767873888652 46.1 128
1767873898671 45.2 129
1767873908697 45.3 130
1767873918718 46.1 131
1767873928747 45.3 132
1767873938767 45.3 133
1767873948784 45.6 134
1767873958797 46.2 135
1767873968822 45.2 136
1767873978841 46.6 137
1767873988859 45.4 138
1767873998887 46.1 139
1767874008908 44.5 140
1767874018929 46.5 141
1767874028948 44.5 142
1767874038967 46.6 143
1767874049261 44.3 144
1767874059287 47.4 145
