1767872605794 10.6 0
1767872615806 15.2 1
1767872625816 13.0 2
1767872635823 31.9 3
1767872645831 15.4 4
1767872655845 26.2 5
1767872665858 17.6 6
1767872675871 32.5 7
1767872685883 27.0 8
1767872695894 17.6 9
1767872705906 15.7 10
1767872715918 19.9 11
1767872725930 27.0 12
1767872735943 17.4 13
1767872745956 27.9 14
1767872755968 19.4 15
1767872765984 31.8 16
1767872776005 20.2 17
1767872786019 22.7 18
1767872796030 13.5 19
1767872806048 28.5 20
1767872816063 13.7 21
1767872826265 26.0 22
1767872836277 30.2 23
1767872846290 14.2 24
1767872856303 37.8 25
1767872866316 16.0 26
1767872876328 20.9 27
1767872886341 13.3 28
1767872896355 17.4 29
1767872906373 13.4 30
1767872916389 35.4 31
1767872926405 24.8 32
1767872936419 30.1 33
1767872946432 14.0 34
1767872956452 18.6 35
1767872966469 25.5 36
1767872976490 17.3 37
1767872986507 28.9 38
1767872996523 29.4 39
1767873006537 18.5 40
1767873016550 41.7 41
1767873026564 13.2 42
1767873036581 18.2 43
1767873046597 25.4 44
1767873056611 13.4 45
1767873066625 20.3 46
1767873076641 18.9 47
1767873086656 22.4 48
1767873096678 16.2 49
1767873106698 26.4 50
1767873116711 13.7 51
1767873126931 13.3 52
1767873136945 13.6 53
1767873146965 24.9 54
1767873156990 16.7 55
1767873167008 15.1 56
1767873177032 26.7 57
1767873187051 19.3 58
1767873197065 13.3 59
1767873207083 21.5 60
1767873217100 17.1 61
1767873227114 31.8 62
1767873237129 15.1 63
1767873247143 13.1 64
1767873257159 28.6 65
1767873267178 25.1 66
1767873277195 13.9 67
1767873287210 24.5 68
1767873297454 13.3 69
1767873307471 35.3 70
1767873317485 22.4 71
1767873327500 14.4 72
1767873337514 14.7 73
1767873347529 17.5 74
1767873357543 18.8 75
1767873367559 13.1 76
1767873377575 15.3 77
1767873387586 27.0 78
1767873397600 12.9 79
1767873407616 18.8 80
1767873417627 28.4 81
1767873427641 17.3 82
1767873437660 13.8 83
1767873447672 16.3 84
1767873457678 18.7 85
1767873467692 18.7 86
1767873477702 15.2 87
1767873487715 13.8 88
1767873497731 12.8 89
1767873507747 12.6 90
1767873517761 16.3 91
1767873527776 13.0 92
1767873537792 16.4 93
1767873547818 13.0 94
1767873557835 13.2 95
1767873567856 14.8 96
1767873577867 19.4 97
1767873587890 25.4 98
1767873597903 16.3 99
1767873607914 37.5 100
1767873617929 13.1 101
1767873627950 30.8 102
1767873637973 21.1 103
1767873647993 24.0 104
1767873658017 13.3 105
1767873668035 34.2 106
1767873678057 25.9 107
1767873688069 16.4 108
1767873698082 25.6 109
1767873708098 22.9 110
1767873718108 15.8 111
1767873728119 14.3 112
1767873738146 32.7 113
1767873748162 13.5 114
1767873758182 21.1 115
1767873768199 22.4 116
1767873778216 12.9 117
1767873788233 13.7 118
1767873798249 12.9 119
1767873808269 14.7 120
1767873818293 14.1 121
1767873828560 26.1 122
1767873838566 21.5 123
1767873848580 19.6 124
1767873858597 27.0 125
1767873868616 18.7 126
1767873878633 14.8 127
1767873888652 24.8 128
1767873898671 15.0 129
1767873908697 14.6 130
1767873918718 21.0 131
1767873928747 19.3 132
1767873938767 17.6 133
1767873948784 15.5 134
1767873958797 23.0 135
1767873968822 13.0 136
1767873978841 24.5 137
1767873988859 13.1 138
1767873998887 21.2 139
1767874008908 16.1 140
1767874018929 32.6 141
1767874028948 15.3 142
1767874038967 32.2 143
1767874049261 13.3 144
1767874059287 13.9 145
