1767879110670 0.0 0
1767879120683 48.1 1
1767879130692 49.1 2
1767879140702 49.2 3
1767879150713 49.7 4
1767879160724 49.6 5
1767879170735 49.5 6
1767879180748 49.4 7
1767879190760 49.1 8
1767879200772 49.6 9
1767879210782 51.9 10
1767879220791 51.1 11
1767879230804 50.1 12
1767879240815 50.3 13
1767879250831 50.5 14
1767879260842 50.2 15
1767879270858 49.7 16
1767879280872 50.6 17
1767879290885 49.4 18
1767879300901 49.6 19
1767879310914 49.7 20
1767879320927 51.4 21
1767879330939 50.0 22
1767879340954 50.5 23
1767879350970 53.3 24
1767879360985 55.9 25
1767879370999 54.9 26
1767879381018 55.6 27
1767879391036 55.6 28
1767879401052 51.3 29
1767879411067 49.9 30
1767879421081 50.0 31
1767879431096 49.5 32
1767879441110 49.6 33
1767879451125 50.0 34
1767879461138 50.4 35
1767879471153 49.7 36
1767879481169 49.8 37
1767879491184 49.7 38
1767879501199 49.8 39
1767879511216 50.5 40
1767879521230 49.7 41
1767879531243 49.9 42
1767879541260 50.0 43
1767879551272 49.9 44
1767879561286 50.0 45
1767879571300 50.3 46
1767879581316 51.5 47
1767879591332 51.9 48
1767879601345 50.7 49
1767879611357 49.6 50
1767879621375 51.1 51
1767879631392 51.1 52
1767879641410 51.5 53
1767879651426 51.0 54
1767879661444 51.5 55
1767879671463 53.8 56
1767879681479 55.5 57
1767879691496 55.7 58
1767879701509 55.3 59
1767879711525 55.4 60
1767879721545 55.6 61
1767879731561 55.2 62
1767879741577 55.4 63
1767879751597 54.7 64
1767879761610 54.4 65
1767879771626 54.0 66
1767879781645 55.4 67
1767879791662 51.8 68
1767879801679 50.2 69
1767879811697 53.8 70
1767879821713 55.2 71
1767879831728 51.7 72
1767879841747 50.1 73
1767879851770 52.0 74
1767879861790 57.1 75
1767879871810 56.4 76
1767879881829 54.8 77
1767879891849 54.5 78
1767879901868 56.3 79
1767879911886 50.2 80
1767879921904 49.7 81
1767879931924 50.1 82
1767879941947 56.5 83
1767879951965 56.4 84
1767879961981 56.7 85
1767879971997 63.8 86
1767879982013 55.8 87
1767879992028 63.6 88
1767880002050 63.1 89
1767880012070 58.6 90
1767880022090 68.7 91
1767880032112 59.0 92
1767880042131 61.0 93
1767880052154 57.8 94
1767880062173 56.4 95
1767880072191 54.3 96
1767880082209 51.3 97
1767880092231 51.5 98
1767880102250 51.6 99
1767880112271 51.7 100
1767880122286 51.8 101
1767880132305 51.1 102
1767880142324 52.0 103
1767880152344 51.5 104
1767880162362 51.1 105
1767880172386 51.6 106
1767880182405 51.7 107
1767880192422 51.3 108
1767880202441 51.5 109
1767880212464 51.5 110
1767880222483 51.0 111
1767880232500 51.3 112
1767880242520 52.2 113
1767880252538 50.9 114
1767880262559 51.7 115
1767880272787 51.4 116
1767880282804 51.5 117
1767880293027 51.5 118
1767880303048 51.8 119
1767880313068 51.3 120
1767880323087 51.3 121
1767880333106 51.0 122
1767880343125 51.0 123
1767880353348 51.6 124
1767880363368 51.5 125
1767880373384 51.0 126
1767880383405 51.6 127
1767880393425 51.7 128
1767880403448 52.3 129
1767880413469 51.8 130
