1767879110670 16.6 0
1767879120683 18.9 1
1767879130692 17.7 2
1767879140702 18.4 3
1767879150713 17.8 4
1767879160724 17.9 5
1767879170735 17.8 6
1767879180748 18.6 7
1767879190760 18.0 8
1767879200772 18.5 9
1767879210782 18.0 10
1767879220791 17.6 11
1767879230804 17.8 12
1767879240815 18.6 13
1767879250831 18.0 14
1767879260842 18.4 15
1767879270858 18.2 16
1767879280872 20.1 17
1767879290885 18.3 18
1767879300901 18.0 19
1767879310914 17.8 20
1767879320927 19.3 21
1767879330939 18.4 22
1767879340954 18.0 23
1767879350970 18.0 24
1767879360985 18.2 25
1767879370999 18.1 26
1767879381018 18.5 27
1767879391036 17.6 28
1767879401052 17.9 29
1767879411067 17.6 30
1767879421081 18.0 31
1767879431096 17.6 32
1767879441110 18.1 33
1767879451125 18.4 34
1767879461138 19.4 35
1767879471153 19.1 36
1767879481169 18.0 37
1767879491184 17.8 38
1767879501199 19.4 39
1767879511216 18.2 40
1767879521230 17.8 41
1767879531243 17.8 42
1767879541260 17.9 43
1767879551272 18.5 44
1767879561286 18.1 45
1767879571300 18.0 46
1767879581316 17.8 47
1767879591332 18.0 48
1767879601345 18.4 49
1767879611357 17.7 50
1767879621375 17.8 51
1767879631392 18.1 52
1767879641410 18.2 53
1767879651426 18.2 54
1767879661444 17.9 55
1767879671463 19.6 56
1767879681479 18.5 57
1767879691496 18.2 58
1767879701509 17.9 59
1767879711525 20.0 60
1767879721545 19.0 61
1767879731561 19.5 62
1767879741577 18.5 63
1767879751597 18.7 64
1767879761610 17.9 65
1767879771626 18.4 66
1767879781645 18.5 67
1767879791662 19.9 68
1767879801679 18.2 69
1767879811697 17.9 70
1767879821713 20.0 71
1767879831728 18.6 72
1767879841747 18.0 73
1767879851770 18.0 74
1767879861790 18.9 75
1767879871810 19.4 76
1767879881829 18.4 77
1767879891849 18.1 78
1767879901868 18.8 79
1767879911886 18.3 80
1767879921904 18.0 81
1767879931924 18.3 82
1767879941947 19.1 83
1767879951965 18.1 84
1767879961981 19.2 85
1767879971997 18.4 86
1767879982013 20.4 87
1767879992028 19.2 88
1767880002050 19.8 89
1767880012070 20.2 90
1767880022090 20.1 91
1767880032112 18.7 92
1767880042131 19.8 93
1767880052154 18.8 94
1767880062173 19.1 95
1767880072191 19.9 96
1767880082209 20.0 97
1767880092231 18.5 98
1767880102250 18.2 99
1767880112271 18.4 100
1767880122286 18.1 101
1767880132305 18.4 102
1767880142324 17.7 103
1767880152344 18.0 104
1767880162362 18.9 105
1767880172386 18.9 106
1767880182405 18.0 107
1767880192422 18.9 108
1767880202441 17.7 109
1767880212464 17.8 110
1767880222483 17.6 111
1767880232500 18.4 112
1767880242520 17.9 113
1767880252538 18.1 114
1767880262559 17.6 115
1767880272787 18.1 116
1767880282804 18.5 117
1767880293027 17.6 118
1767880303048 17.7 119
1767880313068 17.7 120
1767880323087 18.3 121
1767880333106 18.5 122
1767880343125 18.9 123
1767880353348 19.7 124
1767880363368 19.8 125
1767880373384 18.5 126
1767880383405 18.4 127
1767880393425 18.5 128
1767880403448 18.0 129
1767880413469 18.0 130
