1773957900723 0.4314543713230264 0
1773957902049 0.6807360788069503 1
1773957903349 0.7394308386920235 2
1773957904664 0.7865645095088247 3
1773957906004 0.8236420851005609 4
1773957907361 0.8549049117526337 5
1773957908695 0.8772061841565194 6
1773957910037 0.8888356820358462 7
1773957911349 0.9103844575181284 8
1773957912664 0.9264605281160213 9
1773957913993 0.9365166233410863 10
1773957915312 0.949240662197291 11
1773957916626 0.9497195238746751 12
1773957918050 0.9556710904364483 13
1773957919515 0.9609385688876727 14
1773957920851 0.9624435627308797 15
1773957922179 0.9637433301409222 16
1773957923510 0.9701737583800794 17
1773957924871 0.9692160350253113 18
1773957926205 0.9729785196333288 19
1773957927534 0.9755780544534136 20
1773957928858 0.978382815706663 21
1773957930195 0.9808455329046382 22
1773957931538 0.9820084826925708 23
1773957932868 0.9817348474483514 24
