1773957900720 1.8386751190470123 0
1773957902045 1.070287186219699 1
1773957903345 0.8585715877127429 2
1773957904660 0.7159349800485448 3
1773957906000 0.5817348139567224 4
1773957907356 0.48898069382953424 5
1773957908690 0.4117654456471203 6
1773957910032 0.36030631198131496 7
1773957911344 0.3018517923152859 8
1773957912659 0.252652799042179 9
1773957913987 0.22013993972685875 10
1773957915307 0.1836832215911893 11
1773957916620 0.17569945672905907 12
1773957918044 0.1518984862841143 13
1773957919508 0.13821549211469586 14
1773957920845 0.13155002635543692 15
1773957922174 0.12808553912451462 16
1773957923504 0.10418593372198051 17
1773957924865 0.10773488947552604 18
1773957926199 0.09311214029250743 19
1773957927528 0.08438883669228932 20
1773957928852 0.07910100894907884 21
1773957930188 0.06824077966061462 22
1773957931532 0.06409871921795454 23
1773957932862 0.0648086665167371 24
