1774717507499 201.01107037067413 0
1774717522812 144.74503195285797 1
1774717538088 136.41391915082932 2
1774717553481 130.84371519088745 3
1774717568859 127.77957767248154 4
1774717584287 125.75813019275665 5
1774717599627 124.18974256515503 6
1774717614858 123.11608880758286 7
1774717631678 121.24349147081375 8
1774717647007 120.28842347860336 9
1774717662186 120.54255831241608 10
1774717677443 119.2056456208229 11
1774717692835 118.86746031045914 12
1774717707990 118.53390228748322 13
1774717723452 116.52859860658646 14
1774717738724 117.35826623439789 15
1774717754036 115.96323204040527 16
1774717769358 116.74710059165955 17
1774717784601 116.43786209821701 18
1774717800008 113.41104155778885 19
1774717815258 114.62855738401413 20
1774717830636 114.88162183761597 21
1774717846102 116.2347908616066 22
1774717861469 114.93900436162949 23
1774717876717 114.93119704723358 24
1774717892044 115.6754440665245 25
1774717907436 114.91718727350235 26
1774717922694 114.08285689353943 27
1774717938063 113.00674402713776 28
1774717953367 113.43191093206406 29
1774717968650 113.61307334899902 30
