1774354180881 216.1 0
1774354190891 954.3 1
1774354200906 1059.2 2
1774354210917 1168.2 3
1774354220923 1168.2 4
1774354230936 1168.2 5
1774354240944 1168.2 6
1774354250952 1168.2 7
1774354260960 1168.2 8
1774354270971 1285.7 9
1774354280978 1285.7 10
1774354290990 1285.7 11
1774354300998 1285.7 12
1774354311005 1285.7 13
1774354321014 1285.7 14
1774354331024 1285.7 15
1774354341033 1285.7 16
1774354351041 1285.7 17
1774354361048 1285.7 18
1774354371061 1285.7 19
1774354381069 1285.7 20
1774354391075 1285.7 21
1774354401089 1285.7 22
1774354411107 1395.7 23
1774354421115 1395.7 24
1774354431123 1395.7 25
1774354441136 1395.7 26
1774354451143 1395.7 27
1774354461151 1395.7 28
1774354471162 1395.7 29
1774354481170 1395.7 30
1774354491182 1395.7 31
1774354501189 1395.7 32
1774354511197 1395.7 33
1774354521210 1395.7 34
1774354531217 1395.7 35
1774354541224 1395.7 36
1774354551232 1395.7 37
1774354561240 1395.7 38
1774354571248 1395.7 39
1774354581255 1395.7 40
1774354591263 1395.7 41
1774354601272 1395.7 42
1774354611280 1395.7 43
1774354621292 1395.7 44
1774354631303 1395.7 45
1774354641312 1395.7 46
1774354651321 1395.7 47
1774354661340 1395.7 48
1774354671349 1395.7 49
1774354681358 1395.7 50
1774354691367 1395.7 51
1774354701377 1395.7 52
1774354711385 1395.7 53
1774354721394 1395.7 54
1774354731402 1395.7 55
1774354741412 1395.7 56
1774354751420 1395.7 57
1774354761428 1285.7 58
1774354771443 1285.7 59
1774354781451 1285.7 60
1774354791464 1285.7 61
1774354801472 1285.7 62
1774354811481 1285.7 63
1774354821489 1285.7 64
1774354831504 1285.7 65
1774354841518 1285.7 66
1774354851526 1285.7 67
1774354861540 1285.7 68
1774354871549 1285.7 69
1774354881557 1285.7 70
1774354891571 1285.7 71
1774354901582 1285.7 72
1774354911591 1285.7 73
1774354921602 1285.7 74
1774354931617 1285.7 75
1774354941625 1285.7 76
1774354951633 1285.7 77
1774354961649 1285.7 78
1774354971660 1285.7 79
1774354981670 1285.7 80
1774354991681 1285.7 81
1774355001693 1285.7 82
1774355011703 1285.7 83
1774355021712 1285.7 84
1774355031740 1285.7 85
