1774354180881 0.0 0
1774354190891 94.0 1
1774354200906 92.0 2
1774354210917 94.0 3
1774354220923 94.0 4
1774354230936 94.0 5
1774354240944 91.0 6
1774354250952 94.0 7
1774354260960 94.0 8
1774354270971 93.0 9
1774354280978 89.0 10
1774354290990 94.0 11
1774354300998 94.0 12
1774354311005 91.0 13
1774354321014 93.0 14
1774354331024 94.0 15
1774354341033 93.0 16
1774354351041 90.0 17
1774354361048 92.0 18
1774354371061 94.0 19
1774354381069 74.0 20
1774354391075 90.0 21
1774354401089 90.0 22
1774354411107 91.0 23
1774354421115 94.0 24
1774354431123 92.0 25
1774354441136 89.0 26
1774354451143 92.0 27
1774354461151 94.0 28
1774354471162 90.0 29
1774354481170 94.0 30
1774354491182 90.0 31
1774354501189 90.0 32
1774354511197 94.0 33
1774354521210 94.0 34
1774354531217 91.0 35
1774354541224 93.0 36
1774354551232 94.0 37
1774354561240 94.0 38
1774354571248 91.0 39
1774354581255 91.0 40
1774354591263 92.0 41
1774354601272 92.0 42
1774354611280 94.0 43
1774354621292 94.0 44
1774354631303 94.0 45
1774354641312 80.0 46
1774354651321 91.0 47
1774354661340 92.0 48
1774354671349 94.0 49
1774354681358 93.0 50
1774354691367 94.0 51
1774354701377 90.0 52
1774354711385 91.0 53
1774354721394 91.0 54
1774354731402 94.0 55
1774354741412 91.0 56
1774354751420 90.0 57
1774354761428 93.0 58
1774354771443 94.0 59
1774354781451 91.0 60
1774354791464 94.0 61
1774354801472 94.0 62
1774354811481 94.0 63
1774354821489 92.0 64
1774354831504 94.0 65
1774354841518 94.0 66
1774354851526 90.0 67
1774354861540 94.0 68
1774354871549 78.0 69
1774354881557 93.0 70
1774354891571 94.0 71
1774354901582 79.0 72
1774354911591 92.0 73
1774354921602 93.0 74
1774354931617 92.0 75
1774354941625 94.0 76
1774354951633 94.0 77
1774354961649 93.0 78
1774354971660 93.0 79
1774354981670 94.0 80
1774354991681 92.0 81
1774355001693 92.0 82
1774355011703 90.0 83
1774355021712 91.0 84
1774355031740 92.0 85
