1773959374662 0.5049376910416177 0
1773959375354 0.6081589466259111 1
1773959376047 0.7273689160592522 2
1773959376740 0.7585233952504115 3
1773959377429 0.7701622384199389 4
1773959378118 0.7874441570656008 5
1773959378813 0.7975546672936751 6
1773959379519 0.8071949212320715 7
1773959380231 0.827651069833059 8
1773959380934 0.8491652950858217 9
1773959381643 0.870797084411004 10
1773959382330 0.8928991300258641 11
1773959383022 0.9100634845991065 12
1773959383716 0.9322830942863861 13
1773959384416 0.9300493769104162 14
1773959385122 0.9517987303080179 15
