1768650919710 0.7066765585955861 0
1768650920272 0.6943921095871404 1
1768650920843 0.6963622882986753 2
1768650921409 0.6944595617657124 3
1768650921974 0.6911392890507267 4
1768650922772 0.662840622062266 5
1768650923407 0.5856110419129417 6
1768650923978 0.5074562071604698 7
1768650924559 0.4230454644048576 8
1768650925136 0.40327654356062903 9
1768650925718 0.34694098260244033 10
1768650926293 0.31908505435357676 11
1768650926867 0.28101751267167224 12
1768650927442 0.25575436313601346 13
1768650928018 0.2269381486630961 14
1768650928602 0.21239358487688118 15
1768650929190 0.19365335757413416 16
1768650929776 0.1730408198499074 17
1768650930388 0.17107251196111647 18
1768650930995 0.15476199037505126 19
1768650931601 0.14946993021874772 20
1768650932205 0.13932915857377512 21
1768650932906 0.13374599665158107 22
1768650933505 0.12628243822589527 23
1768650934110 0.12279210267678278 24
1768650934712 0.10174090557226063 25
