1774269698154 35.4 0
1774269708169 39.3 1
1774269718177 38.5 2
1774269728184 39.2 3
1774269738191 39.2 4
1774269748198 39.3 5
1774269758214 39.3 6
1774269768228 39.3 7
1774269778235 39.3 8
1774269788248 39.3 9
1774269798255 39.3 10
1774269808263 39.4 11
1774269818272 39.4 12
1774269828279 39.5 13
1774269838287 40.2 14
1774269848294 39.5 15
1774269858302 39.4 16
1774269868310 39.3 17
1774269878317 39.4 18
1774269888330 39.6 19
1774269898340 39.6 20
1774269908348 39.5 21
1774269918360 39.3 22
1774269928368 39.3 23
1774269938376 39.4 24
1774269948385 39.4 25
1774269958393 39.5 26
1774269968401 39.7 27
1774269978411 39.4 28
1774269988419 39.4 29
1774269998427 39.5 30
1774270008437 39.5 31
1774270018446 39.6 32
1774270028455 39.6 33
1774270038465 39.7 34
1774270048473 39.6 35
1774270058481 39.6 36
1774270068491 41.5 37
1774270078499 39.6 38
1774270088516 39.6 39
1774270098526 39.6 40
1774270108545 39.7 41
1774270118554 39.8 42
1774270128568 39.8 43
1774270138582 39.8 44
1774270148591 39.7 45
1774270158602 39.6 46
1774270168621 39.7 47
1774270178636 39.7 48
1774270188645 39.7 49
1774270198661 41.3 50
1774270208670 39.8 51
1774270218678 39.8 52
1774270228688 39.8 53
1774270238705 39.8 54
1774270248714 39.8 55
1774270258729 39.8 56
1774270268738 39.8 57
1774270278747 39.8 58
1774270288759 39.8 59
1774270298773 39.8 60
1774270308792 39.8 61
1774270318801 39.8 62
1774270328810 41.0 63
1774270338820 39.9 64
