1768651344477 0.4977720450281426 0
1768651345206 0.49143996247654786 1
1768651345917 0.5034005628517824 2
1768651346626 0.5145403377110694 3
1768651347341 0.6097560975609756 4
1768651348077 0.7593808630393997 5
1768651348782 0.8765243902439024 6
1768651349715 0.925891181988743 7
1768651350596 0.9577861163227017 8
1768651351305 0.9690431519699813 9
1768651352008 0.9763133208255159 10
1768651352855 0.9824108818011257 11
1768651353565 0.9869840525328331 12
1768651354285 0.9859287054409006 13
1768651355003 0.9896810506566605 14
1768651355881 0.9909709193245778 15
1768651356598 0.9902673545966229 16
1768651357326 0.9905018761726079 17
1768651358067 0.9933161350844277 18
1768651358803 0.9936679174484052 19
1768651359549 0.9942542213883677 20
1768651360281 0.9946060037523452 21
