1774136366246 0.4992946155654832 0
1774136366595 0.5252762755701857 1
1774136367098 0.6695273924288737 2
1774136367433 0.5646602398307078 3
1774136367761 0.522337173759699 4
1774136368255 0.5382083235363273 5
1774136368619 0.6243827886197978 6
1774136369118 0.7386550670115213 7
1774136369465 0.7770985186926875 8
1774136369839 0.8006113331765813 9
1774136370568 0.8196567129085351 10
1774136370939 0.8347049141782271 11
1774136371283 0.8464613214201739 12
1774136371793 0.8538678579826006 13
1774136372177 0.863272983776158 14
1774136372525 0.8722078532800376 15
1774136373043 0.8784387491182695 16
1774136373388 0.8805549024218199 17
1774136373732 0.8867857982600518 18
1774136374261 0.8893722078532801 19
1774136374623 0.8932518222431225 20
1774136374979 0.900893486950388 21
1774136375517 0.9018339995297437 22
1774136375998 0.9015988713849048 23
1774136376358 0.9047731013402305 24
1774136376865 0.9091229720197508 25
