1774595826865 3.106973583744919 0
1774595829496 2.7773761898014153 1
1774595832352 2.3690341439157754 2
1774595834963 2.0336565424828708 3
1774595837797 1.728768580148086 4
1774595840634 1.478848441841991 5
1774595843284 1.2791113094227278 6
1774595845934 1.106374266291467 7
1774595848779 0.9763319365122622 8
1774595851420 0.8500712926728012 9
1774595854067 0.7571041160038222 10
1774595856913 0.6694698145523624 11
1774595859711 0.585257088172483 12
1774595862347 0.5280133292602929 13
1774595865174 0.47646873718427557 14
1774595867843 0.43004218624609897 15
1774595870481 0.3925077188788075 16
1774595873326 0.34612928931715387 17
1774595876033 0.3212900155423066 18
1774595878694 0.2920704716932498 19
1774595881699 0.26341909234574984 20
1774595884347 0.2424184177965354 21
1774595886982 0.22259032454727481 22
1774595889810 0.20775102784115307 23
1774595892442 0.1921905103481196 24
1774595895086 0.17574287153029183 25
1774595897949 0.16648667220998226 26
1774595900781 0.1558939131487246 27
1774595903489 0.1405334400688677 28
1774595906342 0.13425185355128594 29
1774595908961 0.12300776502374651 30
1774595911611 0.12141294619492816 31
1774595914459 0.11230616061403513 32
1774595917114 0.10618586838755077 33
1774595919887 0.10494639655481629 34
1774595922746 0.10063937978169418 35
1774595925405 0.09585812155762324 36
1774595928053 0.0895319705823163 37
1774595930945 0.0878365172241696 38
1774595933615 0.08362927231751612 39
1774595936289 0.07895732518218744 40
1774595939185 0.07788237044530391 41
1774595942001 0.07905923332858467 42
1774595944659 0.07042706278526746 43
1774595947335 0.07196325840771745 44
1774595950159 0.06501990958348983 45
1774595952780 0.06306771522614417 46
1774595955641 0.06218475799302687 47
1774595958308 0.062090128795778333 48
1774595961133 0.06042932040702956 49
1774595963999 0.05812113046827566 50
1774595966658 0.05769820037588553 51
1774595969318 0.057932253369396634 52
1774595971982 0.05384308529207589 53
1774595974834 0.04971350715958823 54
1774595977502 0.04963842223229299 55
1774595980367 0.05215086579987445 56
1774595983182 0.046505436206939595 57
