1774579128393 0.0 0
1774579138402 94.0 1
1774579148409 94.0 2
1774579158418 91.0 3
1774579168429 94.0 4
1774579178435 92.0 5
1774579188442 92.0 6
1774579198450 93.0 7
1774579208466 93.0 8
1774579218478 94.0 9
1774579228485 92.0 10
1774579238492 93.0 11
1774579248502 91.0 12
1774579258509 92.0 13
1774579268517 92.0 14
1774579278526 94.0 15
1774579288534 91.0 16
1774579298543 93.0 17
1774579308552 91.0 18
1774579318563 94.0 19
1774579328577 92.0 20
1774579338585 94.0 21
1774579348594 93.0 22
1774579358610 94.0 23
1774579368618 92.0 24
1774579378628 93.0 25
1774579388640 92.0 26
1774579398648 91.0 27
1774579408656 94.0 28
1774579418663 94.0 29
1774579428670 94.0 30
1774579438684 94.0 31
1774579448692 94.0 32
1774579458699 94.0 33
1774579468707 94.0 34
1774579478724 92.0 35
1774579488732 90.0 36
1774579498740 94.0 37
1774579508747 94.0 38
1774579518762 94.0 39
1774579528775 92.0 40
1774579538783 91.0 41
1774579548793 94.0 42
1774579558802 94.0 43
1774579568815 93.0 44
1774579578823 94.0 45
1774579588837 88.0 46
1774579598846 91.0 47
1774579608854 92.0 48
1774579618867 94.0 49
1774579628875 95.0 50
1774579638884 94.0 51
1774579648892 91.0 52
1774579658900 94.0 53
1774579668908 93.0 54
1774579678916 94.0 55
1774579688926 91.0 56
1774579698937 91.0 57
1774579708949 92.0 58
1774579718961 94.0 59
1774579728979 94.0 60
1774579738988 92.0 61
1774579748996 94.0 62
1774579759005 94.0 63
1774579769013 83.0 64
1774579779021 94.0 65
1774579789030 91.0 66
1774579799038 94.0 67
1774579809047 92.0 68
1774579819060 93.0 69
1774579829070 93.0 70
1774579839080 94.0 71
1774579849095 93.0 72
1774579859103 94.0 73
1774579869111 91.0 74
1774579879120 94.0 75
1774579889135 92.0 76
1774579899147 91.0 77
1774579909160 94.0 78
1774579919179 92.0 79
