1774579128393 140.4 0
1774579138402 918.5 1
1774579148409 1025.4 2
1774579158418 1025.4 3
1774579168429 1025.4 4
1774579178435 1025.4 5
1774579188442 1025.4 6
1774579198450 1134.5 7
1774579208466 1134.5 8
1774579218478 1134.5 9
1774579228485 1134.5 10
1774579238492 1134.5 11
1774579248502 1134.5 12
1774579258509 1136.6 13
1774579268517 1136.6 14
1774579278526 1136.6 15
1774579288534 1249.8 16
1774579298543 1369.4 17
1774579308552 1369.4 18
1774579318563 1369.4 19
1774579328577 1369.4 20
1774579338585 1369.4 21
1774579348594 1369.4 22
1774579358610 1369.4 23
1774579368618 1369.4 24
1774579378628 1369.4 25
1774579388640 1369.4 26
1774579398648 1369.4 27
1774579408656 1369.4 28
1774579418663 1369.4 29
1774579428670 1369.4 30
1774579438684 1369.4 31
1774579448692 1369.4 32
1774579458699 1369.4 33
1774579468707 1369.4 34
1774579478724 1369.4 35
1774579488732 1369.4 36
1774579498740 1369.4 37
1774579508747 1369.4 38
1774579518762 1369.4 39
1774579528775 1369.4 40
1774579538783 1369.4 41
1774579548793 1369.4 42
1774579558802 1369.4 43
1774579568815 1369.4 44
1774579578823 1369.4 45
1774579588837 1369.4 46
1774579598846 1369.4 47
1774579608854 1369.4 48
1774579618867 1369.4 49
1774579628875 1369.4 50
1774579638884 1369.4 51
1774579648892 1369.4 52
1774579658900 1369.4 53
1774579668908 1369.4 54
1774579678916 1369.4 55
1774579688926 1369.4 56
1774579698937 1369.4 57
1774579708949 1369.4 58
1774579718961 1369.4 59
1774579728979 1369.4 60
1774579738988 1369.4 61
1774579748996 1369.4 62
1774579759005 1369.4 63
1774579769013 1369.4 64
1774579779021 1369.4 65
1774579789030 1369.4 66
1774579799038 1369.4 67
1774579809047 1369.4 68
1774579819060 1369.4 69
1774579829070 1369.4 70
1774579839080 1369.4 71
1774579849095 1369.4 72
1774579859103 1369.4 73
1774579869111 1369.4 74
1774579879120 1369.4 75
1774579889135 1369.4 76
1774579899147 1369.4 77
1774579909160 1369.4 78
1774579919179 1369.4 79
