1774579128393 17.7 0
1774579138402 20.8 1
1774579148409 21.5 2
1774579158418 21.4 3
1774579168429 21.7 4
1774579178435 22.6 5
1774579188442 21.4 6
1774579198450 21.4 7
1774579208466 21.5 8
1774579218478 21.5 9
1774579228485 21.5 10
1774579238492 21.5 11
1774579248502 21.5 12
1774579258509 21.5 13
1774579268517 21.5 14
1774579278526 21.5 15
1774579288534 21.9 16
1774579298543 21.5 17
1774579308552 21.7 18
1774579318563 21.6 19
1774579328577 21.5 20
1774579338585 21.5 21
1774579348594 21.5 22
1774579358610 21.5 23
1774579368618 21.5 24
1774579378628 21.6 25
1774579388640 21.5 26
1774579398648 21.5 27
1774579408656 23.1 28
1774579418663 21.5 29
1774579428670 21.6 30
1774579438684 21.5 31
1774579448692 21.5 32
1774579458699 21.6 33
1774579468707 21.6 34
1774579478724 21.5 35
1774579488732 21.7 36
1774579498740 21.6 37
1774579508747 21.6 38
1774579518762 21.6 39
1774579528775 21.5 40
1774579538783 23.2 41
1774579548793 21.5 42
1774579558802 21.5 43
1774579568815 21.5 44
1774579578823 21.5 45
1774579588837 21.5 46
1774579598846 21.6 47
1774579608854 21.6 48
1774579618867 21.6 49
1774579628875 21.5 50
1774579638884 21.6 51
1774579648892 21.5 52
1774579658900 21.5 53
1774579668908 22.5 54
1774579678916 21.5 55
1774579688926 21.6 56
1774579698937 21.5 57
1774579708949 21.5 58
1774579718961 21.6 59
1774579728979 21.5 60
1774579738988 21.6 61
1774579748996 21.6 62
1774579759005 21.5 63
1774579769013 21.5 64
1774579779021 21.6 65
1774579789030 21.5 66
1774579799038 21.9 67
1774579809047 21.6 68
1774579819060 21.6 69
1774579829070 21.5 70
1774579839080 21.5 71
1774579849095 21.5 72
1774579859103 21.6 73
1774579869111 21.6 74
1774579879120 21.5 75
1774579889135 21.5 76
1774579899147 21.6 77
1774579909160 21.7 78
1774579919179 21.5 79
