1774579128393 2949.1 0
1774579138402 3476.4 1
1774579148409 3581.6 2
1774579158418 3565.0 3
1774579168429 3615.0 4
1774579178435 3768.3 5
1774579188442 3570.4 6
1774579198450 3576.0 7
1774579208466 3579.3 8
1774579218478 3582.4 9
1774579228485 3580.2 10
1774579238492 3583.7 11
1774579248502 3581.4 12
1774579258509 3583.6 13
1774579268517 3585.6 14
1774579278526 3587.6 15
1774579288534 3646.2 16
1774579298543 3588.8 17
1774579308552 3626.6 18
1774579318563 3598.3 19
1774579328577 3579.3 20
1774579338585 3586.5 21
1774579348594 3592.5 22
1774579358610 3584.6 23
1774579368618 3593.6 24
1774579378628 3594.8 25
1774579388640 3584.1 26
1774579398648 3585.9 27
1774579408656 3860.6 28
1774579418663 3586.7 29
1774579428670 3596.8 30
1774579438684 3593.2 31
1774579448692 3583.4 32
1774579458699 3596.2 33
1774579468707 3596.6 34
1774579478724 3586.5 35
1774579488732 3625.3 36
1774579498740 3598.6 37
1774579508747 3599.0 38
1774579518762 3596.6 39
1774579528775 3589.3 40
1774579538783 3870.8 41
1774579548793 3594.4 42
1774579558802 3584.9 43
1774579568815 3591.2 44
1774579578823 3593.3 45
1774579588837 3587.4 46
1774579598846 3597.4 47
1774579608854 3602.0 48
1774579618867 3595.2 49
1774579628875 3594.2 50
1774579638884 3595.8 51
1774579648892 3593.1 52
1774579658900 3580.4 53
1774579668908 3760.9 54
1774579678916 3593.5 55
1774579688926 3598.5 56
1774579698937 3584.7 57
1774579708949 3584.5 58
1774579718961 3595.0 59
1774579728979 3591.8 60
1774579738988 3596.7 61
1774579748996 3599.4 62
1774579759005 3591.3 63
1774579769013 3590.8 64
1774579779021 3600.4 65
1774579789030 3586.3 66
1774579799038 3654.0 67
1774579809047 3600.4 68
1774579819060 3595.9 69
1774579829070 3589.6 70
1774579839080 3588.0 71
1774579849095 3587.8 72
1774579859103 3597.4 73
1774579869111 3597.0 74
1774579879120 3592.2 75
1774579889135 3593.8 76
1774579899147 3600.3 77
1774579909160 3617.0 78
1774579919179 3590.9 79
