1774707240136 28.126336634159088 0
1774707240697 23.6506350338459 1
1774707241255 22.068914711475372 2
1774707241836 21.26826286315918 3
1774707242470 20.449288368225098 4
1774707243048 20.10523235797882 5
1774707243618 19.6024352312088 6
1774707244204 19.290218204259872 7
1774707244784 19.081833124160767 8
1774707245380 18.64238739013672 9
1774707245941 18.143254935741425 10
1774707246502 18.006909132003784 11
1774707247059 17.339366495609283 12
1774707247630 16.88279265165329 13
1774707248196 16.74757981300354 14
1774707248788 16.60983243584633 15
1774707249365 16.11757805943489 16
1774707249972 15.696430683135986 17
1774707250565 14.650572657585144 18
1774707251137 14.387607514858246 19
1774707251719 14.389395654201508 20
1774707252286 14.454409182071686 21
1774707252854 12.962732076644897 22
1774707253455 12.651286363601685 23
1774707254023 11.998833656311035 24
1774707254604 11.958035305142403 25
1774707255194 11.961231082677841 26
1774707255755 11.092876255512238 27
1774707256319 10.693045243620872 28
1774707256879 10.674914479255676 29
1774707257442 10.32414497435093 30
1774707258015 9.996201932430267 31
1774707258573 9.55571773648262 32
1774707259169 9.177673771977425 33
1774707259758 8.435172401368618 34
1774707260324 8.43380655348301 35
1774707260887 8.232699394226074 36
1774707261443 8.404142275452614 37
1774707262018 7.78178783506155 38
1774707262583 8.293862357735634 39
1774707263143 7.416187882423401 40
1774707263703 6.880799442529678 41
1774707264295 7.1461324617266655 42
1774707264913 5.993575058877468 43
1774707265489 7.045618109405041 44
1774707266052 6.162899352610111 45
1774707266621 6.222749687731266 46
1774707267188 5.977673262357712 47
1774707267752 6.213754788041115 48
1774707268323 6.539334267377853 49
1774707268889 5.813945509493351 50
1774707269472 5.599128745496273 51
1774707270039 5.860925756394863 52
1774707270654 5.325211949646473 53
1774707271227 5.195450641214848 54
1774707271793 5.659371368587017 55
1774707272358 4.6710964404046535 56
1774707272924 4.5604605711996555 57
1774707273490 4.709659419953823 58
1774707274062 4.20665692538023 59
1774707274639 4.834275558590889 60
1774707275206 4.4609913639724255 61
