1774135625748 0.9344418048858643 0
1774135625845 0.5104032158851624 1
1774135625937 0.46617743372917175 2
1774135626027 0.4429764747619629 3
1774135626122 0.42119377851486206 4
1774135626213 0.40894222259521484 5
1774135626305 0.3951821029186249 6
1774135626397 0.38144800066947937 7
1774135626490 0.373642235994339 8
1774135626584 0.3657953441143036 9
1774135626677 0.35938915610313416 10
1774135626772 0.3560066819190979 11
1774135626867 0.3452121913433075 12
1774135626962 0.33948183059692383 13
1774135627060 0.33541327714920044 14
1774135627162 0.33154359459877014 15
