1774388121142 1.194240804918636 0
1774388121591 0.6934683155126311 1
1774388122209 0.6936650375326917 2
1774388122719 0.6929909863694759 3
1774388123210 0.6915048466264425 4
1774388123843 0.6903406416380513 5
1774388124299 0.6850727013277188 6
1774388124959 0.6702520129322124 7
1774388125439 0.6508040943396513 8
1774388125920 0.6364306725866848 9
1774388126744 0.610434139491331 10
1774388127231 0.5904493790471032 11
1774388127697 0.5728668972407306 12
1774388128361 0.5605772074671863 13
1774388128844 0.5470524662704391 14
1774388129323 0.522563259574166 15
1774388129968 0.507994255439988 16
1774388130454 0.4972757806953151 17
1774388130944 0.4734961659622271 18
1774388131596 0.45979365653269083 19
1774388132099 0.44711936031278976 20
1774388132601 0.4219186163897357 21
1774388133264 0.4050909440056205 22
1774388133883 0.3827135866167456 23
1774388134380 0.37054419600077815 24
1774388135047 0.34262611833392825 25
1774388135524 0.3280105004184388 26
1774388136006 0.3132980547750034 27
1774388136660 0.2950915086121049 28
1774388137157 0.2786562588974993 29
1774388137664 0.27755596810123817 30
1774388138341 0.26518746098381685 31
1774388138845 0.2554394591755816 32
1774388139346 0.252594544981578 33
1774388140007 0.24471117692005467 34
1774388140523 0.23595164999783858 35
1774388141034 0.22456963141488698 36
1774388141813 0.21945686670015194 37
1774388142302 0.2253034663779003 38
1774388142815 0.21491064216794228 39
1774388143467 0.20353207083630834 40
1774388143957 0.20562862726161285 41
1774388144462 0.19951111763936138 42
1774388145119 0.1886910047276729 43
1774388145625 0.1830471934378322 44
1774388146308 0.1868394811411729 45
1774388146820 0.18806229310495248 46
1774388147330 0.18154236435897195 47
1774388148024 0.17496429846759468 48
1774388148526 0.17635455458730107 49
1774388149048 0.16102292187610748 50
1774388149694 0.16266387452127956 51
1774388150340 0.1561088495613306 52
1774388150840 0.1520581219727087 53
1774388151510 0.15238869516960624 54
1774388152000 0.15474130869198607 55
1774388152506 0.1443145894216447 56
1774388153179 0.14687423977473069 57
1774388153714 0.15131792597003016 58
1774388154233 0.14601961240366543 59
