1773973323886 0.35961130500239513 0
1773973329990 0.6309450489290358 1
1773973336109 0.7198384999657839 2
1773973342193 0.7715732566892493 3
1773973348310 0.8021624580852665 4
1773973354416 0.833983439403271 5
1773973360518 0.8629302675699719 6
1773973366677 0.8718948881133237 7
1773973372790 0.8889345103674811 8
1773973378925 0.8971463765140628 9
1773973385093 0.9070690481078492 10
1773973391221 0.9210292205570383 11
1773973397347 0.9234243481831246 12
1773973403446 0.9316362143297064 13
1773973409566 0.9338260453021282 14
1773973415673 0.9397112160405119 15
1773973421789 0.9410798603982755 16
1773973427890 0.9463491411756655 17
1773973434052 0.9499760487237391 18
1773973440156 0.9539451173612536 19
1773973446266 0.9519605830424964 20
1773973452369 0.9483336754944228 21
1773973458450 0.9518921508246082 22
1773973464592 0.94655443782933 23
1773973470703 0.9432012591528092 24
1773973476825 0.9506603709026209 25
1773973482937 0.9519605830424964 26
1773973489049 0.9486074043659755 27
1773973495214 0.9490864298911927 28
