1774185614243 276.2032138109207 0
1774185641010 193.28836178779602 1
1774185667806 150.21436214447021 2
1774185694598 129.70004057884216 3
1774185721447 105.52509647607803 4
1774185748559 89.78160986304283 5
1774185775509 75.35216131806374 6
1774185802217 63.090764194726944 7
1774185828985 55.77133131027222 8
1774185855864 52.69394399225712 9
1774185882859 44.461380019783974 10
1774185909707 36.99834905564785 11
1774185936600 31.609334334731102 12
1774185963482 25.206498250365257 13
1774185990427 24.333797104656696 14
1774186017277 24.318820968270302 15
1774186044180 23.62856162339449 16
1774186071195 17.67019484192133 17
1774186098340 16.021412804722786 18
1774186125273 18.82961744442582 19
1774186152026 14.2490408513695 20
1774186178883 14.012458946555853 21
1774186205817 14.534321442246437 22
1774186232716 16.124064153060317 23
1774186259778 25.579184010624886 24
1774186286815 16.60891049541533 25
1774186313900 13.29182294383645 26
