1774707378590 0.2304008756327815 0
1774707393893 0.4553290463811739 1
1774707409192 0.5380352989465043 2
1774707424551 0.5770283212477767 3
1774707439809 0.6065125188124231 4
1774707454985 0.6270351621288822 5
1774707470340 0.6453003146805308 6
1774707485699 0.657271856615132 7
1774707500973 0.6657545491859351 8
1774707516353 0.6790942673416336 9
1774707531686 0.6868244629908332 10
1774707546843 0.6987960049254344 11
1774707562112 0.7031057600218908 12
1774707577442 0.7065946093856889 13
1774707592705 0.706526200574634 14
1774707608103 0.7219865918730333 15
1774707623407 0.7152141195786017 16
1774707638675 0.7187029689423998 17
1774707653988 0.7332056368860309 18
1774707669181 0.7338897249965796 19
1774707684513 0.7334108633191955 20
1774707699832 0.7381310712819811 21
1774707715093 0.7495553427281434 22
1774707730500 0.7511971541934601 23
1774707745822 0.7462033109864551 24
1774707761181 0.7498973867834177 25
1774707776429 0.75879053222055 26
1774707791643 0.7644000547270489 27
1774707806880 0.7667943631139691 28
1774707822244 0.7613900670406348 29
1774707837424 0.7598850731974278 30
1774707852727 0.7706936653440963 31
1774707868072 0.7736352442194555 32
1774707883275 0.7770556847721987 33
1774707898546 0.7835545218224107 34
1774707913849 0.7788343138596251 35
1774707929023 0.7779449993159119 36
1774707944366 0.7835545218224107 37
1774707959563 0.7843070187440142 38
1774707974875 0.7922424408263784 39
1774707990042 0.7908058557942262 40
1774708005356 0.7862224654535505 41
1774708020699 0.7927897113148173 42
1774708036094 0.7893692707620742 43
1774708051513 0.7857436037761664 44
1774708066866 0.8031194417841018 45
1774708082050 0.79395266110275 46
1774708097347 0.7970994664112738 47
1774708112764 0.8057873854152415 48
1774708127900 0.8028458065398824 49
1774708143073 0.8034614858393762 50
1774708158456 0.8092078259679847 51
1774708173741 0.8070871528252839 52
1774708189080 0.8078396497468874 53
1774708204480 0.817622109727733 54
1774708219841 0.7992201395539745 55
1774708235201 0.7976467368997127 56
1774708250545 0.8112600902996306 57
1774708265845 0.8151593925297579 58
1774708281202 0.8194007388151594 59
1774708296539 0.8185114242714462 60
1774708311770 0.8263100287317007 61
1774708327025 0.8245313996442741 62
1774708342227 0.8301409221507731 63
1774708357549 0.8330140922150773 64
1774708372661 0.8334929538924614 65
