1774707378586 287.0236693620682 0
1774707393888 193.34233343601227 1
1774707409186 163.08953487873077 2
1774707424546 150.6770099401474 3
1774707439804 142.44412285089493 4
1774707454980 135.84145510196686 5
1774707470335 130.95166152715683 6
1774707485693 128.27386462688446 7
1774707500967 121.73294079303741 8
1774707516348 118.05588799715042 9
1774707531680 114.45449709892273 10
1774707546837 109.97225713729858 11
1774707562106 108.84360718727112 12
1774707577437 106.96104997396469 13
1774707592699 106.7459055185318 14
1774707608097 102.48602765798569 15
1774707623401 102.85519337654114 16
1774707638669 103.48980736732483 17
1774707653981 97.64558988809586 18
1774707669174 96.83108276128769 19
1774707684507 98.22620844841003 20
1774707699826 95.32532322406769 21
1774707715087 91.59048557281494 22
1774707730494 91.20412620902061 23
1774707745815 92.7656626701355 24
1774707761174 89.61915683746338 25
1774707776422 86.34809398651123 26
1774707791636 85.20356634259224 27
1774707806873 84.48505476117134 28
1774707822237 85.66631072759628 29
1774707837417 85.45109206438065 30
1774707852720 83.39535593986511 31
1774707868065 81.8215491771698 32
1774707883268 80.36682325601578 33
1774707898538 79.06930327415466 34
1774707913842 79.54268205165863 35
1774707929015 79.94196480512619 36
1774707944359 77.57633182406425 37
1774707959556 76.7400050163269 38
1774707974868 75.41731831431389 39
1774707990035 75.23792952299118 40
1774708005349 75.58993920683861 41
1774708020691 74.9708744585514 42
1774708036086 76.28866609930992 43
1774708051505 76.4129369854927 44
1774708066859 71.31403523683548 45
1774708082043 73.87783229351044 46
1774708097339 71.95972856879234 47
1774708112756 69.05770429968834 48
1774708127892 70.61473372578621 49
1774708143063 69.2512272298336 50
1774708158448 68.11624664068222 51
1774708173731 68.47391560673714 52
1774708189072 67.30219557881355 53
1774708204471 65.45619070529938 54
1774708219833 71.23210394382477 55
1774708235192 72.12380895018578 56
1774708250537 67.60764899849892 57
1774708265836 65.44309347867966 58
1774708281193 63.513196121901274 59
1774708296530 63.91461622714996 60
1774708311761 62.04295286536217 61
1774708327016 61.55516976118088 62
1774708342218 60.6292387843132 63
1774708357540 60.07292386889458 64
1774708372652 58.28516900539398 65
