1774183154598 0.0 0
1774183164611 16.2 1
1774183174618 13.4 2
1774183184634 12.8 3
1774183194641 16.3 4
1774183204648 12.7 5
1774183214656 12.7 6
1774183224663 12.9 7
1774183234673 16.1 8
1774183244680 12.8 9
1774183254695 11.3 10
1774183264714 17.5 11
1774183274727 13.4 12
1774183284750 11.1 13
1774183294758 17.9 14
1774183304766 12.7 15
1774183314774 11.0 16
1774183324781 17.2 17
1774183334798 13.5 18
1774183344806 11.1 19
1774183354813 12.7 20
1774183364824 18.0 21
1774183374833 11.1 22
1774183384847 12.2 23
1774183394855 18.8 24
1774183404864 11.5 25
1774183414872 11.5 26
1774183424880 19.5 27
1774183434888 11.0 28
1774183444915 12.0 29
1774183454923 17.8 30
1774183464939 13.6 31
1774183474948 11.9 32
1774183484956 13.9 33
1774183494965 16.7 34
1774183504975 11.8 35
1774183514984 14.0 36
1774183524992 16.5 37
1774183535000 11.5 38
1774183545015 13.6 39
1774183555024 16.9 40
1774183565033 12.0 41
1774183575043 13.4 42
1774183585056 13.3 43
1774183595065 15.0 44
1774183605073 13.2 45
1774183615082 12.0 46
1774183625097 16.2 47
1774183635105 13.2 48
1774183645113 12.6 49
1774183655123 16.4 50
1774183665139 13.2 51
1774183675155 12.9 52
1774183685165 15.8 53
1774183695181 13.6 54
1774183705189 12.6 55
1774183715200 11.3 56
1774183725209 17.7 57
1774183735233 12.7 58
1774183745251 11.2 59
1774183755276 17.5 60
1774183765284 12.6 61
1774183775293 10.8 62
1774183785303 17.9 63
