1774183154598 2.8 0
1774183164611 44.8 1
1774183174618 44.8 2
1774183184634 44.8 3
1774183194641 44.8 4
1774183204648 44.8 5
1774183214656 44.8 6
1774183224663 44.8 7
1774183234673 44.8 8
1774183244680 44.8 9
1774183254695 44.8 10
1774183264714 44.8 11
1774183274727 44.8 12
1774183284750 44.8 13
1774183294758 44.8 14
1774183304766 44.8 15
1774183314774 44.8 16
1774183324781 44.8 17
1774183334798 44.8 18
1774183344806 44.8 19
1774183354813 44.8 20
1774183364824 44.8 21
1774183374833 44.8 22
1774183384847 44.8 23
1774183394855 44.8 24
1774183404864 44.8 25
1774183414872 44.8 26
1774183424880 44.8 27
1774183434888 44.8 28
1774183444915 44.8 29
1774183454923 44.8 30
1774183464939 44.8 31
1774183474948 44.8 32
1774183484956 44.8 33
1774183494965 44.8 34
1774183504975 44.8 35
1774183514984 44.8 36
1774183524992 44.8 37
1774183535000 44.8 38
1774183545015 44.8 39
1774183555024 44.8 40
1774183565033 44.8 41
1774183575043 44.8 42
1774183585056 44.8 43
1774183595065 44.8 44
1774183605073 44.8 45
1774183615082 44.8 46
1774183625097 44.8 47
1774183635105 44.8 48
1774183645113 44.8 49
1774183655123 44.8 50
1774183665139 44.8 51
1774183675155 44.8 52
1774183685165 44.8 53
1774183695181 44.8 54
1774183705189 44.8 55
1774183715200 44.8 56
1774183725209 44.8 57
1774183735233 44.8 58
1774183745251 44.8 59
1774183755276 44.8 60
1774183765284 44.8 61
1774183775293 44.8 62
1774183785303 44.8 63
