1774183154598 42.1 0
1774183164611 105.2 1
1774183174618 90.7 2
1774183184634 76.1 3
1774183194641 116.5 4
1774183204648 86.1 5
1774183214656 100.4 6
1774183224663 115.1 7
1774183234673 113.1 8
1774183244680 84.0 9
1774183254695 100.0 10
1774183264714 176.3 11
1774183274727 88.7 12
1774183284750 127.6 13
1774183294758 82.9 14
1774183304766 105.1 15
1774183314774 105.1 16
1774183324781 142.7 17
1774183334798 84.7 18
1774183344806 107.0 19
1774183354813 92.6 20
1774183364824 98.6 21
1774183374833 118.9 22
1774183384847 86.9 23
1774183394855 83.3 24
1774183404864 81.7 25
1774183414872 92.9 26
1774183424880 102.8 27
1774183434888 106.9 28
1774183444915 162.2 29
1774183454923 80.2 30
1774183464939 122.0 31
1774183474948 95.2 32
1774183484956 100.1 33
1774183494965 186.7 34
1774183504975 104.2 35
1774183514984 76.8 36
1774183524992 95.2 37
1774183535000 101.1 38
1774183545015 75.3 39
1774183555024 99.8 40
1774183565033 90.0 41
1774183575043 77.5 42
1774183585056 90.4 43
1774183595065 111.1 44
1774183605073 106.3 45
1774183615082 79.3 46
1774183625097 88.5 47
1774183635105 90.2 48
1774183645113 83.8 49
1774183655123 132.3 50
1774183665139 92.4 51
1774183675155 84.0 52
1774183685165 153.2 53
1774183695181 95.8 54
1774183705189 135.0 55
1774183715200 108.2 56
1774183725209 131.5 57
1774183735233 162.6 58
1774183745251 131.8 59
1774183755276 173.7 60
1774183765284 121.1 61
1774183775293 137.8 62
1774183785303 115.5 63
