1773972266530 0.8646420836448669 0
1773972266641 0.4959867596626282 1
1773972266745 0.47957050800323486 2
1773972266854 0.46704617142677307 3
1773972266973 0.45601117610931396 4
1773972267092 0.44873693585395813 5
1773972267198 0.44051241874694824 6
1773972267304 0.43399128317832947 7
1773972267410 0.4274864196777344 8
1773972267517 0.4212859869003296 9
1773972267626 0.41652563214302063 10
1773972267734 0.4131356179714203 11
1773972267843 0.4079153835773468 12
1773972267952 0.4038834273815155 13
1773972268061 0.3991554081439972 14
1773972268171 0.3959541618824005 15
1773972268281 0.39196184277534485 16
1773972268393 0.3882802724838257 17
1773972268504 0.385898232460022 18
1773972268616 0.38285353779792786 19
