1774130706575 3.0735517338862217 0
1774130708781 2.6819662369623574 1
1774130711167 2.2543176003040015 2
1774130713312 1.8935103910470696 3
1774130715465 1.6061849963536161 4
1774130717815 1.3720554708374364 5
1774130720105 1.1788595719937016 6
1774130722265 1.0097109948435663 7
1774130724607 0.8791946789882042 8
1774130726740 0.7595659413339665 9
1774130728909 0.67189633481756 10
1774130731229 0.5923991698232978 11
1774130733383 0.5295017159805527 12
1774130735728 0.469780223679324 13
1774130738111 0.41373423501932766 14
1774130740289 0.378621345196561 15
1774130742448 0.3372183865195408 16
1774130744819 0.31060543620059583 17
1774130746951 0.2744976714496036 18
1774130749144 0.2602215859677629 19
1774130751470 0.2369610808982391 20
1774130753844 0.21752648622731305 21
1774130755999 0.19817013969245564 22
1774130758355 0.1838001090335461 23
1774130760527 0.16524354455604454 24
1774130762703 0.15953653551743122 25
1774130764849 0.14918413735647862 26
1774130767232 0.1427099214527052 27
1774130769558 0.13725315140607924 28
1774130771675 0.12633467727107706 29
1774130774022 0.11380066312946362 30
1774130776162 0.10791203075043071 31
1774130778394 0.10802622538129777 32
1774130780770 0.1009071629939384 33
1774130782930 0.09710699367647964 34
1774130785223 0.09197983901169447 35
1774130787569 0.08775684182841893 36
1774130789706 0.0863570148905874 37
1774130791837 0.0856252104963433 38
1774130794203 0.08346782786699534 39
1774130796402 0.07249136402324313 40
1774130798546 0.07494521360420825 41
1774130801094 0.07664829069733994 42
1774130803265 0.06801202777660502 43
1774130805402 0.06871975020526258 44
1774130807788 0.06075270920594343 45
1774130809979 0.058421185002890966 46
1774130812170 0.058489901597644355 47
1774130814565 0.05770571292759635 48
1774130816742 0.053195844060998886 49
1774130819049 0.055523650545128915 50
1774130821425 0.051122633831794426 51
1774130823616 0.04894758670154145 52
1774130825799 0.048538081865272996 53
1774130828206 0.04542989932017966 54
1774130830375 0.0429950426340935 55
1774130832730 0.046502740554463635 56
