1774582252853 47.37279516458511 0
1774582253921 47.00641340017319 1
1774582254993 46.79953843355179 2
1774582256060 46.45073074102402 3
1774582257131 46.24962592124939 4
1774582258194 46.3302543759346 5
1774582259259 45.912093222141266 6
1774582260336 45.90502029657364 7
1774582261417 45.57322996854782 8
1774582262477 45.3199143409729 9
1774582263555 45.41193205118179 10
1774582264657 44.980438590049744 11
1774582265721 44.858676850795746 12
1774582266803 44.92511069774628 13
1774582267873 44.50981825590134 14
1774582268948 44.43007320165634 15
1774582270012 44.02316051721573 16
1774582271123 43.956849098205566 17
1774582272191 43.67812383174896 18
1774582273273 43.626508712768555 19
1774582274372 43.22162538766861 20
1774582275483 42.762971341609955 21
1774582276592 42.550389885902405 22
1774582277747 42.13727420568466 23
1774582278863 41.49614751338959 24
1774582279970 40.971296310424805 25
1774582281052 40.819529712200165 26
1774582282125 40.31828260421753 27
1774582283188 40.036825478076935 28
1774582284301 39.669528007507324 29
1774582285443 39.15523427724838 30
1774582286516 39.162866711616516 31
1774582287602 38.321371376514435 32
1774582288728 37.77262446284294 33
1774582289800 37.79836016893387 34
1774582290877 37.093068331480026 35
1774582291938 36.62323513627052 36
1774582293000 35.918887227773666 37
1774582294092 36.12459397315979 38
1774582295173 35.91422039270401 39
1774582296355 35.25422337651253 40
1774582297439 34.55601915717125 41
1774582298511 34.00304955244064 42
1774582299575 33.72767096757889 43
1774582300653 33.557624995708466 44
1774582301720 33.05715861916542 45
1774582302784 32.242341339588165 46
1774582303849 32.01493972539902 47
1774582304924 31.48555800318718 48
1774582306061 31.39557272195816 49
1774582307203 30.602276921272278 50
1774582308324 30.77005597949028 51
1774582309395 30.04218888282776 52
1774582310458 29.30879184603691 53
1774582311601 29.465061634778976 54
1774582312671 29.11424970626831 55
1774582313740 28.040373474359512 56
1774582314804 28.22095900774002 57
1774582315870 27.871034622192383 58
1774582316933 28.262925416231155 59
1774582318001 27.46102023124695 60
1774582319081 26.58005926012993 61
1774582320180 26.785606145858765 62
1774582321290 26.30051678419113 63
1774582322366 25.86076709628105 64
1774582323435 25.88369384407997 65
1774582324535 25.951452255249023 66
1774582325638 25.247891128063202 67
1774582326760 25.03285723924637 68
1774582327832 25.226534366607666 69
1774582328908 24.442594051361084 70
1774582329990 24.505228340625763 71
1774582331060 24.11219733953476 72
1774582332184 23.57279321551323 73
1774582333347 23.20446614921093 74
1774582334429 23.382212057709694 75
1774582335494 23.867444843053818 76
1774582336581 22.81806956231594 77
1774582337663 22.91080069541931 78
1774582338775 23.288843974471092 79
1774582339882 22.481824472546577 80
1774582341004 23.00044709444046 81
1774582342158 22.482075959444046 82
1774582343235 22.005406856536865 83
1774582344312 21.743691012263298 84
1774582345397 21.737036481499672 85
1774582346552 21.289044111967087 86
1774582347624 21.43323415517807 87
