1774582252856 0.5055112570356473 0
1774582253925 0.5202861163227017 1
1774582254996 0.524155722326454 2
1774582256064 0.5331848030018762 3
1774582257136 0.5409240150093808 4
1774582258199 0.5432692307692307 5
1774582259263 0.5551125703564728 6
1774582260341 0.5525328330206379 7
1774582261421 0.5625 8
1774582262482 0.5725844277673546 9
1774582263561 0.5707082551594747 10
1774582264662 0.5838414634146342 11
1774582265725 0.5898217636022514 12
1774582266809 0.5803236397748592 13
1774582267879 0.5942776735459663 14
1774582268953 0.5995544090056285 15
1774582270017 0.6053001876172608 16
1774582271131 0.6135084427767354 17
1774582272195 0.6129221388367729 18
1774582273278 0.6174953095684803 19
1774582274377 0.624296435272045 20
1774582275489 0.6328564727954972 21
1774582276598 0.6369606003752345 22
1774582277757 0.6438789868667918 23
1774582278870 0.6571294559099438 24
1774582279975 0.661937148217636 25
1774582281057 0.6659240150093808 26
1774582282130 0.674718574108818 27
1774582283193 0.6738977485928705 28
1774582284309 0.6809333958724203 29
1774582285451 0.6870309568480301 30
1774582286521 0.6944183864915572 31
1774582287606 0.6961772983114447 32
1774582288737 0.7117729831144465 33
1774582289805 0.7157598499061913 34
1774582290882 0.7188086303939962 35
1774582291943 0.724671669793621 36
1774582293005 0.7279549718574109 37
1774582294098 0.7315900562851783 38
1774582295178 0.7319418386491557 39
1774582296365 0.7462476547842402 40
1774582297446 0.7485928705440901 41
1774582298516 0.7578564727954972 42
1774582299580 0.7580909943714822 43
1774582300660 0.7630159474671669 44
1774582301725 0.7664165103189493 45
1774582302790 0.7714587242026266 46
1774582303854 0.7804878048780488 47
1774582304930 0.7856472795497186 48
1774582306066 0.7841228893058161 49
1774582307209 0.7943245778611632 50
1774582308330 0.7932692307692307 51
1774582309400 0.797373358348968 52
1774582310463 0.8027673545966229 53
1774582311612 0.800187617260788 54
1774582312676 0.8055816135084428 55
1774582313745 0.8065196998123827 56
1774582314809 0.8071060037523452 57
1774582315876 0.8150797373358349 58
1774582316939 0.8095684803001876 59
1774582318007 0.8222326454033771 60
1774582319091 0.8219981238273921 61
1774582320190 0.8222326454033771 62
1774582321300 0.8284474671669794 63
1774582322373 0.8320825515947468 64
1774582323441 0.8296200750469043 65
1774582324542 0.8289165103189493 66
1774582325648 0.836421200750469 67
1774582326769 0.838531894934334 68
1774582327840 0.8317307692307693 69
1774582328914 0.8404080675422139 70
1774582329996 0.8421669793621013 71
1774582331065 0.8452157598499062 72
1774582332190 0.8449812382739212 73
1774582333358 0.8524859287054409 74
1774582334435 0.8514305816135085 75
1774582335500 0.8488508442776735 76
1774582336587 0.8551829268292683 77
1774582337669 0.8578799249530957 78
1774582338782 0.8507270168855535 79
1774582339889 0.8601078799249531 80
1774582341012 0.8558864915572233 81
1774582342169 0.8560037523452158 82
1774582343241 0.859873358348968 83
1774582344319 0.8616322701688556 84
1774582345405 0.8653846153846154 85
1774582346563 0.8639774859287055 86
1774582347631 0.8618667917448405 87
