1774131540947 0.4935897435897436 0
1774131541305 0.5308005003126954 1
1774131541770 0.6461851156973109 2
1774131542121 0.6857410881801126 3
1774131542479 0.6821450906816761 4
1774131542927 0.6743277048155097 5
1774131543276 0.7095059412132583 6
1774131543603 0.7987804878048781 7
1774131544082 0.8386491557223265 8
1774131544480 0.8696060037523452 9
1774131544977 0.9022826766729206 10
1774131545303 0.9186991869918699 11
1774131545636 0.9379299562226392 12
1774131546118 0.948874296435272 13
1774131546447 0.9620075046904315 14
1774131546846 0.9710756722951845 15
1774131547165 0.9770168855534709 16
1774131547626 0.9799874921826142 17
1774131547978 0.9838961851156973 18
1774131548670 0.9854596622889306 19
1774131549058 0.9838961851156973 20
1774131549429 0.9907754846779238 21
1774131549934 0.9892120075046904 22
1774131550297 0.9924953095684803 23
1774131550652 0.9921826141338337 24
