1773969937921 0.8641584515571594 0
1773969938048 0.4796762466430664 1
1773969938170 0.4576738774776459 2
1773969938295 0.4400500953197479 3
1773969938418 0.42749476432800293 4
1773969938547 0.41596972942352295 5
1773969938688 0.4058679938316345 6
1773969938834 0.39746832847595215 7
1773969938981 0.3889668583869934 8
1773969939119 0.3813994824886322 9
1773969939245 0.3743878901004791 10
1773969939384 0.3678712248802185 11
1773969939505 0.3617768883705139 12
1773969939628 0.3543790578842163 13
1773969939751 0.3468541204929352 14
1773969939876 0.3402385115623474 15
1773969940000 0.3353176712989807 16
1773969940125 0.3303668797016144 17
1773969940251 0.32415375113487244 18
1773969940378 0.31833842396736145 19
1773969940504 0.3124915063381195 20
1773969940632 0.30720797181129456 21
1773969940758 0.30029842257499695 22
1773969940887 0.29659387469291687 23
1773969941014 0.2902059257030487 24
1773969941143 0.28692182898521423 25
