1774211855101 0.0 0
1774211865110 78.0 1
1774211875120 79.0 2
1774211885129 74.0 3
1774211895136 77.0 4
1774211905157 77.0 5
1774211915170 76.0 6
1774211925177 79.0 7
1774211935194 77.0 8
1774211945204 78.0 9
1774211955212 77.0 10
1774211965220 78.0 11
1774211975228 78.0 12
1774211985237 77.0 13
1774211995253 79.0 14
1774212005267 79.0 15
1774212015275 78.0 16
1774212025286 78.0 17
1774212035299 78.0 18
1774212045309 78.0 19
1774212055319 78.0 20
1774212065341 80.0 21
1774212075349 77.0 22
1774212085357 78.0 23
1774212095364 75.0 24
1774212105384 77.0 25
1774212115397 78.0 26
1774212125409 79.0 27
1774212135418 78.0 28
1774212145427 77.0 29
1774212155435 77.0 30
1774212165444 77.0 31
1774212175459 78.0 32
1774212185467 79.0 33
1774212195484 80.0 34
1774212205496 77.0 35
1774212215505 80.0 36
1774212225518 77.0 37
1774212235526 78.0 38
1774212245537 79.0 39
1774212255552 82.0 40
1774212265561 79.0 41
1774212275574 77.0 42
1774212285590 78.0 43
1774212295602 78.0 44
1774212305613 79.0 45
1774212315631 78.0 46
1774212325645 78.0 47
1774212335657 79.0 48
1774212345665 78.0 49
1774212355675 78.0 50
1774212365685 78.0 51
1774212375695 77.0 52
