1774211855101 2.8 0
1774211865110 24.9 1
1774211875120 24.9 2
1774211885129 24.9 3
1774211895136 24.9 4
1774211905157 24.9 5
1774211915170 24.9 6
1774211925177 24.9 7
1774211935194 24.9 8
1774211945204 24.9 9
1774211955212 24.9 10
1774211965220 26.9 11
1774211975228 26.9 12
1774211985237 26.9 13
1774211995253 26.9 14
1774212005267 29.0 15
1774212015275 29.0 16
1774212025286 29.0 17
1774212035299 29.0 18
1774212045309 29.0 19
1774212055319 29.0 20
1774212065341 29.0 21
1774212075349 29.0 22
1774212085357 29.0 23
1774212095364 29.0 24
1774212105384 29.0 25
1774212115397 29.0 26
1774212125409 29.0 27
1774212135418 29.0 28
1774212145427 29.0 29
1774212155435 29.0 30
1774212165444 29.0 31
1774212175459 29.0 32
1774212185467 29.0 33
1774212195484 29.0 34
1774212205496 29.0 35
1774212215505 29.0 36
1774212225518 29.0 37
1774212235526 29.0 38
1774212245537 29.0 39
1774212255552 29.0 40
1774212265561 29.0 41
1774212275574 29.0 42
1774212285590 29.0 43
1774212295602 29.0 44
1774212305613 29.0 45
1774212315631 29.0 46
1774212325645 29.0 47
1774212335657 29.0 48
1774212345665 29.0 49
1774212355675 29.0 50
1774212365685 29.0 51
1774212375695 29.0 52
