1774211855101 40.9 0
1774211865110 86.6 1
1774211875120 76.7 2
1774211885129 105.3 3
1774211895136 80.4 4
1774211905157 80.8 5
1774211915170 68.5 6
1774211925177 98.8 7
1774211935194 72.6 8
1774211945204 72.2 9
1774211955212 76.5 10
1774211965220 102.9 11
1774211975228 67.0 12
1774211985237 79.1 13
1774211995253 83.2 14
1774212005267 66.4 15
1774212015275 93.0 16
1774212025286 77.5 17
1774212035299 76.7 18
1774212045309 86.7 19
1774212055319 74.1 20
1774212065341 121.1 21
1774212075349 79.5 22
1774212085357 73.3 23
1774212095364 87.6 24
1774212105384 80.1 25
1774212115397 62.5 26
1774212125409 91.3 27
1774212135418 69.1 28
1774212145427 84.1 29
1774212155435 118.7 30
1774212165444 67.6 31
1774212175459 119.9 32
1774212185467 100.2 33
1774212195484 95.1 34
1774212205496 66.8 35
1774212215505 82.8 36
1774212225518 122.4 37
1774212235526 76.1 38
1774212245537 82.3 39
1774212255552 79.6 40
1774212265561 87.2 41
1774212275574 78.6 42
1774212285590 58.1 43
1774212295602 79.9 44
1774212305613 73.6 45
1774212315631 88.2 46
1774212325645 78.6 47
1774212335657 117.4 48
1774212345665 106.2 49
1774212355675 86.7 50
1774212365685 61.9 51
1774212375695 69.0 52
