1768618002704 9044.1 0
1768618012728 10256.4 1
1768618022738 10352.6 2
1768618032749 10397.9 3
1768618042756 10414.3 4
1768618052780 10588.6 5
1768618062791 10419.8 6
1768618072818 10436.6 7
1768618082828 10542.4 8
1768618092855 10888.9 9
1768618102865 10943.3 10
1768618112896 10894.7 11
1768618122909 10909.0 12
1768618132917 10857.3 13
1768618142925 10854.1 14
1768618152935 11007.5 15
1768618162943 10870.4 16
1768618172952 10878.2 17
1768618182961 10879.7 18
1768618192987 10848.8 19
1768618202996 10855.4 20
1768618213009 10863.7 21
