1774135643106 0.8767189383506775 0
1774135643221 0.46497291326522827 1
1774135643329 0.4416634440422058 2
1774135643436 0.4234791398048401 3
1774135643544 0.4104669690132141 4
1774135643654 0.3978198170661926 5
1774135643768 0.3865283727645874 6
1774135643884 0.37705379724502563 7
1774135644003 0.3681321442127228 8
1774135644131 0.36016538739204407 9
1774135644260 0.35281985998153687 10
1774135644387 0.34460049867630005 11
1774135644514 0.3381538987159729 12
1774135644639 0.33097749948501587 13
1774135644766 0.3239745795726776 14
1774135644892 0.3180684447288513 15
1774135645005 0.310870885848999 16
1774135645118 0.30548080801963806 17
1774135645233 0.29995429515838623 18
1774135645350 0.29438677430152893 19
1774135645467 0.28947368264198303 20
1774135645582 0.28279662132263184 21
1774135645698 0.2777029573917389 22
1774135645814 0.27311304211616516 23
1774135645932 0.2682543694972992 24
1774135646049 0.2612440884113312 25
1774135646167 0.25795936584472656 26
1774135646285 0.25413548946380615 27
1774135646407 0.24982592463493347 28
1774135646527 0.24595750868320465 29
