1774358388641 214.0 0
1774358398649 1115.8 1
1774358408657 1115.8 2
1774358418673 1115.8 3
1774358428680 1235.4 4
1774358438687 1235.4 5
1774358448701 1235.4 6
1774358458711 1235.4 7
1774358468722 1235.4 8
1774358478728 1235.4 9
1774358488737 1235.4 10
1774358498747 1359.1 11
1774358508755 1359.1 12
1774358518765 1359.1 13
1774358528773 1359.1 14
1774358538780 1359.1 15
1774358548792 1359.1 16
1774358558812 1359.1 17
1774358568820 1359.1 18
1774358578827 1359.1 19
1774358588837 1359.1 20
1774358598854 1359.1 21
1774358608862 1359.1 22
1774358618870 1359.1 23
1774358628879 1359.1 24
1774358638888 1359.1 25
1774358648898 1359.1 26
1774358658906 1359.1 27
1774358668922 1359.1 28
1774358678935 1359.1 29
1774358688943 1359.1 30
1774358698951 1359.1 31
1774358708958 1359.1 32
1774358718966 1359.1 33
1774358728974 1359.1 34
1774358738988 1359.1 35
1774358748998 1359.1 36
1774358759005 1359.1 37
1774358769013 1359.1 38
1774358779023 1359.1 39
1774358789033 1359.1 40
1774358799041 1359.1 41
1774358809049 1359.1 42
1774358819057 1359.1 43
1774358829065 1359.1 44
1774358839073 1359.1 45
1774358849086 1359.1 46
1774358859094 1359.1 47
1774358869103 1359.1 48
1774358879111 1359.1 49
1774358889128 1359.1 50
1774358899138 1359.1 51
1774358909146 1359.1 52
1774358919154 1359.1 53
1774358929164 1359.1 54
1774358939172 1359.1 55
1774358949180 1359.1 56
1774358959189 1359.1 57
1774358969197 1359.1 58
1774358979208 1359.1 59
1774358989224 1359.1 60
1774358999233 1359.1 61
1774359009241 1359.1 62
1774359019255 1359.1 63
1774359029263 1359.1 64
1774359039277 1359.1 65
1774359049285 1359.1 66
1774359059293 1359.1 67
1774359069301 1359.1 68
1774359079310 1359.1 69
1774359089318 1359.1 70
1774359099329 1359.1 71
1774359109340 1359.1 72
1774359119352 1359.1 73
1774359129364 1359.1 74
1774359139375 1359.1 75
1774359149389 1359.1 76
1774359159399 1359.1 77
1774359169410 1359.1 78
1774359179418 1359.1 79
1774359189427 1359.1 80
1774359199435 1359.1 81
1774359209461 1359.1 82
1774359219470 1359.1 83
1774359229484 1359.1 84
1774359239501 1359.1 85
1774359249512 1359.1 86
1774359259527 1359.1 87
1774359269536 1359.1 88
1774359279546 1359.1 89
1774359289557 1359.1 90
1774359299566 1359.1 91
1774359309575 1359.1 92
1774359319591 1359.1 93
1774359329600 1359.1 94
1774359339611 1359.1 95
1774359349620 1359.1 96
1774359359628 1359.1 97
1774359369639 1359.1 98
1774359379648 1359.1 99
1774359389660 1359.1 100
1774359399674 1359.1 101
1774359409684 1359.1 102
1774359419699 1359.1 103
1774359429710 1359.1 104
1774359439728 1359.1 105
1774359449743 1359.1 106
1774359459758 1359.1 107
1774359469770 1359.1 108
1774359479780 1359.1 109
1774359489792 1359.1 110
1774359499802 1359.1 111
1774359509816 1359.1 112
1774359519827 1359.1 113
1774359529840 1359.1 114
1774359539850 1359.1 115
1774359549860 1359.1 116
1774359559870 1359.1 117
1774359569880 1359.1 118
1774359579896 1359.1 119
1774359589909 1359.1 120
1774359599925 1359.1 121
1774359609935 1359.1 122
1774359619952 1359.1 123
