1774384208894 6162.9 0
1774384218902 6695.7 1
1774384228910 6791.9 2
1774384238917 6786.7 3
1774384248925 6794.1 4
1774384258932 6816.0 5
1774384268944 6798.3 6
1774384278959 6801.6 7
1774384288967 6796.5 8
1774384298975 6991.6 9
1774384308987 6754.2 10
1774384318996 6764.6 11
1774384329003 6759.1 12
1774384339010 6761.3 13
1774384349017 6772.1 14
1774384359037 6774.2 15
1774384369045 6760.2 16
1774384379052 6766.0 17
1774384389061 6777.3 18
1774384399081 6777.2 19
1774384409091 6777.5 20
1774384419099 6775.2 21
1774384429106 6878.8 22
1774384439114 6782.0 23
1774384449122 6798.3 24
1774384459132 6784.9 25
1774384469146 6769.7 26
1774384479162 6775.6 27
1774384489170 6789.5 28
1774384499188 6788.1 29
1774384509201 6781.0 30
1774384519210 6794.7 31
1774384529221 7076.5 32
1774384539229 6797.2 33
1774384549237 6789.4 34
1774384559246 6792.1 35
1774384569260 6795.0 36
1774384579267 6792.4 37
1774384589281 6816.2 38
1774384599289 6863.2 39
1774384609302 6808.7 40
1774384619313 6809.0 41
1774384629322 6808.0 42
1774384639331 6823.6 43
1774384649340 6814.4 44
1774384659352 7061.1 45
1774384669363 6815.8 46
1774384679373 6817.1 47
1774384689386 6821.5 48
1774384699395 6819.7 49
1774384709406 6821.7 50
1774384719414 6823.8 51
1774384729422 6825.0 52
1774384739430 6841.7 53
1774384749445 6857.0 54
1774384759454 6884.5 55
1774384769463 6836.8 56
1774384779472 6823.9 57
1774384789481 6944.6 58
1774384799489 6836.0 59
1774384809498 6840.0 60
1774384819507 6886.5 61
1774384829516 6844.5 62
1774384839525 6839.0 63
1774384849533 6891.8 64
1774384859548 6856.3 65
1774384869566 6844.3 66
1774384879578 6894.5 67
1774384889589 7117.8 68
1774384899605 6850.3 69
1774384909613 6902.9 70
1774384919624 6861.0 71
1774384929642 6908.2 72
1774384939651 6863.8 73
1774384949662 6878.9 74
1774384959677 6869.0 75
1774384969690 6877.2 76
1774384979700 6864.7 77
1774384989709 6882.9 78
1774384999719 6880.6 79
1774385009731 6890.0 80
1774385019742 7034.0 81
1774385029752 6899.4 82
1774385039761 6904.4 83
1774385049770 6906.4 84
1774385059783 6877.9 85
1774385069793 6882.9 86
1774385079803 6881.8 87
1774385089817 6885.6 88
1774385099834 6882.8 89
1774385109845 6890.4 90
1774385119854 6887.4 91
1774385129863 6821.6 92
1774385139873 6817.0 93
1774385149883 6845.2 94
1774385159898 6817.8 95
1774385169909 6813.7 96
1774385179919 6827.7 97
1774385189929 6825.3 98
1774385199947 6887.7 99
1774385209971 6867.9 100
1774385219985 6833.6 101
1774385229999 6885.2 102
1774385240010 6902.4 103
1774385250023 7088.0 104
1774385260033 6899.8 105
1774385270048 6890.4 106
1774385280061 6841.6 107
1774385290079 6874.4 108
1774385300088 6872.8 109
1774385310104 6841.3 110
1774385320117 6885.2 111
1774385330129 6885.3 112
1774385340140 6849.5 113
1774385350159 6842.6 114
1774385360172 6852.1 115
1774385370193 6855.6 116
1774385380203 6985.2 117
1774385390213 6856.1 118
1774385400227 6854.0 119
1774385410240 6846.2 120
1774385420251 6864.6 121
1774385430265 6866.5 122
1774385440276 6913.6 123
1774385450288 6840.8 124
1774385460300 6788.7 125
1774385470313 6797.3 126
1774385480328 6922.9 127
1774385490338 6793.4 128
1774385500350 6805.0 129
1774385510359 6816.9 130
1774385520376 6792.0 131
1774385530385 6800.9 132
1774385540396 6802.4 133
1774385550410 6830.1 134
1774385560426 6804.8 135
1774385570437 6807.9 136
1774385580455 6805.5 137
1774385590472 6807.1 138
1774385600483 6818.4 139
1774385610494 7066.6 140
1774385620504 6808.7 141
1774385630516 6804.6 142
1774385640526 6819.0 143
1774385650539 6812.7 144
1774385660551 6817.5 145
1774385670562 6809.5 146
