1774357209988 0.22362840333835 0
1774357225328 0.44807771240935834 1
1774357240635 0.5156656177315638 2
1774357255915 0.5740867423724175 3
1774357271190 0.6056916130797647 4
1774357286458 0.6225201805992612 5
1774357301877 0.6281981119168148 6
1774357317019 0.6502941578875359 7
1774357332259 0.673347927213025 8
1774357347663 0.6690381721165686 9
1774357363025 0.6844985634149678 10
1774357378289 0.6931864824189355 11
1774357393496 0.6972910110822274 12
1774357408706 0.7123409495142975 13
1774357424028 0.706526200574634 14
1774357439435 0.719113421808729 15
1774357454789 0.7155561636338761 16
1774357470200 0.7157613900670406 17
1774357485494 0.7176084279655219 18
1774357500813 0.7189081953755644 19
1774357516039 0.7291011082227391 20
1774357531225 0.7264331645915993 21
1774357546564 0.7397728827472978 22
1774357561880 0.7381310712819811 23
1774357577127 0.7418251470789438 24
1774357592511 0.7490080722397044 25
1774357607801 0.7574907648105076 26
1774357623148 0.7536598713914352 27
1774357638542 0.7639896018607196 28
1774357653812 0.7628950608838418 29
1774357669062 0.7679573129019017 30
1774357684332 0.769325489122999 31
1774357699671 0.7669995895471337 32
1774357715080 0.7756190997400465 33
1774357730394 0.7790395402927897 34
1774357745692 0.7739088794636749 35
1774357760982 0.7818443015460391 36
1774357776267 0.7815022574907649 37
1774357791503 0.7856067861540567 38
1774357806725 0.7847858804213983 39
1774357822050 0.7941578875359147 40
1774357837437 0.7925160760705979 41
1774357852789 0.7983308250102613 42
1774357868084 0.7940894787248598 43
1774357883498 0.791968805582159 44
1774357898682 0.7977151457107675 45
1774357913991 0.7963469694896703 46
1774357929314 0.8015460391298399 47
1774357944635 0.7802708988917773 48
1774357960042 0.7618005199069641 49
1774357975377 0.788411547407306 50
1774357990584 0.7890956355178547 51
1774358005992 0.8038035298946504 52
1774358021249 0.8052401149268026 53
1774358036607 0.8045560268162539 54
1774358051867 0.8103707757559173 55
1774358067203 0.8122862224654536 56
1774358082662 0.8138596251197154 57
1774358098001 0.816117115884526 58
1774358113218 0.8254207141879875 59
1774358128548 0.8203584621699275 60
1774358143858 0.8260363934874811 61
1774358159100 0.8259679846764263 62
1774358174521 0.8164591599398002 63
1774358189788 0.8009303598303461 64
1774358205176 0.8194691476262143 65
1774358220474 0.8260363934874811 66
1774358235826 0.8310302366944863 67
1774358251235 0.8319879600492543 68
1774358266457 0.8381447530441921 69
1774358281820 0.8336981803256259 70
1774358297157 0.8345190860582843 71
1774358312508 0.8334245450814065 72
1774358327810 0.8369133944452045 73
1774358343119 0.8366397592009851 74
1774358358337 0.841702011219045 75
1774358373605 0.847721986591873 76
