1773958376252 0.686819699100402 0
1773958376598 0.5558305093744853 1
1773958376947 0.44566735503338883 2
1773958377311 0.374452564167242 3
1773958377682 0.3345103068349503 4
1773958378047 0.29963629366424877 5
1773958378401 0.27478691875626277 6
1773958378740 0.23254750937734972 7
1773958379083 0.2165589862827859 8
1773958379437 0.19353488792945378 9
1773958379980 0.1784147321407077 10
1773958380351 0.1713309381433075 11
1773958380723 0.1562869421193495 12
1773958381094 0.14481462835704975 13
1773958381477 0.14071322331113476 14
1773958382058 0.1198672394496173 15
1773958382410 0.12427816111327283 16
1773958382761 0.10679508262512517 17
