1773958376256 0.5598401128615095 0
1773958376602 0.719256995062309 1
1773958376951 0.7939101810486715 2
1773958377315 0.8274159416882201 3
1773958377686 0.8491652950858217 4
1773958378052 0.8663296496590642 5
1773958378406 0.8810251587114978 6
1773958378745 0.9004232306607101 7
1773958379088 0.9053609217023277 8
1773958379441 0.9164119445097578 9
1773958379985 0.9221725840583118 10
1773958380356 0.9241711732894428 11
1773958380727 0.9361627086762285 12
1773958381099 0.9393369386315542 13
1773958381483 0.9414530919351046 14
1773958382063 0.9507406536562426 15
1773958382415 0.9454502703973665 16
1773958382766 0.956853985422055 17
