1768617364950 0.0 0
1768617374962 1.8442339999992328 1
1768617384973 2.839487999999619 2
1768617395026 3.455809999999474 3
1768617405034 5.287586999999803 4
1768617415043 6.302436999999372 5
1768617425050 6.885279999999511 6
1768617435059 8.796782999999778 7
1768617445066 9.785902999999962 8
1768617455077 10.371513999999479 9
1768617465089 12.176798999999846 10
1768617475113 13.183061999999154 11
1768617485121 13.770298999999795 12
1768617495129 15.53820099999939 13
1768617505143 16.654130999999325 14
