1774569732038 1.1087379050746868 0
1774569732535 0.699201352041613 1
1774569733197 0.6918417559779384 2
1774569733681 0.6844111798404529 3
1774569734216 0.6711777292094132 4
1774569734874 0.6419992773438932 5
1774569735361 0.6122835554727694 6
1774569736014 0.5824005998545247 7
1774569736529 0.5512069509579585 8
1774569737021 0.5237673375105545 9
1774569737878 0.4935662624536267 10
1774569738402 0.4718975564552293 11
1774569738895 0.4406153199596656 12
1774569739561 0.419301766336076 13
1774569740062 0.39491220117733583 14
1774569740576 0.3790726851231609 15
1774569741262 0.36163723038240403 16
1774569741777 0.34912836943066367 17
1774569742296 0.3385050305170592 18
1774569742983 0.31911570197198447 19
1774569743512 0.2982520065768351 20
1774569744036 0.2860841652689463 21
1774569744726 0.290574857765917 22
1774569745384 0.27130396728444056 23
1774569745910 0.2580823509711038 24
1774569746591 0.2513445418950093 25
