1774386600925 41.85890492796898 0
1774386601465 36.345844238996506 1
1774386601859 35.21817538142204 2
1774386602244 34.46144589781761 3
1774386602633 33.75463664531708 4
1774386603177 33.2873241007328 5
1774386603577 33.07663697004318 6
1774386603961 32.50304117798805 7
1774386604398 31.830066055059433 8
1774386604886 31.17131221294403 9
1774386605329 31.144843339920044 10
1774386605732 30.334524422883987 11
1774386606258 29.529412239789963 12
1774386606850 29.304406970739365 13
1774386607256 28.378628134727478 14
1774386607665 28.08376717567444 15
1774386608059 27.680225133895874 16
1774386608470 26.421163707971573 17
1774386608879 26.133360147476196 18
1774386609282 25.59451273083687 19
1774386609687 25.428037971258163 20
1774386610088 24.391938716173172 21
1774386610479 24.03289258480072 22
1774386610870 23.429118171334267 23
1774386611273 22.414071828126907 24
1774386611679 22.302071437239647 25
1774386612074 22.03388300538063 26
1774386612477 21.905099719762802 27
1774386612910 20.71133401989937 28
