1774579937896 140.4 0
1774579947904 1098.8 1
1774579957914 1203.7 2
1774579967921 1310.7 3
1774579977927 1310.7 4
1774579987937 1428.1 5
1774579997948 1428.1 6
1774580007958 1428.1 7
1774580017966 1428.1 8
1774580027973 1430.2 9
1774580037981 1430.2 10
1774580047987 1430.2 11
1774580057993 1430.2 12
1774580067999 1430.2 13
1774580078006 1430.2 14
1774580088027 1430.2 15
1774580098036 1430.2 16
1774580108052 1430.2 17
1774580118059 1430.2 18
1774580128067 1430.2 19
1774580138080 1430.2 20
1774580148097 1430.2 21
1774580158106 1430.2 22
1774580168123 1430.2 23
1774580178132 1430.2 24
1774580188143 1430.2 25
1774580198151 1430.2 26
1774580208161 1430.2 27
1774580218169 1430.2 28
1774580228183 1430.2 29
1774580238195 1430.2 30
1774580248204 1430.2 31
1774580258212 1430.2 32
1774580268219 1430.2 33
1774580278226 1430.2 34
1774580288235 1430.2 35
1774580298242 1430.2 36
1774580308249 1430.2 37
1774580318265 1430.2 38
1774580328273 1430.2 39
1774580338282 1430.2 40
1774580348290 1430.2 41
1774580358298 1430.2 42
1774580368308 1430.2 43
1774580378317 1430.2 44
1774580388325 1430.2 45
1774580398335 1430.2 46
1774580408349 1430.2 47
1774580418358 1430.2 48
1774580428365 1430.2 49
1774580438372 1430.2 50
1774580448384 1430.2 51
1774580458392 1430.2 52
1774580468400 1430.2 53
1774580478410 1430.2 54
1774580488432 1430.2 55
1774580498441 1430.2 56
1774580508450 1430.2 57
1774580518465 1430.2 58
1774580528474 1430.2 59
1774580538482 1430.2 60
1774580548495 1430.2 61
1774580558506 1430.2 62
1774580568521 1430.2 63
1774580578529 1430.2 64
1774580588538 1430.2 65
1774580598547 1430.2 66
1774580608556 1430.2 67
1774580618564 1430.2 68
1774580628576 1430.2 69
1774580638590 1430.2 70
1774580648603 1430.2 71
1774580658624 1430.2 72
1774580668637 1430.2 73
1774580678649 1430.2 74
1774580688659 1430.2 75
1774580698673 1430.2 76
1774580708683 1430.2 77
1774580718693 1430.2 78
1774580728713 1430.2 79
1774580738730 1430.2 80
1774580748747 1430.2 81
1774580758757 1430.2 82
1774580768768 1430.2 83
1774580778783 1430.2 84
1774580788798 1430.2 85
1774580798810 1430.2 86
