1774579937896 17.7 0
1774579947904 21.0 1
1774579957914 21.4 2
1774579967921 21.5 3
1774579977927 21.5 4
1774579987937 21.5 5
1774579997948 21.6 6
1774580007958 21.5 7
1774580017966 21.5 8
1774580027973 22.6 9
1774580037981 21.5 10
1774580047987 21.5 11
1774580057993 21.6 12
1774580067999 21.5 13
1774580078006 21.5 14
1774580088027 21.6 15
1774580098036 21.5 16
1774580108052 21.6 17
1774580118059 21.6 18
1774580128067 21.6 19
1774580138080 21.9 20
1774580148097 21.6 21
1774580158106 22.0 22
1774580168123 21.6 23
1774580178132 21.6 24
1774580188143 21.5 25
1774580198151 21.6 26
1774580208161 21.6 27
1774580218169 21.7 28
1774580228183 21.6 29
1774580238195 21.6 30
1774580248204 21.6 31
1774580258212 21.6 32
1774580268219 21.6 33
1774580278226 21.6 34
1774580288235 21.8 35
1774580298242 21.6 36
1774580308249 21.6 37
1774580318265 21.6 38
1774580328273 21.6 39
1774580338282 21.6 40
1774580348290 21.6 41
1774580358298 21.6 42
1774580368308 21.6 43
1774580378317 21.6 44
1774580388325 23.2 45
1774580398335 21.6 46
1774580408349 21.6 47
1774580418358 21.5 48
1774580428365 21.6 49
1774580438372 21.6 50
1774580448384 21.6 51
1774580458392 21.7 52
1774580468400 21.6 53
1774580478410 21.6 54
1774580488432 21.7 55
1774580498441 21.6 56
1774580508450 21.6 57
1774580518465 23.0 58
1774580528474 21.6 59
1774580538482 21.9 60
1774580548495 21.6 61
1774580558506 21.6 62
1774580568521 21.6 63
1774580578529 21.6 64
1774580588538 21.6 65
1774580598547 21.6 66
1774580608556 21.6 67
1774580618564 21.7 68
1774580628576 21.7 69
1774580638590 21.6 70
1774580648603 22.6 71
1774580658624 21.6 72
1774580668637 21.6 73
1774580678649 21.6 74
1774580688659 21.6 75
1774580698673 21.6 76
1774580708683 21.7 77
1774580718693 21.6 78
1774580728713 21.6 79
1774580738730 21.6 80
1774580748747 21.6 81
1774580758757 21.5 82
1774580768768 21.6 83
1774580778783 21.9 84
1774580788798 21.6 85
1774580798810 21.6 86
