1768651110272 0.7181966575263333 0
1768651110910 0.6932284678399296 1
1768651111553 0.694863220607144 2
1768651112175 0.6928354198305349 3
1768651112796 0.6926669182565502 4
1768651113422 0.6944080369488761 5
1768651114054 0.6954916996196834 6
1768651114679 0.6739485010017711 7
1768651115478 0.7015711690800458 8
1768651116104 0.6939558441460119 9
1768651116873 0.6920018235907789 10
1768651117502 0.6909876763330133 11
1768651118132 0.688792571611133 12
1768651118763 0.644901385061774 13
1768651119391 0.507391592684337 14
1768651120032 0.38687911290520366 15
1768651120682 0.3325881063657846 16
1768651121325 0.3034190529834347 17
1768651121967 0.26880545096764025 18
1768651122611 0.24686061100919976 19
1768651123261 0.2327947240667065 20
1768651123911 0.2141408604361045 21
1768651124558 0.2036269625165786 22
1768651125211 0.19591412915921116 23
1768651125861 0.17728830528152764 24
1768651126518 0.16425913324951424 25
1768651127313 0.16309171944485254 26
1768651127992 0.17192187973983758 27
1768651128723 0.15384820801228488 28
1768651129416 0.1380396212847295 29
1768651130120 0.14249400000922013 30
1768651130772 0.13799027948625614 31
