1774809223615 0.048091394171569296 0
1774809224600 0.7380626624709262 1
1774809225594 0.7594746203310987 2
1774809226558 0.7645368723491586 3
1774809227523 0.7687098098235052 4
1774809228489 0.7784922698043508 5
1774809229461 0.782870433711862 6
1774809230433 0.783417704200301 7
1774809231398 0.7883431385962512 8
1774809232368 0.7981940073881516 9
1774809233380 0.8005883157750718 10
1774809234395 0.8038035298946504 11
1774809235374 0.8078396497468874 12
1774809236351 0.8086605554795457 13
1774809237335 0.8152962101518676 14
1774809238315 0.818100971405117 15
1774809239295 0.8245313996442741 16
1774809240276 0.8242577644000547 17
1774809241256 0.8247366260774388 18
1774809242237 0.8297304692844438 19
1774809243222 0.8325352305376933 20
1774809244241 0.8352031741688329 21
1774809245262 0.8378027089889177 22
1774809246283 0.8440279107949104 23
1774809247302 0.8425913257627582 24
1774809248323 0.8447804077165139 25
1774809249343 0.85175810644411 26
1774809250363 0.8516212888220003 27
1774809251382 0.8575044465727185 28
1774809252402 0.8605144342591325 29
1774809253424 0.8635244219455466 30
1774809254447 0.8685182651525516 31
1774809255469 0.867355315364619 32
1774809256490 0.8757011903133124 33
1774809257515 0.875906416746477 34
1774809258538 0.8828841154740731 35
1774809259563 0.880421398276098 36
1774809260591 0.88692023532631 37
1774809261622 0.8896565877685045 38
1774809262656 0.8918456697222602 39
1774809263687 0.898002462717198 40
1774809264724 0.8970447393624299 41
1774809265765 0.8993706389382953 42
1774809266795 0.9043644821453003 43
1774809267826 0.9049801614447941 44
1774809268856 0.9096319605965248 45
1774809269886 0.9131208099603229 46
1774809270884 0.9156519359693529 47
1774809271916 0.9147626214256396 48
1774809272951 0.9209194144205773 49
1774809273951 0.9248871254617594 50
1774809274951 0.9215350937200711 51
1774809275989 0.9284443836366124 52
1774809277001 0.9297441510466548 53
1774809278047 0.9311807360788069 54
1774809279052 0.9350800383089342 55
1774809280060 0.9360377616637023 56
1774809281066 0.9406211520043781 57
1774809282071 0.9423313722807498 58
1774809283077 0.9448624982897798 59
1774809284084 0.9467779449993159 60
1774809285089 0.9491722533862361 61
1774809286095 0.9512929265289369 62
1774809287101 0.9514981529621015 63
1774809288109 0.9551238199480093 64
1774809289118 0.9558763168696128 65
1774809290127 0.9582706252565331 66
1774809291138 0.9596388014776304 67
1774809292150 0.9598440279107949 68
