1774353513780 0.5099437148217636 0
1774353513957 0.8669793621013133 1
1774353514127 0.8804878048780488 2
1774353514317 0.8930581613508443 3
1774353514485 0.8971857410881802 4
1774353514655 0.9039399624765478 5
1774353514823 0.9095684803001877 6
1774353515010 0.9155722326454033 7
1774353515197 0.9181988742964353 8
1774353515385 0.925140712945591 9
1774353515571 0.9305816135084428 10
1774353515759 0.9362101313320825 11
1774353515954 0.9393996247654784 12
1774353516157 0.9437148217636022 13
1774353516356 0.9457786116322702 14
1774353516548 0.949718574108818 15
1774353516718 0.9534709193245778 16
1774353516889 0.9553470919324578 17
1774353517060 0.9594746716697936 18
1774353517232 0.9607879924953096 19
1774353517405 0.9664165103189494 20
1774353517577 0.9675422138836773 21
1774353517750 0.9714821763602252 22
1774353517924 0.973170731707317 23
1774353518097 0.974484052532833 24
1774353518272 0.9774859287054409 25
1774353518448 0.9778611632270169 26
1774353518623 0.9806754221388367 27
1774353518797 0.9844277673545966 28
1774353518975 0.9840525328330206 29
