1774348147069 0.985203861519275 0
1774348147568 0.7237342722420397 1
1774348148236 0.7062912894234649 2
1774348148746 0.6984123196208231 3
1774348149272 0.6937224142546949 4
1774348149931 0.694394432581388 5
1774348150440 0.6928115179570039 6
1774348151098 0.6922182385961737 7
1774348151596 0.6921252866623325 8
1774348152099 0.6899978416721996 9
1774348152968 0.6873690109091897 10
1774348153469 0.6839101085296044 11
1774348154006 0.6781784769070752 12
1774348154687 0.6752514882785517 13
1774348155223 0.6599364426077866 14
1774348155775 0.6485202685977013 15
1774348156497 0.6296687017685925 16
1774348157006 0.6027896379664065 17
1774348157572 0.5802352014670452 18
1774348158274 0.5492075806934436 19
1774348158817 0.5231296407237062 20
1774348159349 0.49331129391242595 21
1774348160063 0.4624303849396518 22
1774348160731 0.43032735927243615 23
1774348161286 0.4030891857048808 24
1774348161984 0.3783420789532545 25
1774348162499 0.3499914077276584 26
1774348163015 0.3264057546798105 27
1774348163690 0.3104997557390474 28
1774348164196 0.2854535849188327 29
1774348164725 0.2667471160360841 30
1774348165406 0.24806486590159096 31
1774348165944 0.22959612002404053 32
1774348166501 0.2199912106454037 33
1774348167239 0.20211098269047478 34
1774348167760 0.19323539926791056 35
1774348168306 0.1889111407478576 36
1774348169151 0.17217481332022075 37
1774348169720 0.16914501780640565 38
1774348170246 0.16090666221744795 39
1774348170941 0.14953022135690722 40
1774348171498 0.15601874976008293 41
1774348172044 0.14094467701540656 42
1774348172746 0.13924784962556153 43
1774348173261 0.13537322876601013 44
1774348173987 0.13154001444522256 45
1774348174510 0.12093893604922697 46
1774348175040 0.11046791160531608 47
1774348175743 0.10530701731148177 48
1774348176287 0.09873182822794672 49
1774348176833 0.10249469206995186 50
1774348177510 0.0951623438978061 51
1774348178228 0.09495667450647192 52
1774348178776 0.09111315483056134 53
1774348179506 0.09144642373187009 54
1774348180060 0.07409722405515513 55
1774348180602 0.0813798892816728 56
