1768610938475 0.0 0
1768610948487 16.3 1
1768610958494 11.8 2
1768610968503 16.6 3
1768610978511 15.4 4
1768610988518 12.4 5
1768610998526 16.2 6
1768611008533 15.4 7
1768611018540 11.7 8
1768611028549 15.9 9
1768611038557 15.7 10
1768611048572 12.3 11
1768611058581 13.8 12
1768611068588 17.9 13
1768611078607 11.8 14
1768611088615 11.0 15
1768611098623 20.3 16
1768611108639 12.2 17
1768611118661 11.6 18
1768611128677 20.3 19
1768611138705 11.8 20
1768611148713 11.4 21
1768611158721 20.2 22
1768611168733 12.3 23
1768611178746 11.2 24
1768611188768 15.8 25
1768611198776 16.6 26
1768611208785 12.0 27
1768611218792 15.3 28
1768611228800 17.2 29
1768611238808 11.5 30
1768611248816 15.3 31
1768611258824 17.0 32
1768611268831 11.5 33
1768611278840 14.9 34
1768611288856 15.3 35
1768611298864 13.1 36
1768611308871 15.7 37
1768611318881 12.3 38
1768611328889 16.1 39
1768611338921 15.1 40
1768611348929 12.2 41
1768611358937 16.0 42
1768611368951 15.6 43
1768611378958 12.0 44
1768611388969 16.6 45
1768611398977 15.2 46
1768611408986 12.5 47
1768611419017 12.9 48
1768611429047 18.9 49
1768611439056 12.3 50
1768611449072 11.5 51
1768611459081 20.5 52
1768611469095 12.3 53
1768611479102 11.5 54
1768611489111 19.8 55
1768611499136 14.6 56
1768611509153 11.9 57
1768611519166 17.5 58
1768611529179 14.0 59
1768611539187 11.2 60
1768611549195 14.5 61
1768611559204 18.3 62
1768611569212 11.5 63
1768611579221 13.9 64
1768611589230 18.3 65
1768611599239 11.9 66
1768611609252 14.5 67
1768611619261 18.0 68
1768611629282 11.5 69
1768611639300 13.7 70
1768611649309 15.4 71
1768611659318 14.8 72
1768611669327 14.1 73
1768611679357 13.2 74
1768611689367 15.9 75
1768611699395 13.7 76
1768611709410 13.4 77
1768611719427 16.1 78
1768611729438 14.0 79
1768611739447 13.1 80
1768611749455 16.0 81
1768611759487 13.9 82
1768611769501 13.7 83
1768611779511 12.5 84
1768611789536 18.5 85
1768611799546 13.3 86
1768611809568 11.6 87
1768611819585 18.8 88
1768611829594 13.3 89
1768611839607 11.3 90
1768611849626 18.8 91
1768611859641 13.2 92
1768611869651 11.8 93
1768611879663 17.2 94
1768611889672 14.7 95
1768611899680 11.5 96
1768611909700 14.1 97
1768611919720 18.6 98
1768611929734 11.8 99
1768611939749 13.8 100
1768611949759 18.0 101
1768611959769 11.3 102
1768611969781 14.1 103
1768611979792 18.0 104
1768611989807 11.8 105
1768611999826 13.6 106
1768612009835 14.8 107
1768612019847 15.1 108
1768612029877 14.2 109
1768612039889 13.8 110
1768612049902 16.6 111
1768612059920 14.2 112
