1768610938475 86.9 0
1768610948487 86.9 1
1768610958494 86.9 2
1768610968503 86.9 3
1768610978511 86.9 4
1768610988518 86.9 5
1768610998526 86.9 6
1768611008533 86.9 7
1768611018540 86.9 8
1768611028549 86.9 9
1768611038557 86.9 10
1768611048572 86.9 11
1768611058581 86.9 12
1768611068588 86.9 13
1768611078607 86.9 14
1768611088615 86.9 15
1768611098623 86.9 16
1768611108639 86.9 17
1768611118661 86.9 18
1768611128677 86.9 19
1768611138705 86.9 20
1768611148713 86.9 21
1768611158721 86.9 22
1768611168733 86.9 23
1768611178746 86.9 24
1768611188768 86.9 25
1768611198776 86.9 26
1768611208785 86.9 27
1768611218792 86.9 28
1768611228800 86.9 29
1768611238808 86.9 30
1768611248816 86.9 31
1768611258824 86.9 32
1768611268831 86.9 33
1768611278840 86.9 34
1768611288856 86.9 35
1768611298864 86.9 36
1768611308871 86.9 37
1768611318881 86.9 38
1768611328889 86.9 39
1768611338921 86.9 40
1768611348929 86.9 41
1768611358937 86.9 42
1768611368951 86.9 43
1768611378958 86.9 44
1768611388969 86.9 45
1768611398977 86.9 46
1768611408986 86.9 47
1768611419017 86.9 48
1768611429047 86.9 49
1768611439056 86.9 50
1768611449072 86.9 51
1768611459081 86.9 52
1768611469095 86.9 53
1768611479102 86.9 54
1768611489111 86.9 55
1768611499136 86.9 56
1768611509153 86.9 57
1768611519166 86.9 58
1768611529179 86.9 59
1768611539187 86.9 60
1768611549195 86.9 61
1768611559204 86.9 62
1768611569212 86.9 63
1768611579221 86.9 64
1768611589230 86.9 65
1768611599239 86.9 66
1768611609252 86.9 67
1768611619261 86.9 68
1768611629282 86.9 69
1768611639300 86.9 70
1768611649309 86.9 71
1768611659318 86.9 72
1768611669327 86.9 73
1768611679357 86.9 74
1768611689367 86.9 75
1768611699395 86.9 76
1768611709410 86.9 77
1768611719427 86.9 78
1768611729438 86.9 79
1768611739447 86.9 80
1768611749455 86.9 81
1768611759487 86.9 82
1768611769501 86.9 83
1768611779511 86.9 84
1768611789536 86.9 85
1768611799546 86.9 86
1768611809568 86.9 87
1768611819585 86.9 88
1768611829594 86.9 89
1768611839607 86.9 90
1768611849626 86.9 91
1768611859641 86.9 92
1768611869651 86.9 93
1768611879663 86.9 94
1768611889672 86.9 95
1768611899680 86.9 96
1768611909700 86.9 97
1768611919720 86.9 98
1768611929734 86.9 99
1768611939749 86.9 100
1768611949759 86.9 101
1768611959769 86.9 102
1768611969781 86.9 103
1768611979792 86.9 104
1768611989807 86.9 105
1768611999826 86.9 106
1768612009835 86.9 107
1768612019847 86.9 108
1768612029877 86.9 109
1768612039889 86.9 110
1768612049902 86.9 111
1768612059920 86.9 112
