1768610938475 3.9 0
1768610948487 54.5 1
1768610958494 54.5 2
1768610968503 54.5 3
1768610978511 54.5 4
1768610988518 54.5 5
1768610998526 54.5 6
1768611008533 54.5 7
1768611018540 54.5 8
1768611028549 54.5 9
1768611038557 54.9 10
1768611048572 54.9 11
1768611058581 54.9 12
1768611068588 54.9 13
1768611078607 54.9 14
1768611088615 54.9 15
1768611098623 54.9 16
1768611108639 54.9 17
1768611118661 54.9 18
1768611128677 54.9 19
1768611138705 54.9 20
1768611148713 54.9 21
1768611158721 54.9 22
1768611168733 54.9 23
1768611178746 54.9 24
1768611188768 54.9 25
1768611198776 54.9 26
1768611208785 54.9 27
1768611218792 54.9 28
1768611228800 54.9 29
1768611238808 54.9 30
1768611248816 54.9 31
1768611258824 54.9 32
1768611268831 54.9 33
1768611278840 54.9 34
1768611288856 54.9 35
1768611298864 54.9 36
1768611308871 54.9 37
1768611318881 54.9 38
1768611328889 54.9 39
1768611338921 54.9 40
1768611348929 54.9 41
1768611358937 54.9 42
1768611368951 54.9 43
1768611378958 54.9 44
1768611388969 54.9 45
1768611398977 54.9 46
1768611408986 54.9 47
1768611419017 54.9 48
1768611429047 54.9 49
1768611439056 54.9 50
1768611449072 54.9 51
1768611459081 54.9 52
1768611469095 54.9 53
1768611479102 54.9 54
1768611489111 54.9 55
1768611499136 54.9 56
1768611509153 54.9 57
1768611519166 54.9 58
1768611529179 54.9 59
1768611539187 54.9 60
1768611549195 54.9 61
1768611559204 54.9 62
1768611569212 54.9 63
1768611579221 54.9 64
1768611589230 54.9 65
1768611599239 54.9 66
1768611609252 54.9 67
1768611619261 54.9 68
1768611629282 54.9 69
1768611639300 54.9 70
1768611649309 54.9 71
1768611659318 54.9 72
1768611669327 54.9 73
1768611679357 54.9 74
1768611689367 54.9 75
1768611699395 54.9 76
1768611709410 54.9 77
1768611719427 54.9 78
1768611729438 54.9 79
1768611739447 54.9 80
1768611749455 54.9 81
1768611759487 54.9 82
1768611769501 54.9 83
1768611779511 54.9 84
1768611789536 54.9 85
1768611799546 54.9 86
1768611809568 54.9 87
1768611819585 54.9 88
1768611829594 54.9 89
1768611839607 54.9 90
1768611849626 54.9 91
1768611859641 54.9 92
1768611869651 54.9 93
1768611879663 54.9 94
1768611889672 54.9 95
1768611899680 54.9 96
1768611909700 54.9 97
1768611919720 54.9 98
1768611929734 54.9 99
1768611939749 54.9 100
1768611949759 54.9 101
1768611959769 54.9 102
1768611969781 54.9 103
1768611979792 54.9 104
1768611989807 54.9 105
1768611999826 54.9 106
1768612009835 54.5 107
1768612019847 54.5 108
1768612029877 54.5 109
1768612039889 54.5 110
1768612049902 54.5 111
1768612059920 54.5 112
