1768610938475 28.5 0
1768610948487 93.2 1
1768610958494 93.0 2
1768610968503 121.8 3
1768610978511 101.0 4
1768610988518 93.9 5
1768610998526 86.6 6
1768611008533 105.4 7
1768611018540 81.2 8
1768611028549 70.0 9
1768611038557 108.1 10
1768611048572 88.1 11
1768611058581 75.2 12
1768611068588 81.1 13
1768611078607 93.5 14
1768611088615 94.2 15
1768611098623 100.4 16
1768611108639 101.4 17
1768611118661 106.0 18
1768611128677 101.4 19
1768611138705 96.3 20
1768611148713 115.8 21
1768611158721 98.3 22
1768611168733 100.3 23
1768611178746 160.1 24
1768611188768 107.8 25
1768611198776 85.0 26
1768611208785 110.5 27
1768611218792 114.0 28
1768611228800 158.9 29
1768611238808 76.0 30
1768611248816 125.5 31
1768611258824 89.8 32
1768611268831 133.1 33
1768611278840 103.8 34
1768611288856 160.3 35
1768611298864 115.6 36
1768611308871 99.7 37
1768611318881 98.7 38
1768611328889 108.1 39
1768611338921 124.8 40
1768611348929 87.4 41
1768611358937 136.0 42
1768611368951 106.7 43
1768611378958 131.4 44
1768611388969 155.8 45
1768611398977 92.4 46
1768611408986 114.5 47
1768611419017 104.9 48
1768611429047 140.6 49
1768611439056 80.4 50
1768611449072 90.4 51
1768611459081 109.5 52
1768611469095 182.5 53
1768611479102 103.9 54
1768611489111 105.1 55
1768611499136 145.5 56
1768611509153 97.9 57
1768611519166 125.3 58
1768611529179 104.2 59
1768611539187 71.8 60
1768611549195 114.2 61
1768611559204 93.5 62
1768611569212 139.2 63
1768611579221 91.0 64
1768611589230 81.5 65
1768611599239 81.8 66
1768611609252 172.7 67
1768611619261 77.7 68
1768611629282 150.4 69
1768611639300 115.7 70
1768611649309 115.4 71
1768611659318 87.2 72
1768611669327 123.6 73
1768611679357 94.5 74
1768611689367 106.2 75
1768611699395 144.7 76
1768611709410 83.6 77
1768611719427 84.8 78
1768611729438 183.4 79
1768611739447 115.5 80
1768611749455 101.5 81
1768611759487 148.3 82
1768611769501 130.0 83
1768611779511 84.6 84
1768611789536 88.0 85
1768611799546 70.4 86
1768611809568 129.4 87
1768611819585 170.7 88
1768611829594 125.4 89
1768611839607 92.4 90
1768611849626 168.4 91
1768611859641 76.3 92
1768611869651 149.7 93
1768611879663 105.0 94
1768611889672 107.1 95
1768611899680 90.7 96
1768611909700 90.3 97
1768611919720 180.0 98
1768611929734 170.1 99
1768611939749 104.7 100
1768611949759 87.5 101
1768611959769 86.3 102
1768611969781 120.6 103
1768611979792 86.8 104
1768611989807 88.0 105
1768611999826 152.2 106
1768612009835 129.6 107
1768612019847 80.7 108
1768612029877 152.2 109
1768612039889 89.3 110
1768612049902 85.7 111
1768612059920 93.7 112
