1768610938475 0.0 0
1768610948487 2.1831210000000283 1
1768610958494 2.9399309999989782 2
1768610968503 3.431365000000369 3
1768610978511 5.595706000000064 4
1768610988518 6.33676000000014 5
1768610998526 6.840205000000424 6
1768611008533 9.013296999999511 7
1768611018540 9.774451999999656 8
1768611028549 10.271647999999914 9
1768611038557 12.541916000000128 10
1768611048572 13.254789999999048 11
1768611058581 13.72648499999923 12
1768611068588 15.944390999999086 13
1768611078607 16.661145000000033 14
1768611088615 17.122261000000435 15
1768611098623 19.26704400000017 16
1768611108639 19.960965999998734 17
1768611118661 20.44894799999929 18
1768611128677 22.701820000000225 19
1768611138705 23.440168999999514 20
1768611148713 23.9032729999999 21
1768611158721 26.044577999999092 22
1768611168733 26.826648000000205 23
1768611178746 27.320340999998734 24
1768611188768 29.531718000000183 25
1768611198776 30.3566809999993 26
1768611208785 30.844696000000113 27
1768611218792 33.02315300000009 28
1768611228800 33.82614199999989 29
1768611238808 34.319894000000204 30
1768611248816 36.50191499999892 31
1768611258824 37.32335299999977 32
1768611268831 37.810991999998805 33
1768611278840 39.96045400000003 34
1768611288856 40.757736999999906 35
1768611298864 41.255160999999134 36
1768611308871 43.44858099999874 37
1768611318881 44.25390499999958 38
1768611328889 44.74416100000053 39
1768611338921 46.83180100000027 40
1768611348929 47.61185800000021 41
1768611358937 48.11530800000037 42
1768611368951 50.24793399999908 43
1768611378958 51.05970100000013 44
1768611388969 51.6192630000005 45
1768611398977 53.792247999999745 46
1768611408986 54.583215999999084 47
1768611419017 55.076907999999094 48
1768611429047 57.25362700000005 49
1768611439056 58.058798000000024 50
1768611449072 58.54710899999918 51
1768611459081 60.6635669999996 52
1768611469095 61.44632999999885 53
1768611479102 61.96790999999939 54
1768611489111 63.53129900000022 55
1768611499136 64.84173600000031 56
1768611509153 65.43372199999976 57
1768611519166 67.03749199999947 58
1768611529179 68.37231799999972 59
1768611539187 68.94121300000006 60
1768611549195 70.47576200000003 61
1768611559204 71.82817400000022 62
1768611569212 72.3847509999996 63
1768611579221 73.86160699999891 64
1768611589230 75.23266700000022 65
1768611599239 75.77505799999926 66
1768611609252 77.28276299999925 67
1768611619261 78.68524499999876 68
1768611629282 79.2546199999997 69
1768611639300 80.75110800000039 70
1768611649309 82.12143999999898 71
1768611659318 82.71955600000001 72
1768611669327 84.21186699999998 73
1768611679357 85.61812599999939 74
1768611689367 86.18458699999974 75
1768611699395 87.65551400000004 76
1768611709410 89.00450999999885 77
1768611719427 89.55101699999977 78
1768611729438 91.03184599999986 79
1768611739447 92.4041619999989 80
1768611749455 92.97102099999938 81
1768611759487 94.45722600000045 82
1768611769501 95.79777399999875 83
1768611779511 96.3948619999992 84
1768611789536 97.88266399999884 85
1768611799546 99.26072600000043 86
1768611809568 99.82886399999916 87
1768611819585 101.41864700000042 88
1768611829594 102.79255899999953 89
1768611839607 103.36118499999975 90
1768611849626 104.84651999999915 91
1768611859641 106.2043020000001 92
1768611869651 106.76122799999939 93
1768611879663 108.27378099999987 94
1768611889672 109.62155200000052 95
1768611899680 110.18431599999894 96
1768611909700 111.6756809999988 97
1768611919720 113.05425999999898 98
1768611929734 113.61031399999956 99
1768611939749 115.0786449999996 100
1768611949759 116.45279499999924 101
1768611959769 117.00011499999891 102
1768611969781 118.4498339999991 103
1768611979792 119.85338099999899 104
1768611989807 120.38686299999972 105
1768611999826 121.86972799999967 106
1768612009835 123.24749899999915 107
1768612019847 123.81585999999879 108
1768612029877 125.27215299999989 109
1768612039889 126.65127399999983 110
1768612049902 127.21869399999923 111
1768612059920 128.66161300000022 112
