1768610938475 48.2 0
1768610948487 50.9 1
1768610958494 50.9 2
1768610968503 51.3 3
1768610978511 51.3 4
1768610988518 51.4 5
1768610998526 51.4 6
1768611008533 51.4 7
1768611018540 51.4 8
1768611028549 51.4 9
1768611038557 51.8 10
1768611048572 51.7 11
1768611058581 52.7 12
1768611068588 51.6 13
1768611078607 51.7 14
1768611088615 51.6 15
1768611098623 51.6 16
1768611108639 51.6 17
1768611118661 51.6 18
1768611128677 51.6 19
1768611138705 51.6 20
1768611148713 51.5 21
1768611158721 52.0 22
1768611168733 51.6 23
1768611178746 51.6 24
1768611188768 51.9 25
1768611198776 51.7 26
1768611208785 51.6 27
1768611218792 51.7 28
1768611228800 51.6 29
1768611238808 51.7 30
1768611248816 51.7 31
1768611258824 51.7 32
1768611268831 51.7 33
1768611278840 51.7 34
1768611288856 53.1 35
1768611298864 51.7 36
1768611308871 51.8 37
1768611318881 51.7 38
1768611328889 51.7 39
1768611338921 51.5 40
1768611348929 51.5 41
1768611358937 51.6 42
1768611368951 51.6 43
1768611378958 51.6 44
1768611388969 52.2 45
1768611398977 51.5 46
1768611408986 51.4 47
1768611419017 51.9 48
1768611429047 51.4 49
1768611439056 51.4 50
1768611449072 51.4 51
1768611459081 51.4 52
1768611469095 51.4 53
1768611479102 51.4 54
1768611489111 51.5 55
1768611499136 51.9 56
1768611509153 51.5 57
1768611519166 53.0 58
1768611529179 51.4 59
1768611539187 51.4 60
1768611549195 51.5 61
1768611559204 51.5 62
1768611569212 51.5 63
1768611579221 51.6 64
1768611589230 51.5 65
1768611599239 51.6 66
1768611609252 51.6 67
1768611619261 51.6 68
1768611629282 51.6 69
1768611639300 51.6 70
1768611649309 52.4 71
1768611659318 51.5 72
1768611669327 51.6 73
1768611679357 51.6 74
1768611689367 51.6 75
1768611699395 51.6 76
1768611709410 51.6 77
1768611719427 51.7 78
1768611729438 51.7 79
1768611739447 51.9 80
1768611749455 51.7 81
1768611759487 51.6 82
1768611769501 51.6 83
1768611779511 51.9 84
1768611789536 51.7 85
1768611799546 51.7 86
1768611809568 51.7 87
1768611819585 51.7 88
1768611829594 51.7 89
1768611839607 51.7 90
1768611849626 51.7 91
1768611859641 51.7 92
1768611869651 51.7 93
1768611879663 53.2 94
1768611889672 51.7 95
1768611899680 51.8 96
1768611909700 51.8 97
1768611919720 51.8 98
1768611929734 51.8 99
1768611939749 51.8 100
1768611949759 51.7 101
1768611959769 51.6 102
1768611969781 51.6 103
1768611979792 51.7 104
1768611989807 51.6 105
1768611999826 51.7 106
1768612009835 52.1 107
1768612019847 51.6 108
1768612029877 51.6 109
1768612039889 51.6 110
1768612049902 51.6 111
1768612059920 51.6 112
