1774588023612 0.0 0
1774588033620 14.2 1
1774588043648 13.8 2
1774588053658 13.9 3
1774588063671 11.7 4
1774588073681 15.6 5
1774588083688 13.5 6
1774588093698 11.9 7
1774588103717 15.4 8
1774588113729 13.5 9
1774588123737 12.0 10
1774588133743 15.2 11
1774588143753 13.5 12
1774588153772 11.6 13
1774588163783 12.0 14
1774588173790 16.4 15
1774588183798 12.0 16
1774588193813 10.7 17
1774588203819 17.8 18
1774588213829 12.0 19
1774588223838 11.0 20
1774588233845 15.8 21
1774588243859 12.6 22
1774588253867 12.3 23
1774588263880 15.4 24
1774588273887 12.9 25
1774588283898 12.3 26
1774588293906 11.2 27
1774588303914 17.9 28
1774588313921 12.1 29
1774588323929 10.9 30
1774588333948 17.8 31
1774588343959 12.2 32
1774588353974 11.3 33
1774588363988 17.7 34
1774588373996 12.0 35
1774588384004 10.6 36
1774588394012 16.9 37
1774588404019 12.6 38
1774588414031 10.7 39
1774588424055 13.4 40
1774588434067 17.1 41
1774588444086 10.6 42
1774588454095 13.5 43
1774588464103 16.6 44
1774588474116 10.3 45
1774588484124 13.1 46
1774588494134 16.7 47
1774588504142 11.1 48
1774588514151 13.5 49
1774588524166 14.6 50
1774588534174 12.5 51
1774588544185 13.7 52
1774588554193 11.8 53
1774588564207 15.0 54
1774588574215 13.1 55
1774588584229 11.5 56
1774588594243 15.4 57
1774588604251 13.4 58
1774588614261 11.4 59
1774588624275 15.6 60
1774588634284 13.4 61
1774588644297 12.0 62
1774588654305 12.7 63
1774588664314 16.1 64
1774588674323 12.5 65
1774588684333 11.1 66
1774588694345 18.1 67
1774588704357 12.0 68
1774588714371 11.1 69
1774588724380 17.3 70
1774588734388 12.3 71
1774588744400 10.6 72
1774588754412 17.8 73
1774588764425 12.3 74
1774588774437 10.7 75
1774588784446 11.9 76
1774588794455 16.4 77
1774588804463 12.3 78
1774588814474 10.4 79
1774588824489 17.9 80
1774588834501 11.9 81
1774588844516 10.6 82
1774588854525 17.4 83
1774588864533 11.7 84
1774588874547 10.7 85
1774588884561 17.0 86
1774588894579 12.9 87
1774588904589 11.0 88
1774588914603 13.3 89
1774588924612 16.2 90
1774588934622 10.8 91
1774588944631 13.1 92
1774588954643 16.4 93
1774588964652 11.2 94
1774588974663 13.2 95
1774588984674 16.1 96
1774588994689 10.7 97
1774589004709 13.2 98
1774589014722 14.6 99
1774589024737 12.6 100
1774589034746 13.4 101
1774589044757 11.5 102
1774589054767 15.1 103
1774589064785 14.1 104
1774589074795 11.8 105
1774589084815 15.2 106
1774589094824 13.6 107
1774589104833 12.1 108
1774589114842 15.3 109
1774589124855 11.9 110
1774589134874 13.2 111
1774589144887 13.1 112
1774589154897 13.7 113
1774589164913 13.5 114
1774589174931 11.7 115
1774589184941 15.0 116
1774589194951 13.1 117
1774589204965 12.4 118
1774589214974 15.2 119
1774589224984 13.0 120
1774589234995 11.8 121
1774589245008 15.1 122
1774589255019 13.2 123
1774589265037 11.8 124
1774589275047 11.9 125
1774589285057 16.6 126
1774589295067 11.9 127
1774589305084 10.8 128
1774589315093 18.4 129
1774589325102 11.6 130
1774589335125 10.8 131
1774589345138 18.2 132
1774589355150 12.0 133
1774589365161 11.1 134
1774589375175 17.6 135
1774589385187 12.5 136
1774589395197 11.1 137
1774589405221 13.2 138
1774589415229 17.1 139
1774589425239 10.5 140
1774589435254 13.2 141
1774589445275 16.0 142
1774589455284 11.0 143
1774589465296 13.2 144
1774589475310 17.1 145
1774589485324 10.9 146
1774589495335 12.7 147
