1774588023612 19.9 0
1774588033620 23.8 1
1774588043648 22.9 2
1774588053658 23.4 3
1774588063671 23.5 4
1774588073681 23.6 5
1774588083688 23.5 6
1774588093698 23.5 7
1774588103717 23.6 8
1774588113729 23.6 9
1774588123737 23.6 10
1774588133743 23.6 11
1774588143753 23.6 12
1774588153772 23.6 13
1774588163783 24.2 14
1774588173790 23.7 15
1774588183798 23.9 16
1774588193813 23.7 17
1774588203819 24.0 18
1774588213829 23.7 19
1774588223838 23.7 20
1774588233845 24.0 21
1774588243859 23.7 22
1774588253867 23.7 23
1774588263880 23.7 24
1774588273887 23.7 25
1774588283898 23.7 26
1774588293906 23.9 27
1774588303914 23.7 28
1774588313921 23.7 29
1774588323929 23.7 30
1774588333948 23.7 31
1774588343959 23.7 32
1774588353974 23.7 33
1774588363988 23.7 34
1774588373996 23.7 35
1774588384004 23.7 36
1774588394012 25.4 37
1774588404019 23.7 38
1774588414031 23.7 39
1774588424055 23.7 40
1774588434067 23.7 41
1774588444086 23.7 42
1774588454095 23.7 43
1774588464103 23.7 44
1774588474116 23.8 45
1774588484124 23.7 46
1774588494134 23.7 47
1774588504142 23.7 48
1774588514151 23.7 49
1774588524166 25.1 50
1774588534174 23.8 51
1774588544185 23.6 52
1774588554193 23.7 53
1774588564207 23.7 54
1774588574215 23.6 55
1774588584229 23.6 56
1774588594243 23.7 57
1774588604251 23.7 58
1774588614261 23.7 59
1774588624275 23.7 60
1774588634284 23.8 61
1774588644297 23.8 62
1774588654305 24.7 63
1774588664314 23.8 64
1774588674323 23.8 65
1774588684333 23.8 66
1774588694345 23.8 67
1774588704357 23.8 68
1774588714371 23.8 69
1774588724380 23.8 70
1774588734388 23.8 71
1774588744400 23.8 72
1774588754412 23.8 73
1774588764425 24.1 74
1774588774437 23.8 75
1774588784446 24.0 76
1774588794455 23.8 77
1774588804463 23.8 78
1774588814474 23.8 79
1774588824489 23.8 80
1774588834501 24.0 81
1774588844516 23.8 82
1774588854525 23.8 83
1774588864533 23.8 84
1774588874547 23.8 85
1774588884561 25.4 86
1774588894579 23.8 87
1774588904589 23.8 88
1774588914603 23.8 89
1774588924612 23.8 90
1774588934622 23.8 91
1774588944631 23.8 92
1774588954643 23.8 93
1774588964652 23.7 94
1774588974663 23.8 95
1774588984674 23.7 96
1774588994689 23.7 97
1774589004709 23.7 98
1774589014722 25.1 99
1774589024737 23.7 100
1774589034746 23.7 101
1774589044757 23.8 102
1774589054767 23.7 103
1774589064785 23.7 104
1774589074795 23.7 105
1774589084815 23.7 106
1774589094824 23.8 107
1774589104833 23.8 108
1774589114842 23.7 109
1774589124855 23.9 110
1774589134874 23.8 111
1774589144887 24.6 112
1774589154897 23.6 113
1774589164913 24.0 114
1774589174931 23.7 115
1774589184941 24.0 116
1774589194951 23.7 117
1774589204965 23.8 118
1774589214974 23.7 119
1774589224984 23.7 120
1774589234995 23.7 121
1774589245008 23.7 122
1774589255019 23.7 123
1774589265037 23.7 124
1774589275047 24.2 125
1774589285057 23.8 126
1774589295067 23.7 127
1774589305084 23.7 128
1774589315093 23.7 129
1774589325102 23.7 130
1774589335125 23.7 131
1774589345138 23.7 132
1774589355150 23.7 133
1774589365161 23.7 134
1774589375175 25.4 135
1774589385187 23.7 136
1774589395197 23.7 137
1774589405221 23.7 138
1774589415229 23.7 139
1774589425239 23.7 140
1774589435254 23.8 141
1774589445275 23.8 142
1774589455284 23.7 143
1774589465296 23.7 144
1774589475310 23.7 145
1774589485324 23.8 146
1774589495335 23.9 147
