1774131557984 0.8492379735952934 0
1774131558308 0.6991671675686104 1
1774131558783 0.6536492458966209 2
1774131559104 0.5976015858837445 3
1774131559613 0.5331877875322458 4
1774131560062 0.4975402923491375 5
1774131560401 0.45334109340223067 6
1774131560884 0.4183211697288718 7
1774131561208 0.38009584739772734 8
1774131561526 0.3638623965829225 9
1774131562214 0.349939340903791 10
1774131562558 0.3309103455819328 11
1774131562906 0.3147140302336863 12
1774131563400 0.3001098014482632 13
1774131563715 0.2959612212880707 14
1774131564047 0.2985389786918052 15
1774131564590 0.29320417124188536 16
1774131564949 0.28340858649204065 17
1774131565269 0.2630524834183954 18
1774131565764 0.26831394906271605 19
1774131566106 0.2535362649834243 20
1774131566458 0.2506351162167737 21
1774131567001 0.24790211268209048 22
