1767903320035 15.2 0
1767903330054 15.3 1
1767903340074 16.1 2
1767903350099 16.4 3
1767903360121 16.1 4
1767903370146 17.4 5
1767903380177 17.4 6
1767903390193 16.9 7
1767903400204 14.3 8
1767903410216 13.2 9
1767903420228 13.4 10
1767903430240 13.8 11
1767903440425 13.5 12
1767903450437 13.4 13
1767903460450 13.4 14
1767903470461 13.3 15
1767903480475 13.3 16
1767903490488 13.3 17
1767903500501 14.1 18
1767903510515 13.5 19
1767903520527 13.4 20
1767903530541 13.3 21
1767903540553 13.5 22
1767903550567 13.5 23
1767903560580 15.9 24
1767903570593 15.3 25
