1774574717651 0.5108818011257036 0
1774574717840 0.8570356472795497 1
1774574718013 0.8690431519699813 2
1774574718186 0.8823639774859287 3
1774574718361 0.8945590994371482 4
1774574718539 0.9039399624765478 5
1774574718716 0.9110694183864916 6
1774574718890 0.9153846153846154 7
1774574719067 0.9210131332082552 8
1774574719243 0.925703564727955 9
1774574719443 0.9317073170731708 10
1774574719642 0.9345215759849906 11
1774574719843 0.9386491557223264 12
1774574720043 0.9395872420262664 13
1774574720249 0.9455909943714822 14
1774574720452 0.94953095684803 15
1774574720655 0.9525328330206378 16
1774574720863 0.9542213883677299 17
1774574721072 0.9583489681050656 18
1774574721281 0.9598499061913696 19
1774574721495 0.9630393996247655 20
1774574721710 0.9654784240150094 21
1774574721917 0.9714821763602252 22
1774574722101 0.9729831144465291 23
1774574722286 0.975234521575985 24
1774574722470 0.9799249530956848 25
1774574722655 0.9782363977485928 26
1774574722840 0.9821763602251408 27
1774574723027 0.9818011257035647 28
1774574723214 0.9833020637898686 29
1774574723401 0.9859287054409006 30
1774574723589 0.9872420262664166 31
1774574723783 0.9898686679174484 32
1774574723982 0.9894934333958724 33
1774574724175 0.9917448405253283 34
1774574724366 0.9924953095684803 35
1774574724560 0.9930581613508442 36
