1774199098629 0.0 0
1774199108644 16.5 1
1774199118651 13.6 2
1774199128661 13.3 3
1774199138675 16.4 4
1774199148683 13.5 5
1774199158695 13.3 6
1774199168707 15.6 7
1774199178716 12.3 8
1774199188726 15.1 9
1774199198733 12.9 10
1774199208740 15.6 11
1774199218748 14.6 12
1774199228756 11.5 13
1774199238766 16.8 14
1774199248774 14.7 15
1774199258782 11.7 16
1774199268790 16.9 17
1774199278797 14.4 18
1774199288804 11.0 19
1774199298811 15.6 20
1774199308818 14.7 21
1774199318825 12.2 22
1774199328833 11.5 23
1774199338850 19.3 24
1774199348860 11.5 25
1774199358875 12.0 26
1774199368886 18.5 27
1774199378896 13.0 28
1774199388916 12.3 29
1774199398924 18.4 30
