1774199098629 33.3 0
1774199108644 103.4 1
1774199118651 82.5 2
1774199128661 78.2 3
1774199138675 90.4 4
1774199148683 69.3 5
1774199158695 86.7 6
1774199168707 75.3 7
1774199178716 83.4 8
1774199188726 105.8 9
1774199198733 79.3 10
1774199208740 82.7 11
1774199218748 81.2 12
1774199228756 74.6 13
1774199238766 100.0 14
1774199248774 65.0 15
1774199258782 67.2 16
1774199268790 119.9 17
1774199278797 72.1 18
1774199288804 85.0 19
1774199298811 80.4 20
1774199308818 88.8 21
1774199318825 95.4 22
1774199328833 74.7 23
1774199338850 88.2 24
1774199348860 86.9 25
1774199358875 88.5 26
1774199368886 77.2 27
1774199378896 81.0 28
1774199388916 85.8 29
1774199398924 65.3 30
