1774199098629 33.5 0
1774199108644 36.9 1
1774199118651 37.0 2
1774199128661 36.7 3
1774199138675 36.8 4
1774199148683 37.0 5
1774199158695 36.9 6
1774199168707 36.9 7
1774199178716 36.9 8
1774199188726 36.9 9
1774199198733 37.4 10
1774199208740 36.9 11
1774199218748 36.8 12
1774199228756 36.8 13
1774199238766 36.9 14
1774199248774 36.9 15
1774199258782 36.9 16
1774199268790 36.9 17
1774199278797 36.9 18
1774199288804 36.9 19
1774199298811 39.1 20
1774199308818 37.0 21
1774199318825 37.0 22
1774199328833 37.0 23
1774199338850 37.5 24
1774199348860 37.0 25
1774199358875 37.0 26
1774199368886 37.1 27
1774199378896 37.1 28
1774199388916 37.1 29
1774199398924 37.1 30
