1774220137496 46.066246688365936 0
1774220138006 43.28928244113922 1
1774220138475 37.2041677236557 2
1774220138971 35.30211880803108 3
1774220139459 34.4337597489357 4
1774220139926 33.66323295235634 5
1774220140451 33.08939570188522 6
1774220140930 32.652276039123535 7
1774220141404 32.12636747956276 8
1774220141884 31.743174374103546 9
1774220142372 31.46330416202545 10
1774220142852 30.895533114671707 11
1774220143320 30.4354490339756 12
1774220143792 30.340999722480774 13
1774220144265 29.68535280227661 14
1774220144749 28.899942725896835 15
1774220145230 28.274905025959015 16
1774220145702 27.63867497444153 17
1774220146185 27.172935754060745 18
1774220146662 26.321721017360687 19
1774220147139 25.745746344327927 20
1774220147617 24.64184072613716 21
1774220148096 23.866550087928772 22
1774220148699 23.49439136683941 23
1774220149179 21.854261860251427 24
1774220149699 21.70390896499157 25
