1774367400519 0.5046904315196998 0
1774367401038 0.5313086303939962 1
1774367401702 0.5551125703564728 2
1774367402186 0.5049249530956847 3
1774367402675 0.5030487804878049 4
1774367403317 0.5025797373358349 5
1774367403812 0.5038696060037523 6
1774367404492 0.5048076923076923 7
1774367404960 0.5045731707317073 8
1774367405456 0.600375234521576 9
1774367406279 0.750703564727955 10
1774367406765 0.825984990619137 11
1774367407266 0.8448639774859287 12
1774367407928 0.8671435272045028 13
1774367408425 0.8827392120075047 14
1774367408930 0.8939962476547842 15
1774367409596 0.900328330206379 16
1774367410089 0.9095919324577861 17
1774367410581 0.9217870544090057 18
1774367411255 0.9272983114446529 19
1774367411773 0.9310506566604128 20
1774367412335 0.93656191369606 21
1774367413025 0.9427767354596623 22
1774367413672 0.9474671669793621 23
1774367414206 0.9496951219512195 24
1774367414889 0.9542682926829268 25
1774367415425 0.9579033771106942 26
1774367415948 0.9604831144465291 27
1774367416677 0.9656425891181989 28
1774367417228 0.9723264540337712 29
1774367417797 0.9752579737335835 30
1774367418491 0.9768996247654784 31
1774367419041 0.9777204502814258 32
1774367419601 0.9822936210131332 33
1774367420312 0.9840525328330206 34
1774367420825 0.984873358348968 35
1774367421334 0.986749530956848 36
1774367422173 0.9855769230769231 37
1774367422722 0.9866322701688556 38
1774367423264 0.989329268292683 39
1774367423948 0.9899155722326454 40
1774367424457 0.9900328330206379 41
1774367424992 0.9915572232645403 42
1774367425685 0.9913227016885553 43
1774367426224 0.9910881801125704 44
1774367426932 0.9937851782363978 45
1774367427481 0.9931988742964353 46
1774367428033 0.9921435272045028 47
1774367428753 0.9950750469043153 48
1774367429306 0.9928470919324578 49
1774367429846 0.9944887429643527 50
1774367430512 0.9951923076923077 51
1774367431185 0.9950750469043153 52
1774367431761 0.9955440900562852 53
1774367432469 0.9944887429643527 54
1774367433004 0.9943714821763602 55
1774367433546 0.9964821763602252 56
1774367434258 0.99812382739212 57
1774367434797 0.9953095684803002 58
1774367435346 0.9958958724202627 59
1774367435905 0.9962476547842402 60
1774367436601 0.9975375234521576 61
1774367437130 0.9973030018761726 62
1774367437856 0.9974202626641651 63
1774367438409 0.9970684803001876 64
1774367439084 0.9973030018761726 65
1774367439793 0.9969512195121951 66
1774367440359 0.9974202626641651 67
