1768649151560 0.1381266008049762 0
1768649162095 0.2870472008781559 1
1768649172429 0.3633369923161361 2
1768649182872 0.4372484449323088 3
1768649193394 0.4985364068788877 4
1768649204030 0.5345773874862788 5
1768649214516 0.5594584705451885 6
1768649225066 0.5806805708013172 7
1768649235476 0.610318331503842 8
1768649245977 0.6348335162824734 9
1768649256416 0.6525795828759605 10
1768649266993 0.6922795462861324 11
1768649277435 0.7085620197585072 12
1768649287927 0.7065495792169777 13
1768649298414 0.7392974753018661 14
1768649308953 0.7555799487742407 15
1768649319526 0.7709476765459202 16
1768649330069 0.7777167947310648 17
1768649340494 0.8020490303695572 18
1768649351105 0.8172338090010977 19
1768649361708 0.8426637394804244 20
1768649372300 0.8415660446395902 21
1768649382812 0.8485181119648738 22
1768649393113 0.845042078302232 23
1768649403580 0.8558360775704354 24
1768649414174 0.8816319063300403 25
1768649424602 0.8748627881448957 26
1768649435106 0.8814489571899012 27
1768649445703 0.9037687522868643 28
1768649456272 0.9178558360775705 29
1768649466913 0.9012074643249177 30
1768649477365 0.9032199048664471 31
1768649488003 0.9255396999634101 32
1768649498508 0.9343212586900842 33
1768649508971 0.9350530552506403 34
1768649519475 0.92938163190633 35
1768649530070 0.9429198682766191 36
1768649540317 0.9480424442005122 37
1768649550799 0.9484083424807903 38
1768649561489 0.9350530552506403 39
1768649572059 0.9410903768752287 40
1768649582676 0.9526161727039882 41
1768649593176 0.9350530552506403 42
1768649603827 0.9295645810464691 43
1768649614483 0.9493230881814856 44
1768649624922 0.9588364434687157 45
1768649635565 0.9665203073545554 46
1768649646025 0.9729235272594219 47
1768649656640 0.9769484083424808 48
1768649667256 0.9796926454445664 49
