1768608057019 374.8 0
1768608067030 3990.3 1
1768608077055 3990.3 2
1768608087069 3990.3 3
1768608097078 3990.3 4
1768608107085 3954.1 5
1768608117097 3954.1 6
1768608127104 3954.1 7
1768608137111 3954.1 8
1768608147129 3954.1 9
1768608157136 3954.1 10
1768608167143 3954.1 11
1768608177152 3954.1 12
1768608187160 3954.1 13
1768608197167 3954.1 14
1768608207178 3954.1 15
1768608217194 3954.1 16
1768608227201 3954.1 17
1768608237222 3954.1 18
1768608247230 3954.1 19
1768608257240 3954.1 20
1768608267265 3954.1 21
1768608277276 3954.1 22
1768608287290 3954.1 23
1768608297305 3954.1 24
1768608307312 3954.1 25
1768608317320 3954.1 26
1768608327327 3954.1 27
1768608337335 3954.1 28
1768608347343 3954.1 29
1768608357352 3954.1 30
1768608367369 3954.1 31
1768608377395 3954.1 32
1768608387403 3954.1 33
1768608397410 3954.1 34
1768608407419 3954.1 35
1768608417435 3954.1 36
1768608427462 3954.1 37
1768608437470 3954.1 38
1768608447488 3954.1 39
1768608457496 3954.1 40
1768608467507 3954.1 41
1768608477532 3954.1 42
1768608487543 3954.1 43
1768608497576 3954.1 44
1768608507591 3954.1 45
1768608517606 3954.1 46
1768608527619 3954.1 47
1768608537627 3954.1 48
1768608547642 3954.1 49
1768608557649 3954.1 50
1768608567671 3954.1 51
1768608577683 3954.1 52
1768608587696 3954.1 53
1768608597704 3954.1 54
1768608607713 3954.1 55
1768608617727 3954.1 56
1768608627742 3954.1 57
1768608637750 3954.1 58
1768608647759 3954.1 59
1768608657790 3954.1 60
1768608667809 3954.1 61
1768608677828 3954.1 62
1768608687844 3954.1 63
1768608697856 3954.1 64
1768608707865 3954.1 65
1768608717890 3954.1 66
1768608727899 3954.1 67
1768608737908 3954.1 68
1768608747919 3954.1 69
1768608757935 3954.1 70
1768608767956 3954.1 71
1768608777972 3954.1 72
1768608787984 3954.1 73
