1774540409205 196.9729461669922 0
1774540418912 142.20303797721863 1
1774540428595 116.93556559085846 2
1774540438336 104.62503170967102 3
1774540447994 97.54197609424591 4
1774540457686 92.06238579750061 5
1774540467322 86.55128288269043 6
1774540476941 83.60009753704071 7
1774540486644 83.33655726909637 8
1774540496243 78.5238436460495 9
1774540505863 75.3144782781601 10
1774540515497 72.84623920917511 11
1774540525206 70.9079595208168 12
1774540534826 71.82734507322311 13
1774540544577 70.0053893327713 14
1774540554313 67.15347266197205 15
1774540564003 66.7808587551117 16
1774540573733 64.32368952035904 17
1774540583455 64.37611174583435 18
1774540593105 66.99837052822113 19
1774540602778 61.85313844680786 20
1774540612517 61.81275284290314 21
1774540622214 59.7755286693573 22
1774540631911 58.985704481601715 23
1774540641555 57.03278166055679 24
1774540651193 56.751270055770874 25
1774540660823 57.1636837720871 26
1774540670482 56.742856442928314 27
1774540680175 57.178235948085785 28
1774540689822 59.571021139621735 29
1774540699445 60.63095843791962 30
1774540709117 57.68984633684158 31
1774540718871 53.589438796043396 32
1774540728566 54.399305552244186 33
1774540738238 52.64569276571274 34
1774540747891 51.836639642715454 35
1774540757576 50.27017217874527 36
1774540767310 48.814244866371155 37
1774540776940 48.35974836349487 38
1774540786531 47.239009112119675 39
1774540796187 47.50286045670509 40
1774540805896 46.74674078822136 41
1774540815554 47.01584184169769 42
1774540825167 46.81029671430588 43
1774540834707 45.41095235943794 44
1774540844262 44.09190392494202 45
1774540853880 43.39605703949928 46
1774540863497 42.379035502672195 47
1774540873151 42.008536130189896 48
1774540882834 42.83069574832916 49
1774540892491 41.99868440628052 50
1774540902034 43.0955465734005 51
1774540911724 42.88591426610947 52
1774540921404 40.329001903533936 53
1774540931117 39.82072561979294 54
1774540940714 40.091692954301834 55
1774540950402 40.71225509047508 56
1774540960106 38.480039447546005 57
1774540969793 37.49277687072754 58
1774540979467 37.434825241565704 59
1774540989113 38.30442577600479 60
1774540998744 37.05179673433304 61
1774541008356 36.90068542957306 62
1774541017983 37.12150576710701 63
1774541027661 37.57032975554466 64
1774541037332 36.29539829492569 65
1774541046999 37.573511868715286 66
1774541056614 35.16693204641342 67
1774541066261 36.33519181609154 68
