1774138963101 0.17765768230948145 0
1774138970492 0.38117389519770145 1
1774138977933 0.4632644684635381 2
1774138985382 0.5162128882200028 3
1774138992826 0.5495279792037214 4
1774139000227 0.5855794226296347 5
1774139007663 0.6056916130797647 6
1774139015034 0.6400328362293063 7
1774139022536 0.6632234231769052 8
1774139029976 0.6805992611848406 9
1774139037425 0.6970173758380079 10
1774139044930 0.7062525653304146 11
1774139052349 0.7297851963332878 12
1774139059705 0.7335476809413053 13
1774139067165 0.7542071418798741 14
1774139074678 0.7594062115200437 15
1774139082141 0.778423860993296 16
1774139089685 0.7737720618415652 17
1774139097228 0.7802708988917773 18
1774139104849 0.7805445341359967 19
1774139112349 0.8077712409358325 20
1774139119887 0.8126282665207278 21
1774139127449 0.8278834313859625 22
1774139134949 0.8287043371186209 23
1774139142580 0.8384183882884115 24
1774139150079 0.8440963196059652 25
1774139157594 0.8521001504993844 26
1774139165148 0.8548365029415789 27
1774139172703 0.8583937611164318 28
1774139180282 0.8595567109043645 29
1774139187902 0.868313038719387 30
1774139195419 0.8651662334108633 31
1774139203030 0.8757011903133124 32
1774139210559 0.8732384731153373 33
1774139218145 0.8900670406348338 34
1774139225674 0.8877411410589684 35
1774139233220 0.8911615816117116 36
