1768651399415 0.5142252527627557 0
1768651400235 0.5011756407241947 1
1768651401037 0.5363272983776158 2
1768651401843 0.6168586879849518 3
1768651402447 0.7011521279097108 4
1768651403028 0.7733364683752645 5
1768651403604 0.8268281213261227 6
1768651404181 0.8584528568069598 7
1768651404759 0.8722078532800376 8
1768651405339 0.8891370797084411 9
1768651405917 0.9015988713849048 10
1768651406516 0.9088878438749118 11
1768651407097 0.9184105337408888 12
1768651407700 0.9259346343757348 13
1768651408283 0.928756172113802 14
1768651408876 0.9381612979073595 15
1768651409508 0.9452151422525277 16
1768651410136 0.9501528332941453 17
1768651410738 0.9525041147425347 18
1768651411506 0.9546202680460851 19
