1768651399411 0.696727875959108 0
1768651400230 0.6933712639473423 1
1768651401030 0.6834865203891506 2
1768651401836 0.6513560055116752 3
1768651402441 0.582051147713595 4
1768651403024 0.47012421426396356 5
1768651403599 0.3825638136414116 6
1768651404176 0.3229953965074506 7
1768651404754 0.2931000501120648 8
1768651405334 0.2610313384330556 9
1768651405912 0.2381853084689781 10
1768651406510 0.21277533544460914 11
1768651407092 0.196173785841664 12
1768651407694 0.17773514750590752 13
1768651408278 0.1745049529199793 14
1768651408870 0.15523710513350378 15
1768651409501 0.13497378638063687 16
1768651410130 0.125500269691411 17
1768651410731 0.11940984996226207 18
1768651411499 0.11601306017345465 19
