1767878086570 0.5911757803332551 0
1767878100731 0.7579206758976766 1
1767878114353 0.7769302980521005 2
1767878128069 0.7913635296878667 3
1767878141609 0.8047406712039428 4
1767878155260 0.8239849800516311 5
1767878168896 0.8392396151138231 6
1767878182771 0.8638817179065947 7
1767878197107 0.8833607134475475 8
1767878211894 0.8948603614175076 9
1767878227608 0.915512790424783 10
1767878243439 0.9320582022999296 11
1767878259519 0.9505984510678245 12
1767878275900 0.9574043651724947 13
1767878291990 0.9644449659704295 14
