1774201584763 39.80876508355141 0
1774201585438 33.48703932762146 1
1774201586118 31.67098680138588 2
1774201586798 30.399285703897476 3
1774201587516 28.816286325454712 4
1774201588247 26.902486234903336 5
1774201588931 25.139691025018692 6
1774201589611 21.7738656103611 7
1774201590321 18.590503990650177 8
1774201590998 16.09271240234375 9
1774201591677 13.148415692150593 10
1774201592386 11.249219790101051 11
1774201593082 9.78136645257473 12
1774201593767 7.453203614801168 13
1774201594444 5.952220460399985 14
1774201595138 6.238473575562239 15
1774201595832 4.141593900509179 16
1774201596530 4.112321719527245 17
