1774198610882 0.0 0
1774198620891 12.7 1
1774198630899 13.9 2
1774198640906 13.6 3
1774198650919 15.8 4
1774198660938 13.8 5
1774198670945 12.9 6
1774198680953 16.4 7
1774198690964 13.6 8
1774198700979 12.9 9
1774198710990 16.7 10
1774198721004 13.5 11
1774198731021 12.4 12
1774198741029 16.2 13
1774198751035 14.1 14
1774198761043 13.0 15
1774198771055 11.7 16
1774198781065 18.7 17
1774198791073 13.2 18
1774198801087 11.6 19
1774198811097 18.0 20
1774198821105 13.2 21
1774198831114 11.2 22
1774198841130 18.4 23
1774198851142 13.5 24
1774198861155 11.7 25
1774198871166 14.5 26
1774198881174 17.2 27
1774198891181 10.7 28
1774198901198 12.3 29
1774198911206 19.3 30
1774198921215 11.2 31
1774198931224 11.9 32
1774198941239 19.6 33
1774198951251 10.8 34
1774198961259 12.4 35
1774198971269 19.7 36
1774198981284 11.6 37
1774198991295 12.0 38
1774199001303 14.6 39
1774199011311 16.1 40
1774199021320 12.2 41
