1774198610882 33.3 0
1774198620891 74.8 1
1774198630899 81.8 2
1774198640906 86.3 3
1774198650919 85.5 4
1774198660938 119.2 5
1774198670945 91.3 6
1774198680953 72.5 7
1774198690964 106.9 8
1774198700979 80.3 9
1774198710990 80.0 10
1774198721004 80.7 11
1774198731021 79.2 12
1774198741029 66.5 13
1774198751035 124.4 14
1774198761043 70.7 15
1774198771055 82.8 16
1774198781065 105.4 17
1774198791073 118.3 18
1774198801087 68.4 19
1774198811097 81.7 20
1774198821105 73.8 21
1774198831114 74.4 22
1774198841130 85.9 23
1774198851142 110.6 24
1774198861155 88.7 25
1774198871166 100.3 26
1774198881174 73.7 27
1774198891181 98.8 28
1774198901198 103.2 29
1774198911206 81.0 30
1774198921215 67.5 31
1774198931224 83.3 32
1774198941239 70.8 33
1774198951251 86.3 34
1774198961259 67.0 35
1774198971269 97.8 36
1774198981284 82.6 37
1774198991295 93.4 38
1774199001303 87.7 39
1774199011311 91.3 40
1774199021320 121.5 41
