1774198610882 32.8 0
1774198620891 36.3 1
1774198630899 36.6 2
1774198640906 36.8 3
1774198650919 36.4 4
1774198660938 36.5 5
1774198670945 36.6 6
1774198680953 36.6 7
1774198690964 36.5 8
1774198700979 36.6 9
1774198710990 36.4 10
1774198721004 36.6 11
1774198731021 36.6 12
1774198741029 38.3 13
1774198751035 36.7 14
1774198761043 36.5 15
1774198771055 36.7 16
1774198781065 36.6 17
1774198791073 36.6 18
1774198801087 36.6 19
1774198811097 36.6 20
1774198821105 36.7 21
1774198831114 36.7 22
1774198841130 37.2 23
1774198851142 36.8 24
1774198861155 37.0 25
1774198871166 38.0 26
1774198881174 36.9 27
1774198891181 36.9 28
1774198901198 36.9 29
1774198911206 36.9 30
1774198921215 36.9 31
1774198931224 36.9 32
1774198941239 37.0 33
1774198951251 37.0 34
1774198961259 37.0 35
1774198971269 37.9 36
1774198981284 37.1 37
1774198991295 36.9 38
1774199001303 37.5 39
1774199011311 37.0 40
1774199021320 37.1 41
