1774195466865 26.9 0
1774195476875 44.8 1
1774195486884 35.7 2
1774195496893 35.4 3
1774195506900 69.8 4
1774195516908 56.2 5
1774195526917 59.5 6
1774195536925 48.4 7
1774195546933 40.5 8
1774195556945 59.4 9
1774195566955 31.3 10
1774195576969 38.8 11
1774195586975 49.1 12
1774195596982 33.0 13
1774195606989 36.3 14
1774195617000 37.3 15
1774195627008 47.1 16
1774195637017 39.2 17
1774195647029 42.2 18
1774195657039 39.5 19
1774195667052 51.6 20
1774195677060 77.7 21
1774195687067 39.4 22
1774195697084 80.4 23
1774195707099 44.1 24
1774195717107 52.5 25
1774195727118 39.5 26
1774195737127 48.3 27
1774195747134 34.1 28
1774195757142 52.7 29
1774195767151 64.5 30
1774195777158 39.0 31
1774195787166 43.8 32
1774195797176 30.5 33
1774195807184 36.5 34
1774195817191 47.4 35
1774195827199 36.3 36
1774195837209 31.7 37
1774195847223 73.3 38
1774195857232 42.6 39
1774195867239 43.0 40
1774195877247 41.8 41
1774195887255 45.3 42
1774195897263 49.8 43
1774195907273 36.6 44
1774195917285 52.5 45
1774195927299 34.2 46
1774195937311 43.1 47
1774195947327 50.2 48
1774195957335 61.1 49
1774195967343 50.2 50
1774195977351 42.6 51
1774195987359 33.0 52
1774195997366 36.9 53
1774196007377 36.9 54
1774196017385 33.5 55
1774196027394 70.5 56
1774196037403 32.8 57
1774196047414 43.2 58
1774196057422 36.8 59
1774196067431 55.7 60
1774196077445 49.6 61
1774196087454 49.9 62
1774196097463 43.2 63
1774196107475 45.6 64
1774196117483 50.5 65
1774196127521 35.3 66
1774196137534 50.2 67
1774196147545 35.6 68
1774196157560 40.1 69
1774196167569 37.0 70
