1774195466865 40.7 0
1774195476875 67.7 1
1774195486884 53.8 2
1774195496893 53.5 3
1774195506900 105.3 4
1774195516908 84.9 5
1774195526917 89.9 6
1774195536925 73.0 7
1774195546933 61.2 8
1774195556945 89.8 9
1774195566955 47.3 10
1774195576969 58.5 11
1774195586975 74.2 12
1774195596982 49.8 13
1774195606989 54.8 14
1774195617000 56.3 15
1774195627008 71.1 16
1774195637017 59.2 17
1774195647029 63.7 18
1774195657039 59.6 19
1774195667052 77.8 20
1774195677060 117.3 21
1774195687067 59.5 22
1774195697084 121.5 23
1774195707099 66.5 24
1774195717107 79.2 25
1774195727118 59.6 26
1774195737127 73.0 27
1774195747134 51.5 28
1774195757142 79.6 29
1774195767151 97.4 30
1774195777158 58.8 31
1774195787166 66.2 32
1774195797176 46.1 33
1774195807184 55.1 34
1774195817191 71.6 35
1774195827199 54.8 36
1774195837209 47.9 37
1774195847223 110.6 38
1774195857232 64.4 39
1774195867239 64.9 40
1774195877247 63.1 41
1774195887255 68.5 42
1774195897263 75.1 43
1774195907273 55.2 44
1774195917285 79.3 45
1774195927299 51.6 46
1774195937311 65.0 47
1774195947327 75.8 48
1774195957335 92.3 49
1774195967343 75.8 50
1774195977351 64.3 51
1774195987359 49.8 52
1774195997366 55.8 53
1774196007377 55.8 54
1774196017385 50.6 55
1774196027394 106.4 56
1774196037403 49.6 57
1774196047414 65.2 58
1774196057422 55.6 59
1774196067431 84.1 60
1774196077445 74.9 61
1774196087454 75.4 62
1774196097463 65.3 63
1774196107475 68.9 64
1774196117483 76.3 65
1774196127521 53.4 66
1774196137534 75.8 67
1774196147545 53.7 68
1774196157560 60.5 69
1774196167569 55.9 70
