1774131291803 2.925841685146489 0
1774131293701 2.331173217480903 1
1774131295792 1.7922468071418383 2
1774131297649 1.4551502991055378 3
1774131299490 1.2119981963032003 4
1774131301622 1.041178726981971 5
1774131303738 0.8994209230606689 6
1774131305646 0.798227129874371 7
1774131307761 0.7048220829853429 8
1774131309664 0.6352295821808092 9
1774131311578 0.5639644975880133 10
1774131313699 0.5220205602722204 11
1774131315605 0.46670499360419476 12
1774131317662 0.4255683929286719 13
1774131319744 0.3878668755036011 14
1774131321674 0.3628712221460216 15
1774131323599 0.32623990221574184 16
1774131325660 0.3096910361748483 17
1774131327587 0.2751040191644845 18
1774131329491 0.26290250944200727 19
1774131331599 0.23950848380710998 20
1774131333699 0.22773110411703415 21
1774131335612 0.2138771372554827 22
1774131337734 0.20958946033637424 23
1774131339634 0.19250136601001755 24
1774131341564 0.17541608878600318 25
1774131343473 0.16927409678481478 26
1774131345590 0.15336957302738075 27
1774131347653 0.1506423755842091 28
1774131349748 0.13813262113444796 29
1774131351657 0.13633284370294754 30
1774131353581 0.12868481543578206 31
1774131355677 0.12315592450700229 32
1774131357593 0.11503152672202924 33
1774131359513 0.11047750496761566 34
1774131361429 0.11035416047433477 35
1774131363701 0.10288229168688717 36
1774131365607 0.09884929284300487 37
1774131367738 0.09564934605277665 38
1774131369643 0.09282473289317449 39
