1774201067944 0.0 0
1774201077965 13.0 1
1774201087975 12.7 2
1774201097988 14.4 3
1774201108001 15.1 4
1774201118009 12.0 5
1774201128016 14.9 6
1774201138024 15.7 7
1774201148032 11.9 8
1774201158046 14.5 9
1774201168067 15.4 10
1774201178079 12.0 11
1774201188086 14.6 12
1774201198094 13.7 13
1774201208101 14.2 14
1774201218109 14.4 15
1774201228121 11.9 16
1774201238133 16.0 17
1774201248147 14.3 18
1774201258156 11.2 19
1774201268177 16.3 20
1774201278189 14.1 21
1774201288200 11.4 22
1774201298208 16.4 23
1774201308217 13.4 24
1774201318227 12.7 25
1774201328236 13.4 26
1774201338247 16.3 27
1774201348254 12.1 28
1774201358268 12.2 29
1774201368280 18.2 30
1774201378296 12.2 31
1774201388317 11.5 32
1774201398330 17.8 33
1774201408339 12.3 34
1774201418352 11.4 35
1774201428360 17.7 36
1774201438373 12.9 37
1774201448380 11.8 38
1774201458393 13.7 39
1774201468409 17.3 40
1774201478417 11.1 41
1774201488436 13.4 42
1774201498456 17.4 43
