1774201067944 33.3 0
1774201077965 81.8 1
1774201087975 105.3 2
1774201097988 65.5 3
1774201108001 110.7 4
1774201118009 70.4 5
1774201128016 63.0 6
1774201138024 68.3 7
1774201148032 67.5 8
1774201158046 70.6 9
1774201168067 108.1 10
1774201178079 62.0 11
1774201188086 77.0 12
1774201198094 82.7 13
1774201208101 95.0 14
1774201218109 74.1 15
1774201228121 73.5 16
1774201238133 85.9 17
1774201248147 72.0 18
1774201258156 90.0 19
1774201268177 97.1 20
1774201278189 108.6 21
1774201288200 60.6 22
1774201298208 71.5 23
1774201308217 74.2 24
1774201318227 78.4 25
1774201328236 74.9 26
1774201338247 79.9 27
1774201348254 73.8 28
1774201358268 75.0 29
1774201368280 71.0 30
1774201378296 70.9 31
1774201388317 83.4 32
1774201398330 69.2 33
1774201408339 110.2 34
1774201418352 74.2 35
1774201428360 101.7 36
1774201438373 56.2 37
1774201448380 79.7 38
1774201458393 74.4 39
1774201468409 70.5 40
1774201478417 60.7 41
1774201488436 104.2 42
1774201498456 78.0 43
