1774543619756 0.9219359755516052 0
1774543619902 0.26340338587760925 1
1774543620040 0.21842904388904572 2
1774543620175 0.18785309791564941 3
1774543620311 0.1628810316324234 4
1774543620446 0.14225558936595917 5
1774543620583 0.1279589980840683 6
1774543620719 0.11396316438913345 7
1774543620856 0.10295967757701874 8
1774543620996 0.09240170568227768 9
1774543621133 0.08503785729408264 10
1774543621271 0.07692423462867737 11
1774543621409 0.07044952362775803 12
1774543621563 0.06398112326860428 13
1774543621717 0.05806642398238182 14
1774543621874 0.05181822180747986 15
1774543622031 0.04847746342420578 16
1774543622187 0.04403379186987877 17
1774543622344 0.03977108374238014 18
1774543622501 0.03716656193137169 19
1774543622659 0.034445565193891525 20
1774543622818 0.03192557394504547 21
1774543622977 0.029602551832795143 22
1774543623136 0.02745799720287323 23
1774543623301 0.026187293231487274 24
1774543623448 0.024099573493003845 25
1774543623609 0.02285750024020672 26
1774543623755 0.02159794420003891 27
1774543623916 0.01993657648563385 28
1774543624063 0.01934775896370411 29
1774543624227 0.017720455303788185 30
1774543624376 0.016889095306396484 31
1774543624525 0.015829360112547874 32
1774543624674 0.014829830266535282 33
1774543624824 0.013898174278438091 34
1774543624975 0.013418404385447502 35
1774543625126 0.01278723031282425 36
1774543625277 0.011964383535087109 37
1774543625428 0.011646069586277008 38
1774543625582 0.010766403749585152 39
1774543625734 0.01047985628247261 40
1774543625887 0.01008666306734085 41
1774543626041 0.009503724984824657 42
1774543626196 0.009145205840468407 43
1774543626366 0.008706213906407356 44
1774543626536 0.008228231221437454 45
1774543626707 0.0080531295388937 46
1774543626878 0.007861724123358727 47
1774543627035 0.007945869117975235 48
1774543627207 0.007501147221773863 49
1774543627365 0.006900285370647907 50
1774543627537 0.00668554101139307 51
1774543627696 0.006552793085575104 52
1774543627870 0.006281073670834303 53
1774543628029 0.006050367373973131 54
1774543628189 0.005897277966141701 55
1774543628350 0.00571028096601367 56
1774543628527 0.0053711445070803165 57
1774543628689 0.005417949054390192 58
1774543628851 0.005124986637383699 59
1774543629013 0.005096376407891512 60
1774543629177 0.004854286089539528 61
1774543629351 0.004719490185379982 62
1774543629526 0.004690298344939947 63
1774543629701 0.004542458336800337 64
1774543629877 0.0043964628130197525 65
1774543630053 0.004538165405392647 66
1774543630230 0.004220888949930668 67
1774543630408 0.004067278932780027 68
1774543630585 0.004050138872116804 69
1774543630764 0.0040176440961658955 70
1774543630943 0.003772513708099723 71
