1774569915212 0.49624765478424016 0
1774569915667 0.5576923076923077 1
1774569916272 0.6652204502814258 2
1774569916726 0.7612570356472795 3
1774569917179 0.8042917448405253 4
1774569917777 0.8462711069418386 5
1774569918206 0.8800422138836773 6
1774569918836 0.9011491557223265 7
1774569919323 0.9204971857410882 8
1774569919945 0.9309333958724203 9
1774569920564 0.9448874296435272 10
1774569921010 0.9523921200750469 11
1774569921460 0.9530956848030019 12
1774569922072 0.9637664165103189 13
1774569922513 0.9704502814258912 14
1774569922960 0.9698639774859287 15
1774569923606 0.9711538461538461 16
1774569924076 0.9794793621013134 17
1774569924558 0.9810037523452158 18
1774569925209 0.9851078799249531 19
1774569925689 0.9880393996247655 20
1774569926145 0.9844043151969981 21
