1774805547923 289.5061205625534 0
1774805563211 201.84014701843262 1
1774805578349 170.58490896224976 2
1774805593718 165.19635725021362 3
1774805608953 151.25436782836914 4
1774805624231 142.58540123701096 5
1774805639592 136.63245737552643 6
1774805654911 131.53153276443481 7
1774805670208 128.14545452594757 8
1774805685606 124.03604823350906 9
1774805700918 120.61572575569153 10
1774805716220 120.19840413331985 11
1774805731631 115.20033293962479 12
1774805746960 113.29792034626007 13
1774805762165 111.69906514883041 14
1774805777375 108.7100180387497 15
1774805792696 108.1063569188118 16
1774805807973 105.50219595432281 17
1774805823293 103.5687609910965 18
1774805838502 102.21439772844315 19
1774805853925 100.4621354341507 20
1774805869199 100.81542259454727 21
1774805884560 98.53002727031708 22
1774805899840 95.64402878284454 23
1774805915101 93.91204017400742 24
1774805930446 93.00365573167801 25
1774805945671 91.36007219552994 26
1774805960975 92.51940792798996 27
1774805976202 89.57178771495819 28
1774805991533 88.60605493187904 29
1774806006683 89.09999015927315 30
1774806021956 87.1023216843605 31
1774806037240 86.6284271478653 32
1774806052551 89.44334501028061 33
1774806067875 84.66469326615334 34
1774806083214 81.09516072273254 35
1774806098515 80.43379184603691 36
1774806113744 80.60819911956787 37
1774806128981 79.93309438228607 38
1774806144220 78.25039586424828 39
1774806159551 76.89662113785744 40
1774806174751 75.94161149859428 41
1774806190004 74.98453614115715 42
1774806205212 74.7177803516388 43
1774806220429 73.82277035713196 44
1774806235747 72.37882405519485 45
1774806250947 72.39911913871765 46
1774806266161 74.29799002408981 47
1774806281411 71.45175531506538 48
1774806296783 71.55674052238464 49
1774806311970 68.69601538777351 50
1774806327310 67.96611216664314 51
1774806342706 68.21781814098358 52
1774806357988 67.67734161019325 53
1774806373325 66.28773707151413 54
1774806388682 64.46043080091476 55
1774806404103 67.14477014541626 56
1774806419470 64.88049310445786 57
1774806434740 63.94413396716118 58
1774806450143 66.28075784444809 59
