1774367157730 0.7710731033983642 0
1774367158314 0.6976372101964468 1
1774367159048 0.693078598877726 2
1774367159628 0.6866214057294334 3
1774367160248 0.6906413257010211 4
1774367161014 0.6930747390017054 5
1774367161606 0.6948464793514803 6
1774367162325 0.6938209247410185 7
1774367162887 0.6936356342532174 8
1774367163470 0.6932559017839843 9
1774367164395 0.6929661731111623 10
1774367165026 0.6927394176960886 11
1774367165638 0.6926648398724998 12
1774367166386 0.6925565002112183 13
1774367166978 0.692324639820471 14
1774367167569 0.6920296907648584 15
1774367168325 0.6920488019374254 16
1774367168919 0.6913892187275985 17
1774367169519 0.6911877702369476 18
