1774568591026 0.8201645016670227 0
1774568591222 0.47112321853637695 1
1774568591398 0.422547847032547 2
1774568591569 0.39189857244491577 3
1774568591738 0.37211593985557556 4
1774568591909 0.3580090403556824 5
1774568592079 0.34666261076927185 6
1774568592250 0.33635732531547546 7
1774568592423 0.32619568705558777 8
1774568592604 0.3180984556674957 9
1774568592804 0.30989009141921997 10
1774568593004 0.30048951506614685 11
1774568593200 0.2926819920539856 12
1774568593396 0.2834966480731964 13
1774568593594 0.2753370702266693 14
1774568593793 0.2675330638885498 15
1774568593979 0.25850504636764526 16
1774568594179 0.250163733959198 17
1774568594379 0.24208658933639526 18
1774568594579 0.23462644219398499 19
1774568594766 0.22660136222839355 20
1774568594968 0.21817025542259216 21
1774568595174 0.21051275730133057 22
1774568595358 0.20221634209156036 23
1774568595539 0.19542260468006134 24
1774568595720 0.18778671324253082 25
1774568595901 0.17936848104000092 26
1774568596082 0.17321312427520752 27
1774568596263 0.16618162393569946 28
1774568596445 0.1590476781129837 29
1774568596627 0.1518460512161255 30
1774568596809 0.1466265171766281 31
1774568596992 0.14063355326652527 32
1774568597175 0.13395564258098602 33
1774568597358 0.12881985306739807 34
1774568597546 0.12397969514131546 35
1774568597733 0.11916977912187576 36
