1774197846793 0.07907742998352553 0
1774197848252 0.1828665568369028 1
1774197849730 0.21361889071938495 2
1774197851207 0.27347611202635913 3
1774197852694 0.36957715540911584 4
1774197854169 0.4222954420647996 5
1774197855671 0.44096650192202086 6
1774197857107 0.49697968149368477 7
1774197858578 0.5491488193300385 8
1774197860065 0.57166392092257 9
1774197861572 0.6161449752883031 10
1774197863065 0.6507413509060955 11
1774197864546 0.6639209225700164 12
1774197866029 0.6875343218012081 13
1774197867495 0.7160900604063701 14
1774197869028 0.7177375068643602 15
1774197870515 0.7314662273476112 16
1774197872019 0.7753981328940143 17
1774197873472 0.7957166392092258 18
1774197874953 0.8248215266337178 19
1774197876421 0.842394288852279 20
1774197877960 0.8588687534321802 21
1774197879433 0.7946183415705657 22
1774197880948 0.8088962108731467 23
1774197882437 0.85612300933553 24
1774197883944 0.8797364085667215 25
1774197885452 0.9022515101592532 26
1774197886942 0.900054914881933 27
1774197888400 0.8934651290499726 28
1774197889854 0.9110378912685337 29
1774197891316 0.9390444810543658 30
1774197892766 0.9373970345963756 31
1774197894255 0.9538714991762768 32
1774197895757 0.9621087314662273 33
1774197897250 0.9599121361889071 34
1774197898745 0.9593629873695771 35
1774197900235 0.9686985172981878 36
1774197901700 0.9791323448654585 37
1774197903199 0.9829763866007688 38
1774197904718 0.9802306425041186 39
1774197906174 0.9384953322350357 40
1774197907640 0.9489291598023064 41
1774197909083 0.9599121361889071 42
1774197910602 0.970895112575508 43
1774197912138 0.9780340472267984 44
1774197913625 0.9736408566721582 45
1774197915125 0.9818780889621087 46
1774197916610 0.971444261394838 47
1774197918088 0.9736408566721582 48
1774197919584 0.9835255354200988 49
