1774810663074 0.0 0
1774810673083 14.4 1
1774810683098 14.4 2
1774810693111 15.4 3
1774810703119 16.0 4
1774810713182 14.1 5
1774810723195 14.5 6
1774810733203 17.5 7
1774810743213 13.1 8
1774810753240 15.7 9
1774810763253 16.7 10
1774810773332 14.1 11
1774810783341 14.9 12
1774810793350 16.6 13
1774810803359 13.6 14
1774810813371 15.4 15
1774810823380 12.9 16
1774810833390 17.1 17
1774810843431 16.1 18
1774810853441 11.9 19
1774810863520 17.4 20
1774810873529 15.8 21
1774810883541 12.3 22
1774810893557 17.2 23
1774810903567 16.4 24
1774810913577 11.9 25
1774810923592 17.1 26
1774810933603 16.4 27
