1774810663074 18.1 0
1774810673083 71.5 1
1774810683098 83.3 2
1774810693111 28.6 3
1774810703119 85.4 4
1774810713182 27.2 5
1774810723195 33.5 6
1774810733203 69.8 7
1774810743213 83.7 8
1774810753240 64.3 9
1774810763253 29.9 10
1774810773332 84.9 11
1774810783341 27.1 12
1774810793350 70.2 13
1774810803359 67.5 14
1774810813371 70.9 15
1774810823380 70.6 16
1774810833390 78.9 17
1774810843431 58.7 18
1774810853441 33.8 19
1774810863520 68.1 20
1774810873529 33.8 21
1774810883541 79.4 22
1774810893557 78.0 23
1774810903567 69.2 24
1774810913577 67.4 25
1774810923592 64.3 26
1774810933603 77.7 27
