1774194811739 0.0 0
1774194821748 16.8 1
1774194831756 14.3 2
1774194841766 11.6 3
1774194851774 16.8 4
1774194861783 13.3 5
1774194871795 12.3 6
1774194881803 16.5 7
1774194891819 13.3 8
1774194901828 12.4 9
1774194911837 13.0 10
1774194921844 16.6 11
1774194931850 12.9 12
1774194941861 11.1 13
1774194951868 18.0 14
1774194961876 12.9 15
1774194971883 11.0 16
1774194981891 18.1 17
1774194991900 12.8 18
1774195001910 11.1 19
1774195011918 17.1 20
1774195021932 14.4 21
1774195031946 11.1 22
1774195041964 12.2 23
1774195051971 19.5 24
1774195061981 11.3 25
1774195071990 11.9 26
1774195081998 19.5 27
1774195092006 10.9 28
1774195102015 11.9 29
1774195112024 19.6 30
1774195122033 11.2 31
1774195132045 11.6 32
1774195142053 16.7 33
1774195152061 13.3 34
1774195162069 12.1 35
1774195172078 14.4 36
1774195182085 15.6 37
1774195192093 11.5 38
1774195202111 14.6 39
1774195212119 15.3 40
1774195222131 11.7 41
1774195232139 14.3 42
1774195242147 16.2 43
1774195252156 11.6 44
1774195262165 13.9 45
1774195272173 13.0 46
1774195282181 15.2 47
1774195292189 13.2 48
1774195302198 13.0 49
1774195312206 16.3 50
1774195322217 13.3 51
1774195332233 12.5 52
1774195342245 16.4 53
1774195352254 13.4 54
1774195362267 12.8 55
1774195372277 15.6 56
