1774569573444 0.12005746340128609 0
1774569575337 0.2824599808455329 1
1774569577405 0.47092625530168286 2
1774569579294 0.5693665344096319 3
1774569581207 0.6365439868655083 4
1774569583307 0.6888767273224792 5
1774569585428 0.732179504720208 6
1774569587325 0.7676836776576823 7
1774569589412 0.7917635791489944 8
1774569591309 0.8138596251197154 9
1774569593201 0.8284991106854563 10
1774569595312 0.8484060747024217 11
1774569597209 0.8605144342591325 12
1774569599299 0.8702968942399781 13
1774569601385 0.8873306881926392 14
1774569603309 0.896018607196607 15
1774569605212 0.904022438090026 16
1774569607354 0.9159939800246272 17
1774569609312 0.9217403201532357 18
1774569611221 0.9234505404296073 19
1774569613520 0.9309755096456424 20
1774569615427 0.93966342864961 21
1774569617323 0.9423997810918047 22
1774569619422 0.9454097687782186 23
1774569621309 0.9524558763168696 24
1774569623213 0.9546449582706252 25
1774569625093 0.956765631413326 26
1774569627179 0.9570392666575455 27
1774569629275 0.9579285812012587 28
1774569631395 0.9614174305650568 29
1774569633281 0.9659324120946778 30
1774569635186 0.9677794499931591 31
1774569637295 0.9690792174032016 32
1774569639224 0.9718839786564509 33
1774569641137 0.9715419346011767 34
1774569643191 0.9753044192091942 35
1774569645301 0.9729785196333288 36
1774569647246 0.973867834177042 37
1774569649342 0.9783144068956081 38
1774569651261 0.9778355452182241 39
1774569653178 0.9791353126282665 40
1774569655311 0.9787248597619373 41
