1774542344855 0.23108496374333015 0
1774542360173 0.44732521548775483 1
1774542375418 0.5212067314270078 2
1774542390642 0.5613627035162129 3
1774542405819 0.5867423724175674 4
1774542421187 0.6048707073471064 5
1774542436596 0.6281981119168148 6
1774542451848 0.6437953208373238 7
1774542467233 0.6586400328362293 8
1774542482514 0.658297988780955 9
1774542497813 0.6777260911205363 10
1774542513037 0.6857299220139554 11
1774542528389 0.691476262142564 12
1774542543649 0.6927760295526064 13
1774542558900 0.6942810233958134 14
1774542574212 0.7089205089615542 15
1774542589426 0.7139827609796142 16
1774542604714 0.710562320426871 17
1774542620017 0.7196606922971679 18
1774542635271 0.7204131892187714 19
1774542650626 0.7249965795594473 20
1774542665849 0.7305376932548913 21
1774542681071 0.7376522096045971 22
1774542696243 0.74120946777945 23
1774542711565 0.7363524421945546 24
1774542726824 0.7412778765905048 25
1774542742132 0.7503762484608018 26
1774542757471 0.7523601039813929 27
1774542772550 0.7615952934737994 28
1774542787850 0.7553016828567519 29
1774542803065 0.7618005199069641 30
1774542818400 0.7591325762758243 31
1774542833723 0.7585168969763305 32
1774542848985 0.7693938979340539 33
1774542864250 0.7704884389109318 34
1774542879530 0.7726091120536325 35
1774542894913 0.7791079491038446 36
1774542910151 0.7777397728827473 37
1774542925507 0.7823231632234232 38
1774542940870 0.7880010945409769 39
1774542956107 0.7797236284033383 40
1774542971400 0.788958817895745 41
1774542986762 0.7870433711862088 42
1774543002042 0.7916951703379396 43
1774543017281 0.7943631139690792 44
1774543032615 0.7938842522916951 45
1774543047733 0.7927897113148173 46
1774543063093 0.7851279244766726 47
1774543078309 0.7988780954987003 48
1774543093573 0.7950472020796279 49
1774543108899 0.7932685729922014 50
1774543124160 0.7903269941168423 51
1774543139488 0.804008756327815 52
