1774204957080 2.8 0
1774204967089 18.1 1
1774204977098 20.1 2
1774204987105 22.2 3
1774204997117 22.2 4
1774205007130 22.2 5
1774205017137 22.2 6
1774205027148 22.2 7
1774205037158 22.2 8
1774205047171 22.2 9
1774205057179 22.2 10
1774205067187 22.2 11
1774205077197 24.4 12
1774205087208 24.4 13
1774205097218 24.4 14
1774205107230 24.4 15
1774205117240 24.4 16
1774205127248 24.4 17
1774205137257 24.4 18
1774205147264 24.4 19
1774205157274 24.4 20
1774205167286 24.4 21
1774205177298 24.4 22
1774205187312 24.4 23
1774205197322 24.4 24
1774205207330 24.4 25
1774205217345 24.4 26
1774205227353 24.4 27
1774205237362 24.4 28
