1774796166034 0.5022279549718575 0
1774796166220 0.8474437148217636 1
1774796166390 0.861515009380863 2
1774796166561 0.8703095684803002 3
1774796166733 0.875 4
1774796166906 0.8796904315196998 5
1774796167079 0.8864915572232646 6
1774796167252 0.8942307692307693 7
1774796167433 0.8963414634146342 8
1774796167626 0.9004455909943715 9
1774796167820 0.9039634146341463 10
1774796168015 0.9093574108818011 11
1774796168209 0.9129924953095685 12
1774796168405 0.9155722326454033 13
1774796168602 0.9193245778611632 14
1774796168799 0.9238977485928705 15
1774796168996 0.9267120075046904 16
1774796169194 0.9309333958724203 17
1774796169392 0.9369136960600375 18
1774796169591 0.9389071294559099 19
1774796169791 0.9431285178236398 20
1774796169991 0.9444183864915572 21
1774796170171 0.9486397748592871 22
1774796170352 0.9515712945590994 23
1774796170533 0.9528611632270169 24
1774796170715 0.9570825515947468 25
1774796170897 0.9604831144465291 26
1774796171079 0.9651735459662288 27
1774796171262 0.9674015009380863 28
1774796171446 0.9705675422138836 29
1774796171630 0.9704502814258912 30
1774796171814 0.9738508442776735 31
1774796171999 0.975609756097561 32
1774796172184 0.9750234521575984 33
1774796172370 0.9766651031894934 34
1774796172559 0.9793621013133208 35
