1774711959225 1.6 0
1774711969238 11.4 1
1774711979247 12.7 2
1774711989254 12.7 3
1774711999265 12.7 4
1774712009274 12.7 5
1774712019294 12.7 6
1774712029305 12.7 7
1774712039316 12.7 8
1774712049330 12.7 9
1774712059339 12.7 10
1774712069347 12.7 11
1774712079360 12.7 12
1774712089369 12.7 13
1774712099378 12.7 14
1774712109386 12.7 15
1774712119400 12.7 16
1774712129412 12.7 17
1774712139420 12.7 18
1774712149428 12.7 19
1774712159436 12.7 20
1774712169444 12.7 21
1774712179460 12.7 22
1774712189468 12.7 23
1774712199476 12.7 24
1774712209487 12.7 25
1774712219499 12.7 26
1774712229512 12.7 27
1774712239520 12.7 28
1774712249530 12.7 29
1774712259549 12.7 30
1774712269558 12.7 31
1774712279566 12.7 32
1774712289574 12.7 33
1774712299582 14.1 34
1774712309590 14.1 35
1774712319597 14.1 36
1774712329605 14.1 37
1774712339614 14.1 38
1774712349622 14.1 39
1774712359644 14.1 40
1774712369659 14.1 41
1774712379669 14.1 42
1774712389679 14.1 43
1774712399688 14.1 44
1774712409703 14.1 45
1774712419713 14.1 46
1774712429722 14.1 47
1774712439735 14.1 48
1774712449743 14.1 49
1774712459751 14.1 50
1774712469760 14.1 51
1774712479767 14.1 52
1774712489776 14.1 53
1774712499784 14.1 54
1774712509792 14.1 55
1774712519805 14.1 56
1774712529813 14.1 57
1774712539823 14.1 58
1774712549832 14.1 59
1774712559842 14.1 60
1774712569850 14.1 61
1774712579861 14.1 62
1774712589873 14.1 63
1774712599883 14.1 64
1774712609897 14.1 65
1774712619906 14.1 66
1774712629913 14.1 67
1774712639926 14.1 68
1774712649934 14.1 69
1774712659947 14.1 70
1774712669958 14.1 71
1774712679979 14.1 72
1774712689995 14.1 73
1774712700005 14.1 74
1774712710018 14.1 75
1774712720035 14.1 76
1774712730049 14.1 77
1774712740063 14.1 78
1774712750072 14.1 79
1774712760081 14.1 80
1774712770090 14.1 81
1774712780107 14.1 82
1774712790118 14.1 83
1774712800126 14.1 84
1774712810139 14.1 85
1774712820147 14.1 86
1774712830155 14.1 87
1774712840164 14.1 88
1774712850174 14.1 89
1774712860186 14.1 90
1774712870198 14.1 91
1774712880214 14.1 92
1774712890225 14.1 93
1774712900235 14.1 94
1774712910251 14.1 95
1774712920263 14.1 96
1774712930284 14.1 97
1774712940294 14.1 98
1774712950302 14.1 99
1774712960317 14.1 100
1774712970331 14.1 101
1774712980343 14.1 102
1774712990353 14.1 103
1774713000366 14.1 104
1774713010376 14.1 105
1774713020392 14.1 106
1774713030407 14.1 107
1774713040422 14.1 108
1774713050435 14.1 109
1774713060446 14.1 110
1774713070458 14.1 111
1774713080468 14.1 112
1774713090480 14.1 113
1774713100492 14.1 114
1774713110500 14.1 115
1774713120509 14.1 116
1774713130518 14.1 117
1774713140528 14.1 118
1774713150538 14.1 119
1774713160550 14.1 120
1774713170564 14.1 121
1774713180573 14.1 122
1774713190582 14.1 123
1774713200595 14.1 124
1774713210606 14.1 125
1774713220616 14.1 126
1774713230631 14.1 127
1774713240654 14.1 128
1774713250666 14.1 129
1774713260678 14.1 130
1774713270687 14.1 131
1774713280697 14.1 132
1774713290707 14.1 133
1774713300716 14.1 134
1774713310728 14.1 135
1774713320739 14.1 136
1774713330749 14.1 137
1774713340760 14.1 138
1774713350771 14.1 139
1774713360781 14.1 140
1774713370799 14.1 141
1774713380819 14.1 142
1774713390829 14.1 143
1774713400843 14.1 144
1774713410854 14.1 145
1774713420868 14.1 146
1774713430879 14.1 147
