1774711959225 0.0 0
1774711969238 91.0 1
1774711979247 92.0 2
1774711989254 94.0 3
1774711999265 90.0 4
1774712009274 91.0 5
1774712019294 94.0 6
1774712029305 93.0 7
1774712039316 94.0 8
1774712049330 92.0 9
1774712059339 91.0 10
1774712069347 94.0 11
1774712079360 93.0 12
1774712089369 92.0 13
1774712099378 92.0 14
1774712109386 93.0 15
1774712119400 92.0 16
1774712129412 94.0 17
1774712139420 91.0 18
1774712149428 94.0 19
1774712159436 92.0 20
1774712169444 94.0 21
1774712179460 94.0 22
1774712189468 82.0 23
1774712199476 94.0 24
1774712209487 92.0 25
1774712219499 93.0 26
1774712229512 94.0 27
1774712239520 91.0 28
1774712249530 92.0 29
1774712259549 94.0 30
1774712269558 94.0 31
1774712279566 94.0 32
1774712289574 94.0 33
1774712299582 93.0 34
1774712309590 94.0 35
1774712319597 94.0 36
1774712329605 94.0 37
1774712339614 92.0 38
1774712349622 94.0 39
1774712359644 92.0 40
1774712369659 93.0 41
1774712379669 93.0 42
1774712389679 92.0 43
1774712399688 92.0 44
1774712409703 93.0 45
1774712419713 93.0 46
1774712429722 93.0 47
1774712439735 94.0 48
1774712449743 63.0 49
1774712459751 92.0 50
1774712469760 91.0 51
1774712479767 93.0 52
1774712489776 91.0 53
1774712499784 94.0 54
1774712509792 90.0 55
1774712519805 94.0 56
1774712529813 94.0 57
1774712539823 91.0 58
1774712549832 90.0 59
1774712559842 91.0 60
1774712569850 91.0 61
1774712579861 94.0 62
1774712589873 94.0 63
1774712599883 93.0 64
1774712609897 94.0 65
1774712619906 94.0 66
1774712629913 94.0 67
1774712639926 94.0 68
1774712649934 92.0 69
1774712659947 94.0 70
1774712669958 93.0 71
1774712679979 93.0 72
1774712689995 93.0 73
1774712700005 92.0 74
1774712710018 94.0 75
1774712720035 94.0 76
1774712730049 90.0 77
1774712740063 82.0 78
1774712750072 94.0 79
1774712760081 94.0 80
1774712770090 94.0 81
1774712780107 94.0 82
1774712790118 94.0 83
1774712800126 95.0 84
1774712810139 93.0 85
1774712820147 93.0 86
1774712830155 91.0 87
1774712840164 94.0 88
1774712850174 94.0 89
1774712860186 90.0 90
1774712870198 94.0 91
1774712880214 93.0 92
1774712890225 93.0 93
1774712900235 94.0 94
1774712910251 94.0 95
1774712920263 94.0 96
1774712930284 94.0 97
1774712940294 93.0 98
1774712950302 94.0 99
1774712960317 92.0 100
1774712970331 91.0 101
1774712980343 90.0 102
1774712990353 90.0 103
1774713000366 95.0 104
1774713010376 94.0 105
1774713020392 93.0 106
1774713030407 82.0 107
1774713040422 92.0 108
1774713050435 91.0 109
1774713060446 93.0 110
1774713070458 92.0 111
1774713080468 94.0 112
1774713090480 94.0 113
1774713100492 94.0 114
1774713110500 94.0 115
1774713120509 94.0 116
1774713130518 93.0 117
1774713140528 93.0 118
1774713150538 94.0 119
1774713160550 93.0 120
1774713170564 94.0 121
1774713180573 93.0 122
1774713190582 94.0 123
1774713200595 92.0 124
1774713210606 92.0 125
1774713220616 92.0 126
1774713230631 93.0 127
1774713240654 94.0 128
1774713250666 94.0 129
1774713260678 92.0 130
1774713270687 93.0 131
1774713280697 91.0 132
1774713290707 63.0 133
1774713300716 91.0 134
1774713310728 91.0 135
1774713320739 78.0 136
1774713330749 94.0 137
1774713340760 94.0 138
1774713350771 94.0 139
1774713360781 94.0 140
1774713370799 94.0 141
1774713380819 94.0 142
1774713390829 94.0 143
1774713400843 93.0 144
1774713410854 94.0 145
1774713420868 92.0 146
1774713430879 94.0 147
