1774711959225 19.0 0
1774711969238 20.6 1
1774711979247 21.0 2
1774711989254 21.0 3
1774711999265 21.1 4
1774712009274 21.0 5
1774712019294 21.1 6
1774712029305 21.1 7
1774712039316 21.1 8
1774712049330 21.2 9
1774712059339 21.1 10
1774712069347 21.1 11
1774712079360 21.2 12
1774712089369 22.6 13
1774712099378 21.1 14
1774712109386 21.2 15
1774712119400 21.2 16
1774712129412 21.1 17
1774712139420 21.2 18
1774712149428 21.7 19
1774712159436 21.2 20
1774712169444 21.2 21
1774712179460 21.2 22
1774712189468 21.5 23
1774712199476 21.2 24
1774712209487 21.2 25
1774712219499 22.1 26
1774712229512 21.2 27
1774712239520 21.2 28
1774712249530 21.2 29
1774712259549 21.2 30
1774712269558 21.2 31
1774712279566 21.2 32
1774712289574 21.2 33
1774712299582 21.2 34
1774712309590 21.2 35
1774712319597 21.2 36
1774712329605 21.2 37
1774712339614 21.2 38
1774712349622 21.6 39
1774712359644 21.2 40
1774712369659 21.7 41
1774712379669 21.2 42
1774712389679 21.2 43
1774712399688 21.2 44
1774712409703 21.1 45
1774712419713 21.2 46
1774712429722 21.2 47
1774712439735 21.1 48
1774712449743 21.2 49
1774712459751 21.4 50
1774712469760 21.2 51
1774712479767 21.3 52
1774712489776 21.1 53
1774712499784 21.1 54
1774712509792 21.2 55
1774712519805 21.2 56
1774712529813 21.2 57
1774712539823 21.2 58
1774712549832 21.2 59
1774712559842 21.2 60
1774712569850 21.3 61
1774712579861 22.8 62
1774712589873 21.3 63
1774712599883 21.2 64
1774712609897 21.2 65
1774712619906 21.2 66
1774712629913 21.2 67
1774712639926 21.2 68
1774712649934 21.3 69
1774712659947 21.2 70
1774712669958 21.2 71
1774712679979 21.2 72
1774712689995 21.2 73
1774712700005 21.2 74
1774712710018 22.4 75
1774712720035 21.2 76
1774712730049 21.2 77
1774712740063 21.4 78
1774712750072 21.2 79
1774712760081 21.2 80
1774712770090 21.2 81
1774712780107 21.2 82
1774712790118 21.2 83
1774712800126 21.4 84
1774712810139 21.2 85
1774712820147 21.2 86
1774712830155 21.2 87
1774712840164 22.2 88
1774712850174 21.2 89
1774712860186 21.2 90
1774712870198 21.2 91
1774712880214 21.2 92
1774712890225 21.2 93
1774712900235 21.2 94
1774712910251 21.2 95
1774712920263 21.1 96
1774712930284 21.1 97
1774712940294 21.2 98
1774712950302 21.2 99
1774712960317 21.2 100
1774712970331 21.9 101
1774712980343 21.2 102
1774712990353 21.4 103
1774713000366 21.2 104
1774713010376 21.2 105
1774713020392 21.2 106
1774713030407 21.2 107
1774713040422 21.2 108
1774713050435 21.2 109
1774713060446 21.2 110
1774713070458 21.3 111
1774713080468 21.2 112
1774713090480 21.2 113
1774713100492 21.5 114
1774713110500 21.2 115
1774713120509 21.2 116
1774713130518 21.2 117
1774713140528 21.5 118
1774713150538 21.2 119
1774713160550 21.3 120
1774713170564 21.2 121
1774713180573 21.2 122
1774713190582 21.3 123
1774713200595 22.9 124
1774713210606 21.1 125
1774713220616 21.2 126
1774713230631 21.2 127
1774713240654 21.2 128
1774713250666 21.3 129
1774713260678 21.2 130
1774713270687 21.2 131
1774713280697 21.2 132
1774713290707 21.2 133
1774713300716 21.2 134
1774713310728 21.3 135
1774713320739 21.2 136
1774713330749 22.5 137
1774713340760 21.3 138
1774713350771 21.2 139
1774713360781 21.2 140
1774713370799 21.2 141
1774713380819 21.7 142
1774713390829 21.5 143
1774713400843 21.2 144
1774713410854 21.3 145
1774713420868 21.2 146
1774713430879 21.3 147
