1774215475600 0.0 0
1774215485609 11.4 1
1774215495624 16.9 2
1774215505632 14.4 3
1774215515649 11.3 4
1774215525658 16.9 5
1774215535669 14.5 6
1774215545682 11.0 7
1774215555697 16.3 8
1774215565709 13.5 9
1774215575724 11.3 10
1774215585737 12.7 11
1774215595745 16.7 12
1774215605762 12.4 13
1774215615771 11.7 14
1774215625780 18.9 15
1774215635795 12.7 16
1774215645804 11.8 17
1774215655814 17.9 18
1774215665822 13.1 19
1774215675836 11.2 20
1774215685844 17.5 21
1774215695851 13.0 22
1774215705860 10.9 23
1774215715875 13.2 24
1774215725888 17.5 25
1774215735899 11.3 26
1774215745906 13.2 27
1774215755914 17.7 28
1774215765924 11.4 29
1774215775938 13.3 30
1774215785947 17.5 31
1774215795961 11.1 32
1774215805972 13.6 33
1774215815981 15.3 34
1774215825993 13.2 35
1774215836008 13.7 36
1774215846016 13.1 37
1774215856029 16.0 38
1774215866036 12.3 39
1774215876055 13.7 40
1774215886066 15.5 41
1774215896079 11.9 42
1774215906087 14.7 43
1774215916095 15.3 44
1774215926103 12.6 45
1774215936115 14.8 46
1774215946128 12.9 47
1774215956139 15.0 48
1774215966153 14.5 49
1774215976161 11.2 50
1774215986170 16.9 51
1774215996179 14.5 52
1774216006193 11.6 53
1774216016202 16.5 54
1774216026214 13.9 55
1774216036223 11.9 56
1774216046233 16.4 57
1774216056242 13.7 58
1774216066250 12.2 59
1774216076259 12.0 60
1774216086268 17.9 61
1774216096275 12.1 62
1774216106290 11.1 63
1774216116307 17.7 64
1774216126316 13.0 65
1774216136330 11.0 66
1774216146339 18.2 67
1774216156349 12.7 68
1774216166358 11.5 69
1774216176371 17.0 70
