1774215475600 0.0 0
1774215485609 79.0 1
1774215495624 75.0 2
1774215505632 76.0 3
1774215515649 74.0 4
1774215525658 77.0 5
1774215535669 77.0 6
1774215545682 77.0 7
1774215555697 76.0 8
1774215565709 73.0 9
1774215575724 77.0 10
1774215585737 77.0 11
1774215595745 75.0 12
1774215605762 79.0 13
1774215615771 75.0 14
1774215625780 79.0 15
1774215635795 78.0 16
1774215645804 76.0 17
1774215655814 78.0 18
1774215665822 76.0 19
1774215675836 77.0 20
1774215685844 78.0 21
1774215695851 77.0 22
1774215705860 73.0 23
1774215715875 77.0 24
1774215725888 74.0 25
1774215735899 79.0 26
1774215745906 77.0 27
1774215755914 76.0 28
1774215765924 78.0 29
1774215775938 79.0 30
1774215785947 77.0 31
1774215795961 75.0 32
1774215805972 76.0 33
1774215815981 77.0 34
1774215825993 77.0 35
1774215836008 76.0 36
1774215846016 74.0 37
1774215856029 76.0 38
1774215866036 77.0 39
1774215876055 77.0 40
1774215886066 75.0 41
1774215896079 79.0 42
1774215906087 76.0 43
1774215916095 75.0 44
1774215926103 75.0 45
1774215936115 74.0 46
1774215946128 75.0 47
1774215956139 79.0 48
1774215966153 78.0 49
1774215976161 77.0 50
1774215986170 76.0 51
1774215996179 76.0 52
1774216006193 77.0 53
1774216016202 77.0 54
1774216026214 77.0 55
1774216036223 79.0 56
1774216046233 77.0 57
1774216056242 77.0 58
1774216066250 76.0 59
1774216076259 73.0 60
1774216086268 75.0 61
1774216096275 74.0 62
1774216106290 78.0 63
1774216116307 79.0 64
1774216126316 76.0 65
1774216136330 74.0 66
1774216146339 77.0 67
1774216156349 77.0 68
1774216166358 75.0 69
1774216176371 76.0 70
