1774215475600 239.7 0
1774215485609 1661.5 1
1774215495624 1661.5 2
1774215505632 2150.2 3
1774215515649 2150.2 4
1774215525658 2410.2 5
1774215535669 2410.2 6
1774215545682 2410.2 7
1774215555697 2678.7 8
1774215565709 2678.7 9
1774215575724 2678.7 10
1774215585737 2680.8 11
1774215595745 2680.8 12
1774215605762 2680.8 13
1774215615771 2680.8 14
1774215625780 2680.8 15
1774215635795 2680.8 16
1774215645804 2680.8 17
1774215655814 2680.8 18
1774215665822 2680.8 19
1774215675836 2680.8 20
1774215685844 2680.8 21
1774215695851 2680.8 22
1774215705860 2970.2 23
1774215715875 2970.2 24
1774215725888 2970.2 25
1774215735899 2970.2 26
1774215745906 2970.2 27
1774215755914 2970.2 28
1774215765924 2970.2 29
1774215775938 2970.2 30
1774215785947 2970.2 31
1774215795961 2970.2 32
1774215805972 2970.2 33
1774215815981 2970.2 34
1774215825993 2970.2 35
1774215836008 2970.2 36
1774215846016 2970.2 37
1774215856029 2970.2 38
1774215866036 2970.2 39
1774215876055 2970.2 40
1774215886066 2970.2 41
1774215896079 2970.2 42
1774215906087 2970.2 43
1774215916095 2970.2 44
1774215926103 2970.2 45
1774215936115 2970.2 46
1774215946128 2970.2 47
1774215956139 2970.2 48
1774215966153 2970.2 49
1774215976161 2970.2 50
1774215986170 2970.2 51
1774215996179 2970.2 52
1774216006193 2970.2 53
1774216016202 2970.2 54
1774216026214 2970.2 55
1774216036223 2970.2 56
1774216046233 2970.2 57
1774216056242 2970.2 58
1774216066250 2970.2 59
1774216076259 2970.2 60
1774216086268 2970.2 61
1774216096275 2970.2 62
1774216106290 2970.2 63
1774216116307 2970.2 64
1774216126316 2970.2 65
1774216136330 2970.2 66
1774216146339 2970.2 67
1774216156349 2970.2 68
1774216166358 2970.2 69
1774216176371 2970.2 70
