1774215475600 2.8 0
1774215485609 19.3 1
1774215495624 19.3 2
1774215505632 25.0 3
1774215515649 25.0 4
1774215525658 28.1 5
1774215535669 28.1 6
1774215545682 28.1 7
1774215555697 31.2 8
1774215565709 31.2 9
1774215575724 31.2 10
1774215585737 31.2 11
1774215595745 31.2 12
1774215605762 31.2 13
1774215615771 31.2 14
1774215625780 31.2 15
1774215635795 31.2 16
1774215645804 31.2 17
1774215655814 31.2 18
1774215665822 31.2 19
1774215675836 31.2 20
1774215685844 31.2 21
1774215695851 31.2 22
1774215705860 34.6 23
1774215715875 34.6 24
1774215725888 34.6 25
1774215735899 34.6 26
1774215745906 34.6 27
1774215755914 34.6 28
1774215765924 34.6 29
1774215775938 34.6 30
1774215785947 34.6 31
1774215795961 34.6 32
1774215805972 34.6 33
1774215815981 34.6 34
1774215825993 34.6 35
1774215836008 34.6 36
1774215846016 34.6 37
1774215856029 34.6 38
1774215866036 34.6 39
1774215876055 34.6 40
1774215886066 34.6 41
1774215896079 34.6 42
1774215906087 34.6 43
1774215916095 34.6 44
1774215926103 34.6 45
1774215936115 34.6 46
1774215946128 34.6 47
1774215956139 34.6 48
1774215966153 34.6 49
1774215976161 34.6 50
1774215986170 34.6 51
1774215996179 34.6 52
1774216006193 34.6 53
1774216016202 34.6 54
1774216026214 34.6 55
1774216036223 34.6 56
1774216046233 34.6 57
1774216056242 34.6 58
1774216066250 34.6 59
1774216076259 34.6 60
1774216086268 34.6 61
1774216096275 34.6 62
1774216106290 34.6 63
1774216116307 34.6 64
1774216126316 34.6 65
1774216136330 34.6 66
1774216146339 34.6 67
1774216156349 34.6 68
1774216166358 34.6 69
1774216176371 34.6 70
