1774570955837 45.72985506057739 0
1774570958094 45.20941233634949 1
1774570960415 45.08533215522766 2
1774570962758 44.709293603897095 3
1774570965039 44.55214309692383 4
1774570967365 44.285428285598755 5
1774570969699 44.15111422538757 6
1774570972027 44.020593881607056 7
1774570974379 43.557164907455444 8
1774570976759 43.30259299278259 9
1774570979062 43.249961137771606 10
1774570981390 42.995935916900635 11
1774570983722 42.57887363433838 12
1774570986047 42.34684228897095 13
1774570988346 41.828519344329834 14
1774570990681 41.43444347381592 15
1774570992991 40.98435378074646 16
1774570995314 40.589033126831055 17
1774570997639 39.80207133293152 18
1774570999902 39.29210090637207 19
1774571002232 38.08493947982788 20
1774571004554 37.06989359855652 21
1774571006902 35.82057499885559 22
1774571009195 34.47592210769653 23
1774571011450 33.26233768463135 24
1774571013795 32.02499461174011 25
1774571016173 30.840712547302246 26
1774571018463 29.940108060836792 27
1774571020838 28.562832355499268 28
1774571023189 27.42462730407715 29
1774571025562 26.844048023223877 30
1774571027924 25.493621468544006 31
1774571030228 25.079596161842346 32
