1768651298281 0.691632151428782 0
1768651299248 0.643829153504558 1
1768651300208 0.5840470303195031 2
1768651301173 0.5245207130440189 3
1768651302140 0.5038667259004729 4
1768651303102 0.4527613605107062 5
1768651304068 0.4339922938475322 6
1768651305038 0.35939702400020457 7
1768651306007 0.31378992350885937 8
1768651306971 0.27678374748286516 9
1768651307943 0.2552308234576259 10
1768651308916 0.2300769740923118 11
1768651310150 0.21707950322361308 12
1768651311227 0.19935318398558208 13
1768651312197 0.17281956563048106 14
1768651313312 0.16880809361525498 15
1768651314301 0.14932810771505883 16
1768651315290 0.13757217252236295 17
1768651316277 0.12614672422961795 18
1768651317294 0.14076057279007803 19
1768651318286 0.12243089861734917 20
1768651319299 0.10989893294371467 21
1768651320284 0.09781562287348623 22
1768651321268 0.09902461790390621 23
