1768651298284 0.5405564033337246 0
1768651299252 0.6533630707829557 1
1768651300213 0.7124075595727198 2
1768651301178 0.7531400399107877 3
1768651302144 0.7655828148843761 4
1768651303107 0.8009156004225848 5
1768651304073 0.8081934499354384 6
1768651305042 0.8375396173259773 7
1768651306011 0.860781781899284 8
1768651306977 0.8773330203075478 9
1768651307949 0.8921234886723793 10
1768651308922 0.8979927221504872 11
1768651310156 0.9069139570372109 12
1768651311233 0.9165394999413077 13
1768651312203 0.9282779668975232 14
1768651313318 0.9288648902453339 15
1768651314307 0.9414250498884845 16
1768651315296 0.9434205892710412 17
1768651316288 0.9499941307665218 18
1768651317300 0.9444770512971006 19
1768651318292 0.9544547482098837 20
1768651319305 0.9553938255663811 21
1768651320291 0.9634933677661698 22
1768651321274 0.9624369057401103 23
