1774211832213 0.6870444392193745 0
1774211832716 0.7499412179637903 1
1774211833201 0.7701622384199389 2
1774211833676 0.7843874911826946 3
1774211834149 0.8037855631319069 4
1774211834623 0.8225958147190219 5
1774211835095 0.8452856806959793 6
1774211835572 0.8603338819656713 7
1774211836110 0.8905478485774747 8
1774211836583 0.9118269456853986 9
1774211837061 0.9266400188102516 10
1774211837585 0.9430989889489771 11
1774211838154 0.9366329649659064 12
1774211838723 0.958852574653186 13
1774211839206 0.9696684693157771 14
1774211839705 0.971902186691747 15
1774211840202 0.9758993651540089 16
1774211840694 0.9793087232541735 17
1774211841181 0.9790735951093346 18
