1774356416874 33.6 0
1774356426885 69.6 1
1774356436895 45.0 2
1774356446906 86.3 3
1774356456917 79.4 4
1774356466925 77.3 5
1774356476931 78.8 6
1774356486938 79.0 7
1774356496944 78.4 8
1774356506951 75.0 9
1774356516960 69.2 10
1774356526970 77.8 11
1774356536979 78.3 12
1774356546989 75.8 13
1774356556997 84.0 14
1774356567007 83.5 15
1774356577018 79.3 16
1774356587030 68.1 17
1774356597041 66.2 18
1774356607048 62.4 19
1774356617056 76.0 20
1774356627063 79.5 21
1774356637072 73.3 22
1774356647082 69.0 23
1774356657091 78.7 24
1774356667098 76.8 25
1774356677106 77.8 26
1774356687113 79.2 27
1774356697124 76.5 28
1774356707131 84.3 29
1774356717143 79.1 30
1774356727151 86.1 31
1774356737161 76.3 32
1774356747176 70.8 33
1774356757185 86.5 34
1774356767195 78.0 35
1774356777203 80.6 36
1774356787211 79.4 37
1774356797223 78.7 38
1774356807232 61.5 39
1774356817242 78.5 40
1774356827252 86.9 41
1774356837266 61.5 42
1774356847274 79.4 43
1774356857283 79.0 44
1774356867293 72.4 45
1774356877301 79.4 46
1774356887309 79.6 47
1774356897318 79.7 48
1774356907332 79.0 49
1774356917341 66.6 50
1774356927352 78.9 51
1774356937360 63.3 52
1774356947374 77.7 53
1774356957386 82.5 54
1774356967396 85.4 55
1774356977405 80.8 56
1774356987414 63.4 57
1774356997424 80.2 58
1774357007434 73.1 59
1774357017443 75.2 60
1774357027453 79.2 61
1774357037461 79.3 62
1774357047471 73.3 63
1774357057485 79.3 64
1774357067495 78.9 65
1774357077504 77.3 66
1774357087515 76.4 67
1774357097526 79.2 68
1774357107538 79.3 69
1774357117551 77.2 70
1774357127560 79.3 71
1774357137568 79.4 72
1774357147577 78.2 73
1774357157586 78.1 74
1774357167595 69.1 75
1774357177606 79.1 76
1774357187614 79.3 77
