1774356416874 5819.7 0
1774356426885 6337.3 1
1774356436895 6695.0 2
1774356446906 6415.2 3
1774356456917 6404.2 4
1774356466925 6417.5 5
1774356476931 6435.9 6
1774356486938 6422.1 7
1774356496944 6421.2 8
1774356506951 6428.1 9
1774356516960 6423.6 10
1774356526970 6424.8 11
1774356536979 6442.4 12
1774356546989 6435.0 13
1774356556997 6446.0 14
1774356567007 6522.9 15
1774356577018 6447.0 16
1774356587030 6445.9 17
1774356597041 6465.4 18
1774356607048 6466.1 19
1774356617056 6466.1 20
1774356627063 6462.3 21
1774356637072 6455.5 22
1774356647082 6475.2 23
1774356657091 6474.2 24
1774356667098 6750.8 25
1774356677106 6479.2 26
1774356687113 6475.3 27
1774356697124 6478.9 28
1774356707131 6487.3 29
1774356717143 6476.5 30
1774356727151 6480.7 31
1774356737161 6495.7 32
1774356747176 6475.7 33
1774356757185 6487.4 34
1774356767195 6480.4 35
1774356777203 6530.5 36
1774356787211 6493.9 37
1774356797223 6756.9 38
1774356807232 6559.5 39
1774356817242 6493.9 40
1774356827252 6501.0 41
1774356837266 6508.3 42
1774356847274 6505.4 43
1774356857283 6508.1 44
1774356867293 6500.9 45
1774356877301 6520.5 46
1774356887309 6518.5 47
1774356897318 6518.8 48
1774356907332 6507.7 49
1774356917341 6514.1 50
1774356927352 6649.6 51
1774356937360 6503.6 52
1774356947374 6515.4 53
1774356957386 6584.3 54
1774356967396 6539.9 55
1774356977405 6531.1 56
1774356987414 6528.6 57
1774356997424 6537.2 58
1774357007434 6541.8 59
1774357017443 6531.3 60
1774357027453 6543.9 61
1774357037461 6543.3 62
1774357047471 6538.6 63
1774357057485 6592.9 64
1774357067495 6535.2 65
1774357077504 6540.5 66
1774357087515 6552.6 67
1774357097526 6553.5 68
1774357107538 6556.3 69
1774357117551 6555.4 70
1774357127560 6563.9 71
1774357137568 6565.6 72
1774357147577 6606.3 73
1774357157586 6844.4 74
1774357167595 6573.3 75
1774357177606 6622.1 76
1774357187614 6586.9 77
