1774277151928 0.5131332082551595 0
1774277152094 0.8883677298311444 1
1774277152248 0.9033771106941839 2
1774277152403 0.9168230143839899 3
1774277152558 0.9287054409005628 4
1774277152733 0.9355847404627893 5
1774277152907 0.942151344590369 6
1774277153082 0.9490306441525954 7
1774277153257 0.9565353345841151 8
1774277153434 0.9606003752345216 9
1774277153611 0.9677923702313946 10
1774277153790 0.967479674796748 11
1774277153972 0.9727954971857411 12
1774277154150 0.9762351469668543 13
1774277154328 0.9790494058786742 14
1774277154490 0.9812382739212008 15
1774277154652 0.9834271419637274 16
1774277154814 0.9831144465290806 17
1774277154976 0.9859287054409006 18
1774277155140 0.9868667917448405 19
1774277155303 0.9890556597873671 20
1774277155467 0.9881175734834271 21
1774277155631 0.9928080050031269 22
1774277155796 0.9915572232645403 23
1774277155961 0.9924953095684803 24
1774277156130 0.9921826141338337 25
1774277156299 0.9940587867417136 26
1774277156466 0.9974984365228268 27
1774277156634 0.9971857410881801 28
