1768618737691 0.04702344337365867 0
1768618739192 0.7728111543981956 1
1768618740639 0.81361492720935 2
1768618742085 0.8380835212904107 3
1768618743540 0.845191716218987 4
1768618744992 0.8477205932608844 5
1768618746521 0.8466953728384936 6
1768618747979 0.8535985236825917 7
1768618749449 0.8586562777663864 8
1768618750915 0.8623470712869934 9
1768618752385 0.8655594286104846 10
1768618753925 0.8688401339621352 11
1768618755464 0.876563461144146 12
1768618757000 0.8770418973412617 13
1768618758536 0.8811427790308249 14
1768618760073 0.8840133962135193 15
1768618761543 0.8880459298749231 16
1768618763009 0.8911899391702549 17
1768618764543 0.8946756886063837 18
1768618766079 0.8985715262114689 19
1768618767629 0.900006834802816 20
1768618769170 0.9058164171963639 21
1768618770709 0.9060898093090014 22
1768618772251 0.9102590390267241 23
1768618773796 0.9144282687444467 24
1768618775340 0.9173672339553004 25
1768618776883 0.9201011550816759 26
1768618778433 0.9229034242362107 27
1768618779983 0.9248855170528331 28
1768618781529 0.9291914428268745 29
1768618783071 0.9302850112774247 30
1768618784617 0.9343175449388286 31
1768618786166 0.9352744173330599 32
1768618787713 0.9405372155013327 33
1768618789263 0.942519308317955 34
1768618790813 0.9433394846558677 35
1768618792356 0.9445697491627366 36
1768618793916 0.946756886063837 37
1768618795464 0.9505843756407628 38
1768618797021 0.9511995078941973 39
1768618798571 0.9537283849360946 40
1768618800136 0.9553003895837605 41
1768618801695 0.9587177909917299 42
1768618803247 0.9612466680336272 43
1768618804807 0.9613150160617866 44
1768618806368 0.9630920647939307 45
1768618807933 0.961725104230743 46
1768618809490 0.966304422117422 47
1768618811048 0.968081470849566 48
1768618812607 0.9685599070466817 49
1768618814177 0.968969995215638 50
1768618815733 0.9723873966236074 51
1768618817288 0.9729341808488825 52
1768618818778 0.9730025288770419 53
1768618820338 0.9751213177499829 54
1768618821902 0.975668101975258 55
1768618823463 0.9771717585947646 56
1768618825025 0.9790171553550681 57
1768618826590 0.9801107238056183 58
1768618828155 0.9804524639464152 59
1768618829647 0.9807942040872121 60
1768618831150 0.9825029047911967 61
1768618832651 0.9830496890164718 62
1768618834230 0.9835964732417469 63
1768618835800 0.983938213382544 64
1768618837373 0.9838015173262251 65
1768618838875 0.986057002255485 66
1768618840375 0.9854418700020504 67
1768618841940 0.986945526621557 68
1768618843445 0.9865354384526006 69
1768618844949 0.9874923108468321 70
1768618846458 0.9883808352129041 71
1768618847958 0.9894060556352949 72
1768618849466 0.989064315494498 73
1768618850979 0.9892693595789761 74
1768618852481 0.9901578839450482 75
1768618853987 0.9907730161984827 76
1768618855491 0.9907046681703233 77
1768618857067 0.9907046681703233 78
1768618858575 0.9920032807053516 79
1768618860081 0.9920716287335111 80
1768618861588 0.9927551090151049 81
1768618863102 0.9935752853530175 82
1768618864611 0.99330189324038 83
1768618866115 0.9933702412685395 84
1768618867625 0.9933702412685395 85
1768618869136 0.993643633381177 86
1768618870650 0.9935752853530175 87
1768618872160 0.9941220695782926 88
1768618873668 0.9950105939443648 89
1768618875178 0.9942587656346115 90
1768618876688 0.9956257261977992 91
1768618878199 0.9964459025357119 92
