1768618737688 3.270552635192871 0
1768618739187 1.6899068355560303 1
1768618740635 1.487663745880127 2
1768618742081 1.3510762453079224 3
1768618743536 1.2702964544296265 4
1768618744987 1.2046555280685425 5
1768618746516 1.1458864212036133 6
1768618747974 1.0844860076904297 7
1768618749444 1.0390868186950684 8
1768618750909 0.9912571310997009 9
1768618752379 0.9515321850776672 10
1768618753919 0.9138012528419495 11
1768618755458 0.8811914920806885 12
1768618756995 0.8483513593673706 13
1768618758530 0.8134341239929199 14
1768618760068 0.7815247774124146 15
1768618761537 0.7526914477348328 16
1768618763003 0.727238118648529 17
1768618764537 0.6990558505058289 18
1768618766072 0.6733266711235046 19
1768618767622 0.655904233455658 20
1768618769164 0.6321958899497986 21
1768618770703 0.6066278219223022 22
1768618772245 0.582321047782898 23
1768618773790 0.568164050579071 24
1768618775334 0.5442426204681396 25
1768618776876 0.5271680355072021 26
1768618778427 0.5071845054626465 27
1768618779976 0.4886215627193451 28
1768618781522 0.47311273217201233 29
1768618783064 0.45335981249809265 30
1768618784611 0.4419330358505249 31
1768618786159 0.4289643466472626 32
1768618787706 0.4080059230327606 33
1768618789256 0.3966047167778015 34
1768618790806 0.37864816188812256 35
1768618792349 0.37172093987464905 36
1768618793909 0.357345849275589 37
1768618795457 0.34053659439086914 38
1768618797014 0.33079326152801514 39
1768618798564 0.32283416390419006 40
1768618800129 0.30827611684799194 41
1768618801688 0.29632216691970825 42
1768618803240 0.28586605191230774 43
1768618804799 0.27591532468795776 44
1768618806361 0.2655167579650879 45
1768618807925 0.25891000032424927 46
1768618809483 0.24761229753494263 47
1768618811040 0.2375408411026001 48
1768618812600 0.23286907374858856 49
1768618814170 0.22240138053894043 50
1768618815726 0.21628528833389282 51
1768618817281 0.20846354961395264 52
1768618818770 0.20182785391807556 53
1768618820330 0.19505591690540314 54
1768618821895 0.18762491643428802 55
1768618823455 0.1816573143005371 56
1768618825018 0.17386676371097565 57
1768618826582 0.16917730867862701 58
1768618828147 0.16193866729736328 59
1768618829639 0.1575881987810135 60
1768618831142 0.1539699137210846 61
1768618832643 0.14712156355381012 62
1768618834222 0.1421644687652588 63
1768618835791 0.13834631443023682 64
1768618837364 0.13532140851020813 65
1768618838866 0.1281915158033371 66
1768618840367 0.12379691004753113 67
1768618841931 0.1217188909649849 68
1768618843437 0.11963489651679993 69
1768618844940 0.1143154576420784 70
1768618846450 0.11008782684803009 71
1768618847950 0.10610730946063995 72
1768618849457 0.10382724553346634 73
1768618850970 0.09960410743951797 74
1768618852472 0.09851095825433731 75
1768618853979 0.09376808255910873 76
1768618855482 0.0905640572309494 77
1768618857058 0.08872443437576294 78
1768618858566 0.08678887784481049 79
1768618860073 0.08292403817176819 80
1768618861579 0.07963991910219193 81
1768618863093 0.07723119109869003 82
1768618864602 0.07700468599796295 83
1768618866106 0.07470963150262833 84
1768618867616 0.07344239205121994 85
1768618869127 0.07097677886486053 86
1768618870641 0.069536954164505 87
1768618872151 0.06665648519992828 88
1768618873659 0.06501366943120956 89
1768618875167 0.0647062361240387 90
1768618876679 0.06113932281732559 91
1768618878190 0.05970172584056854 92
