1774802712269 287.56859254837036 0
1774802727479 197.52906346321106 1
1774802742818 172.35924971103668 2
1774802758135 158.53551375865936 3
1774802773352 145.70261490345 4
1774802788615 139.44681829214096 5
1774802804011 133.46171236038208 6
1774802819187 126.94837367534637 7
1774802834379 124.58414673805237 8
1774802849724 120.90772515535355 9
1774802865057 117.15565890073776 10
1774802880398 113.14002799987793 11
1774802895734 111.94650864601135 12
1774802910920 112.43377125263214 13
1774802926293 110.2637522816658 14
1774802941666 106.12700146436691 15
1774802956928 103.6016326546669 16
1774802972282 103.04333025217056 17
1774802987621 98.86550426483154 18
1774803003025 97.67371481657028 19
1774803018288 96.69008272886276 20
1774803033711 96.55043256282806 21
1774803049023 94.22826534509659 22
1774803064372 97.50708097219467 23
1774803079663 93.0719518661499 24
1774803094951 91.66833347082138 25
1774803110316 88.07598459720612 26
1774803125584 88.29163163900375 27
1774803140944 88.29346805810928 28
1774803156156 87.09444004297256 29
1774803171462 85.85597401857376 30
1774803186588 84.78060328960419 31
1774803201927 86.16892737150192 32
1774803217318 82.56548207998276 33
1774803232644 80.9516219496727 34
1774803247983 78.88408836722374 35
1774803263276 80.08727633953094 36
1774803278645 78.44917872548103 37
1774803294041 79.79600927233696 38
1774803309425 75.95329055190086 39
1774803324830 76.49740689992905 40
1774803340016 75.89935800433159 41
1774803355267 73.49345543980598 42
1774803370674 73.78977081179619 43
1774803386048 71.92946743965149 44
1774803401378 70.4304906129837 45
1774803416636 71.40483006834984 46
1774803431909 70.71956750750542 47
1774803447211 69.46348515152931 48
1774803462580 66.81137198209763 49
1774803477852 69.27530607581139 50
1774803493166 69.056626111269 51
1774803508391 67.8317337334156 52
1774803523552 65.18288591504097 53
1774803538895 65.34441083669662 54
1774803554126 65.12904423475266 55
1774803569448 70.7972944676876 56
1774803584865 64.91919180750847 57
1774803600130 64.70340937376022 58
1774803615386 63.07445389032364 59
1774803630791 62.54270592331886 60
1774803645977 64.30645117163658 61
1774803661316 62.06325548887253 62
1774803676747 61.80569538474083 63
1774803692210 61.34917077422142 64
1774803707491 62.731905430555344 65
1774803722750 60.68137827515602 66
1774803738129 59.05201143026352 67
1774803753460 60.72323900461197 68
1774803768791 57.681357979774475 69
1774803784147 56.12994700670242 70
