1774256855831 2.5 0
1774256865840 18.6 1
1774256875853 18.6 2
1774256885867 18.6 3
1774256895884 18.6 4
1774256905893 18.6 5
1774256915901 18.6 6
1774256925910 20.7 7
1774256935933 20.7 8
1774256945940 20.7 9
1774256955948 20.7 10
1774256965959 20.7 11
1774256975973 20.7 12
1774256985986 20.7 13
1774256995996 20.7 14
1774257006005 20.7 15
1774257016020 20.7 16
1774257026028 20.7 17
1774257036037 20.7 18
1774257046045 20.7 19
1774257056058 20.7 20
1774257066067 20.7 21
1774257076075 20.7 22
1774257086083 20.7 23
1774257096091 20.7 24
1774257106099 20.7 25
1774257116108 20.7 26
1774257126116 20.7 27
1774257136123 20.7 28
1774257146131 20.7 29
1774257156139 20.7 30
1774257166153 20.7 31
1774257176161 20.7 32
1774257186169 20.7 33
1774257196179 20.7 34
1774257206199 20.7 35
1774257216211 20.7 36
1774257226219 20.7 37
1774257236232 20.7 38
1774257246240 21.3 39
1774257256253 21.3 40
1774257266263 21.3 41
1774257276272 21.3 42
1774257286283 21.3 43
1774257296293 21.3 44
1774257306302 21.3 45
1774257316310 21.3 46
1774257326324 21.3 47
1774257336332 21.3 48
1774257346341 21.3 49
1774257356350 21.3 50
1774257366374 21.3 51
1774257376386 21.3 52
1774257386397 21.3 53
1774257396411 21.3 54
1774257406431 21.3 55
1774257416441 21.3 56
1774257426449 21.3 57
1774257436463 21.3 58
1774257446474 21.3 59
1774257456490 21.3 60
1774257466499 21.3 61
1774257476508 21.3 62
1774257486517 21.3 63
1774257496526 21.3 64
1774257506541 21.3 65
1774257516550 21.3 66
1774257526562 21.3 67
1774257536582 21.3 68
1774257546590 21.3 69
1774257556599 21.3 70
1774257566608 21.3 71
1774257576617 21.3 72
1774257586627 21.3 73
1774257596636 21.3 74
1774257606647 21.3 75
1774257616658 21.3 76
1774257626668 21.3 77
1774257636685 21.3 78
1774257646694 21.3 79
1774257656704 21.3 80
1774257666715 21.3 81
1774257676726 21.3 82
1774257686750 21.3 83
1774257696766 21.3 84
1774257706788 21.3 85
1774257716799 21.3 86
1774257726812 21.3 87
1774257736824 21.3 88
1774257746839 21.3 89
1774257756851 21.3 90
1774257766864 21.3 91
1774257776882 21.3 92
1774257786892 21.3 93
1774257796902 21.3 94
1774257806913 21.3 95
1774257816924 21.3 96
1774257826934 21.3 97
1774257836943 20.8 98
1774257846959 20.8 99
1774257856969 20.8 100
1774257866979 20.8 101
1774257876990 20.8 102
1774257887001 20.8 103
1774257897014 20.8 104
1774257907032 20.8 105
1774257917044 20.8 106
1774257927054 20.8 107
1774257937073 20.8 108
1774257947086 20.8 109
1774257957096 20.8 110
1774257967111 20.8 111
1774257977129 20.8 112
1774257987145 20.8 113
1774257997164 20.8 114
1774258007176 20.8 115
1774258017194 22.0 116
