1774256855831 22.0 0
1774256865840 48.0 1
1774256875853 53.9 2
1774256885867 47.6 3
1774256895884 58.7 4
1774256905893 47.9 5
1774256915901 52.5 6
1774256925910 59.3 7
1774256935933 70.8 8
1774256945940 51.3 9
1774256955948 55.9 10
1774256965959 48.6 11
1774256975973 59.1 12
1774256985986 44.5 13
1774256995996 62.8 14
1774257006005 52.6 15
1774257016020 56.7 16
1774257026028 54.8 17
1774257036037 49.6 18
1774257046045 48.4 19
1774257056058 41.6 20
1774257066067 50.7 21
1774257076075 56.1 22
1774257086083 51.3 23
1774257096091 52.6 24
1774257106099 49.6 25
1774257116108 52.6 26
1774257126116 54.5 27
1774257136123 47.0 28
1774257146131 50.7 29
1774257156139 55.3 30
1774257166153 50.7 31
1774257176161 51.6 32
1774257186169 53.3 33
1774257196179 52.9 34
1774257206199 61.1 35
1774257216211 54.0 36
1774257226219 40.4 37
1774257236232 50.5 38
1774257246240 49.9 39
1774257256253 42.6 40
1774257266263 49.4 41
1774257276272 47.9 42
1774257286283 49.4 43
1774257296293 71.7 44
1774257306302 71.2 45
1774257316310 54.7 46
1774257326324 63.7 47
1774257336332 58.0 48
1774257346341 50.2 49
1774257356350 49.5 50
1774257366374 53.7 51
1774257376386 71.8 52
1774257386397 70.2 53
1774257396411 53.3 54
1774257406431 58.5 55
1774257416441 50.8 56
1774257426449 49.8 57
1774257436463 52.3 58
1774257446474 51.0 59
1774257456490 72.0 60
1774257466499 44.4 61
1774257476508 56.7 62
1774257486517 50.1 63
1774257496526 53.2 64
1774257506541 48.8 65
1774257516550 53.3 66
1774257526562 45.2 67
1774257536582 56.8 68
1774257546590 52.0 69
1774257556599 66.9 70
1774257566608 54.8 71
1774257576617 68.9 72
1774257586627 54.7 73
1774257596636 55.3 74
1774257606647 53.0 75
1774257616658 57.1 76
1774257626668 53.8 77
1774257636685 49.8 78
1774257646694 50.5 79
1774257656704 49.5 80
1774257666715 51.6 81
1774257676726 55.9 82
1774257686750 59.1 83
1774257696766 51.4 84
1774257706788 60.7 85
1774257716799 68.9 86
1774257726812 52.3 87
1774257736824 50.8 88
1774257746839 51.0 89
1774257756851 57.2 90
1774257766864 71.0 91
1774257776882 51.1 92
1774257786892 46.5 93
1774257796902 51.9 94
1774257806913 53.0 95
1774257816924 59.8 96
1774257826934 52.9 97
1774257836943 53.1 98
1774257846959 61.2 99
1774257856969 58.4 100
1774257866979 47.7 101
1774257876990 49.8 102
1774257887001 51.2 103
1774257897014 41.3 104
1774257907032 55.1 105
1774257917044 51.8 106
1774257927054 51.9 107
1774257937073 43.1 108
1774257947086 41.4 109
1774257957096 46.0 110
1774257967111 73.6 111
1774257977129 52.7 112
1774257987145 56.9 113
1774257997164 50.4 114
1774258007176 59.7 115
1774258017194 51.6 116
