1774256855831 214.0 0
1774256865840 1593.9 1
1774256875853 1593.9 2
1774256885867 1593.9 3
1774256895884 1593.9 4
1774256905893 1593.9 5
1774256915901 1593.9 6
1774256925910 1778.5 7
1774256935933 1778.5 8
1774256945940 1778.5 9
1774256955948 1778.5 10
1774256965959 1778.5 11
1774256975973 1778.5 12
1774256985986 1778.5 13
1774256995996 1778.5 14
1774257006005 1778.5 15
1774257016020 1778.5 16
1774257026028 1778.5 17
1774257036037 1778.5 18
1774257046045 1778.5 19
1774257056058 1778.5 20
1774257066067 1778.5 21
1774257076075 1778.5 22
1774257086083 1778.5 23
1774257096091 1778.5 24
1774257106099 1778.5 25
1774257116108 1778.5 26
1774257126116 1778.5 27
1774257136123 1778.5 28
1774257146131 1780.5 29
1774257156139 1780.5 30
1774257166153 1780.5 31
1774257176161 1780.5 32
1774257186169 1780.5 33
1774257196179 1780.5 34
1774257206199 1780.5 35
1774257216211 1780.5 36
1774257226219 1780.5 37
1774257236232 1780.5 38
1774257246240 1825.6 39
1774257256253 1825.6 40
1774257266263 1825.6 41
1774257276272 1825.6 42
1774257286283 1825.6 43
1774257296293 1825.6 44
1774257306302 1825.6 45
1774257316310 1825.6 46
1774257326324 1825.6 47
1774257336332 1825.6 48
1774257346341 1825.6 49
1774257356350 1825.6 50
1774257366374 1825.6 51
1774257376386 1825.6 52
1774257386397 1825.6 53
1774257396411 1825.6 54
1774257406431 1825.6 55
1774257416441 1825.6 56
1774257426449 1825.6 57
1774257436463 1825.6 58
1774257446474 1825.6 59
1774257456490 1825.6 60
1774257466499 1825.6 61
1774257476508 1825.6 62
1774257486517 1825.6 63
1774257496526 1825.6 64
1774257506541 1825.6 65
1774257516550 1825.6 66
1774257526562 1825.6 67
1774257536582 1825.6 68
1774257546590 1825.6 69
1774257556599 1825.6 70
1774257566608 1825.6 71
1774257576617 1825.6 72
1774257586627 1825.6 73
1774257596636 1825.6 74
1774257606647 1825.6 75
1774257616658 1825.6 76
1774257626668 1825.6 77
1774257636685 1825.6 78
1774257646694 1825.6 79
1774257656704 1825.6 80
1774257666715 1825.6 81
1774257676726 1825.6 82
1774257686750 1825.6 83
1774257696766 1825.6 84
1774257706788 1825.6 85
1774257716799 1825.6 86
1774257726812 1825.6 87
1774257736824 1825.6 88
1774257746839 1825.6 89
1774257756851 1825.6 90
1774257766864 1825.6 91
1774257776882 1825.6 92
1774257786892 1825.6 93
1774257796902 1825.6 94
1774257806913 1825.6 95
1774257816924 1825.6 96
1774257826934 1825.6 97
1774257836943 1782.6 98
1774257846959 1782.6 99
1774257856969 1782.6 100
1774257866979 1782.6 101
1774257876990 1782.6 102
1774257887001 1782.6 103
1774257897014 1782.6 104
1774257907032 1782.6 105
1774257917044 1782.6 106
1774257927054 1782.6 107
1774257937073 1782.6 108
1774257947086 1782.6 109
1774257957096 1782.6 110
1774257967111 1782.6 111
1774257977129 1782.6 112
1774257987145 1782.6 113
1774257997164 1782.6 114
1774258007176 1782.6 115
1774258017194 1892.6 116
