1774256855831 5651.2 0
1774256865840 6190.8 1
1774256875853 6267.2 2
1774256885867 6283.1 3
1774256895884 6296.1 4
1774256905893 6429.9 5
1774256915901 6310.2 6
1774256925910 6308.4 7
1774256935933 6307.7 8
1774256945940 6314.7 9
1774256955948 6322.9 10
1774256965959 6321.5 11
1774256975973 6328.8 12
1774256985986 6325.4 13
1774256995996 6258.1 14
1774257006005 6266.4 15
1774257016020 6269.5 16
1774257026028 6293.0 17
1774257036037 6371.7 18
1774257046045 6268.6 19
1774257056058 6262.3 20
1774257066067 6278.3 21
1774257076075 6260.0 22
1774257086083 6275.8 23
1774257096091 6281.1 24
1774257106099 6345.7 25
1774257116108 6281.9 26
1774257126116 6282.9 27
1774257136123 6300.4 28
1774257146131 6324.2 29
1774257156139 6304.4 30
1774257166153 6332.8 31
1774257176161 6310.8 32
1774257186169 6319.8 33
1774257196179 6304.0 34
1774257206199 6307.4 35
1774257216211 6318.9 36
1774257226219 6311.7 37
1774257236232 6314.1 38
1774257246240 6322.4 39
1774257256253 6252.0 40
1774257266263 6531.1 41
1774257276272 6254.8 42
1774257286283 6250.8 43
1774257296293 6242.3 44
1774257306302 6247.8 45
1774257316310 6246.8 46
1774257326324 6255.3 47
1774257336332 6244.7 48
1774257346341 6244.0 49
1774257356350 6250.0 50
1774257366374 6251.7 51
1774257376386 6254.6 52
1774257386397 6265.5 53
1774257396411 6488.7 54
1774257406431 6326.4 55
1774257416441 6261.2 56
1774257426449 6323.3 57
1774257436463 6280.0 58
1774257446474 6343.4 59
1774257456490 6266.0 60
1774257466499 6274.1 61
1774257476508 6279.0 62
1774257486517 6276.8 63
1774257496526 6311.5 64
1774257506541 6348.3 65
1774257516550 6303.1 66
1774257526562 6496.8 67
1774257536582 6286.5 68
1774257546590 6296.2 69
1774257556599 6300.0 70
1774257566608 6292.9 71
1774257576617 6307.8 72
1774257586627 6305.7 73
1774257596636 6355.7 74
1774257606647 6306.8 75
1774257616658 6304.1 76
1774257626668 6298.2 77
1774257636685 6311.0 78
1774257646694 6314.5 79
1774257656704 6453.2 80
1774257666715 6319.4 81
1774257676726 6327.5 82
1774257686750 6319.3 83
1774257696766 6321.9 84
1774257706788 6319.6 85
1774257716799 6323.4 86
1774257726812 6321.8 87
1774257736824 6326.0 88
1774257746839 6333.3 89
1774257756851 6338.3 90
1774257766864 6345.0 91
1774257776882 6363.7 92
1774257786892 6409.6 93
1774257796902 6368.4 94
1774257806913 6284.2 95
1774257816924 6328.3 96
1774257826934 6266.9 97
1774257836943 6229.6 98
1774257846959 6157.2 99
1774257856969 6151.7 100
1774257866979 6158.1 101
1774257876990 6158.3 102
1774257887001 6296.9 103
1774257897014 6171.1 104
1774257907032 6160.5 105
1774257917044 6195.5 106
1774257927054 6153.2 107
1774257937073 6155.6 108
1774257947086 6180.4 109
1774257957096 6151.1 110
1774257967111 6169.9 111
1774257977129 6163.4 112
1774257987145 6160.5 113
1774257997164 6161.6 114
1774258007176 6168.9 115
1774258017194 6317.2 116
