1774385695911 287.3794219493866 0
1774385710867 195.9421809911728 1
1774385725905 168.1318403482437 2
1774385740832 151.85759794712067 3
1774385755852 140.7117291688919 4
1774385770813 140.14058327674866 5
1774385785887 131.85894292593002 6
1774385800979 124.53586500883102 7
1774385815838 121.2236430644989 8
1774385830861 119.32928335666656 9
1774385845999 115.36617058515549 10
1774385861205 112.18076550960541 11
1774385876373 112.18620228767395 12
1774385891312 108.23520851135254 13
1774385906338 107.44336169958115 14
1774385921462 106.86209112405777 15
1774385936622 103.7124360203743 16
1774385951678 101.58906316757202 17
1774385966849 100.45042049884796 18
1774385981937 97.81795901060104 19
1774385997096 96.49312376976013 20
1774386012146 94.94119745492935 21
1774386027193 94.37878853082657 22
1774386042238 92.9210107922554 23
1774386057369 91.35540947318077 24
1774386072379 89.38200986385345 25
1774386087561 88.87644129991531 26
1774386102711 87.35605001449585 27
1774386117689 87.47784999012947 28
1774386132718 85.98426276445389 29
1774386147817 83.69954082369804 30
1774386163006 82.76043176651001 31
1774386178044 80.85811620950699 32
1774386193129 79.37271809577942 33
1774386208252 80.53812736272812 34
1774386223266 78.90358936786652 35
1774386238369 79.02164942026138 36
1774386253397 79.28691908717155 37
1774386268199 79.63668167591095 38
1774386283190 75.86302849650383 39
1774386298162 74.72499397397041 40
1774386313162 74.74115258455276 41
1774386328309 75.63401561975479 42
1774386343284 74.43228328227997 43
1774386358301 70.9972335100174 44
1774386373446 72.30789339542389 45
1774386388650 73.63116472959518 46
1774386403656 74.56829568743706 47
1774386418737 70.34222358465195 48
1774386433802 68.28168308734894 49
