1774593830845 0.6437617260787992 0
1774593831316 0.7341697936210131 1
1774593831795 0.7429643527204502 2
1774593832276 0.7563320825515948 3
1774593832760 0.7568011257035647 4
1774593833298 0.7602016885553471 5
1774593833789 0.7647748592870544 6
1774593834291 0.7711069418386491 7
1774593834851 0.7801360225140713 8
1774593835377 0.787171669793621 9
1774593835956 0.7930347091932458 10
1774593836458 0.7947936210131332 11
1774593836960 0.8003048780487805 12
1774593837446 0.8120309568480301 13
1774593837932 0.8198874296435272 14
1774593838426 0.8230534709193246 15
1774593838901 0.8295028142589118 16
1774593839474 0.8359521575984991 17
1774593839960 0.8462711069418386 18
1774593840446 0.8470919324577861 19
1774593841042 0.8579971857410882 20
1774593841522 0.859873358348968 21
1774593842000 0.8599906191369606 22
1774593842477 0.8701923076923077 23
1774593842960 0.8737101313320825 24
1774593843463 0.8762898686679175 25
