1774582545177 3.216935873031616 0
1774582546154 1.8122233152389526 1
1774582547140 1.669325351715088 2
1774582548128 1.5824681520462036 3
1774582549115 1.5221182107925415 4
1774582550074 1.4371371269226074 5
1774582551031 1.3908463716506958 6
1774582551986 1.3495817184448242 7
1774582552948 1.3047841787338257 8
1774582553909 1.2749074697494507 9
1774582554880 1.2360965013504028 10
1774582555851 1.1994926929473877 11
1774582556824 1.173332929611206 12
1774582557796 1.1415863037109375 13
1774582558800 1.1100109815597534 14
1774582559806 1.0809303522109985 15
1774582560813 1.0598533153533936 16
1774582561821 1.0312823057174683 17
1774582562830 1.0095930099487305 18
1774582563839 0.9874471426010132 19
1774582564849 0.9615018963813782 20
1774582565865 0.942473828792572 21
1774582566878 0.919816792011261 22
1774582567896 0.8997960090637207 23
1774582568916 0.8805349469184875 24
1774582569939 0.8585634231567383 25
1774582570955 0.8389917016029358 26
1774582571970 0.820098876953125 27
1774582572985 0.8022710084915161 28
1774582574000 0.7837647199630737 29
1774582575015 0.7705687880516052 30
1774582576030 0.7507376670837402 31
1774582577044 0.7331937551498413 32
1774582578060 0.7163059115409851 33
1774582579078 0.6964494585990906 34
1774582580096 0.6805944442749023 35
1774582581115 0.6628538370132446 36
1774582582134 0.6469879150390625 37
1774582583152 0.6294392347335815 38
1774582584187 0.6185733079910278 39
1774582585210 0.6041494607925415 40
1774582586233 0.5843403935432434 41
1774582587254 0.5691109299659729 42
1774582588276 0.559573769569397 43
1774582589300 0.5419965386390686 44
1774582590325 0.5264184474945068 45
1774582591348 0.517066478729248 46
1774582592375 0.4994448125362396 47
1774582593401 0.48788216710090637 48
1774582594426 0.4739444851875305 49
1774582595451 0.4602758586406708 50
1774582596444 0.44950512051582336 51
1774582597471 0.43704211711883545 52
1774582598500 0.4233261048793793 53
1774582599496 0.4125141203403473 54
1774582600497 0.39710086584091187 55
1774582601498 0.38915932178497314 56
1774582602507 0.3781353235244751 57
1774582603506 0.36988553404808044 58
1774582604505 0.3549472987651825 59
1774582605504 0.3484002947807312 60
1774582606503 0.3368314504623413 61
1774582607503 0.3241310119628906 62
1774582608507 0.31697455048561096 63
1774582609509 0.3057486116886139 64
1774582610514 0.29695209860801697 65
1774582611517 0.2884025573730469 66
1774582612520 0.2807057797908783 67
