1774582545180 0.05917362156245724 0
1774582546158 0.7191818306197838 1
1774582547144 0.7434669585442605 2
1774582548132 0.752223286359283 3
1774582549119 0.7629634696948967 4
1774582550078 0.7746613763852784 5
1774582551035 0.7800656724586127 6
1774582551991 0.7825283896565878 7
1774582552952 0.7823231632234232 8
1774582553914 0.7866329183198796 9
1774582554885 0.7935422082364209 10
1774582555856 0.7967574223559994 11
1774582556829 0.7955944725680668 12
1774582557801 0.8033930770283213 13
1774582558805 0.8080448761800519 14
1774582559811 0.8090025995348201 15
1774582560818 0.8112600902996306 16
1774582561827 0.818100971405117 17
1774582562836 0.8214530031468054 18
1774582563844 0.8282938842522917 19
1774582564855 0.8323300041045286 20
1774582565871 0.8342454508140649 21
1774582566884 0.8417704200300998 22
1774582567902 0.8402654261868928 23
1774582568922 0.8431385962511971 24
1774582569945 0.846764263237105 25
1774582570961 0.84922698043508 26
1774582571976 0.8511424271446162 27
1774582572991 0.8575044465727185 28
1774582574006 0.8574360377616637 29
1774582575021 0.8621562457244493 30
1774582576036 0.863866466000821 31
1774582577051 0.8674237241756738 32
1774582578066 0.868313038719387 33
1774582579084 0.8735805171706116 34
1774582580102 0.877890272267068 35
1774582581121 0.8796689013544945 36
1774582582140 0.8843891093172801 37
1774582583159 0.8875359146258038 38
1774582584194 0.8860993295936517 39
1774582585217 0.8923245313996443 40
1774582586240 0.8951292926528936 41
1774582587261 0.9007388151593926 42
1774582588283 0.8993022301272404 43
1774582589307 0.9059378847995622 44
1774582590332 0.9084690108085921 45
1774582591354 0.9096319605965248 46
1774582592382 0.916062388835682 47
1774582593408 0.9153098919140785 48
1774582594433 0.9185251060336571 49
1774582595458 0.9218087289642906 50
1774582596451 0.9235873580517171 51
1774582597478 0.9268709809823505 52
1774582598507 0.9284443836366124 53
1774582599503 0.9320016418114653 54
1774582600504 0.933164591599398 55
1774582601506 0.935695717608428 56
1774582602514 0.9382268436174579 57
1774582603513 0.9391161581611711 58
1774582604513 0.9417841017923109 59
1774582605511 0.9436311396907922 60
1774582606511 0.947735668354084 61
1774582607511 0.9513613353399918 62
1774582608514 0.9506088384183883 63
1774582609517 0.9508140648515528 64
1774582610522 0.9560815433027774 65
1774582611525 0.9555342728143384 66
1774582612527 0.958749486933917 67
