1773969315482 0.5 0
1773969316175 0.651775217493534 1
1773969316867 0.7390077592287797 2
1773969317565 0.7487655772395956 3
1773969318267 0.7741594168822008 4
1773969318968 0.7889724900070538 5
1773969319683 0.7972019750764167 6
1773969320385 0.8137785092875617 7
1773969321117 0.8376440159887139 8
1773969321821 0.8584528568069598 9
1773969322520 0.869033623324712 10
1773969323219 0.9019515636021632 11
1773969323924 0.9218198918410534 12
1773969324627 0.9242887373618622 13
1773969325332 0.9462732189043028 14
