1773969315479 65.25724291801453 0
1773969316171 41.84500825405121 1
1773969316864 36.225840002298355 2
1773969317562 34.620006024837494 3
1773969318263 32.605699956417084 4
1773969318964 30.932264268398285 5
1773969319679 29.891438990831375 6
1773969320381 28.239009529352188 7
1773969321112 25.686022400856018 8
1773969321817 23.301574259996414 9
1773969322516 21.815378680825233 10
1773969323215 17.919493824243546 11
1773969323919 15.303892001509666 12
1773969324623 14.103780806064606 13
1773969325328 11.351666815578938 14
