1774382732813 5.5 0
1774382742824 81.4 1
1774382752831 77.4 2
1774382762839 74.6 3
1774382772846 76.4 4
1774382782853 65.6 5
1774382792864 76.3 6
1774382802875 72.3 7
1774382812881 76.6 8
1774382822895 87.7 9
1774382832904 78.9 10
1774382842915 83.0 11
1774382852922 72.2 12
1774382862934 75.2 13
1774382872943 85.2 14
1774382882956 73.4 15
1774382892963 70.3 16
1774382902969 75.2 17
1774382912976 92.6 18
1774382922991 71.0 19
1774382932998 92.6 20
1774382943016 74.7 21
1774382953026 77.6 22
1774382963036 82.2 23
1774382973044 89.9 24
1774382983053 68.8 25
1774382993075 109.8 26
1774383003083 80.4 27
1774383013094 70.7 28
1774383023102 74.1 29
1774383033110 93.3 30
1774383043120 72.4 31
1774383053130 75.3 32
1774383063148 90.9 33
1774383073157 72.1 34
1774383083164 77.9 35
1774383093172 74.8 36
1774383103181 76.2 37
1774383113189 71.6 38
1774383123198 80.1 39
1774383133211 120.1 40
1774383143229 87.5 41
1774383153240 77.4 42
1774383163248 79.0 43
1774383173265 91.9 44
1774383183279 76.6 45
1774383193291 76.5 46
1774383203300 59.2 47
1774383213317 89.8 48
1774383223325 75.1 49
1774383233334 79.6 50
1774383243342 73.8 51
1774383253352 81.2 52
1774383263362 96.1 53
1774383273373 79.3 54
1774383283381 72.1 55
1774383293397 80.9 56
1774383303406 60.8 57
1774383313419 77.9 58
1774383323429 75.0 59
1774383333438 80.3 60
1774383343452 71.2 61
1774383353468 75.9 62
1774383363481 77.6 63
1774383373490 81.1 64
1774383383504 95.7 65
1774383393512 76.9 66
1774383403529 73.0 67
1774383413544 74.9 68
1774383423555 76.7 69
1774383433570 94.7 70
1774383443580 77.6 71
1774383453588 76.9 72
1774383463596 82.6 73
1774383473608 80.8 74
1774383483629 104.2 75
1774383493640 75.0 76
1774383503650 71.8 77
1774383513659 74.0 78
1774383523673 80.4 79
1774383533687 84.8 80
1774383543696 73.7 81
1774383553707 84.9 82
1774383563721 75.0 83
1774383573730 84.0 84
1774383583740 86.4 85
1774383593758 75.4 86
1774383603776 93.5 87
1774383613795 76.7 88
1774383623817 96.5 89
1774383633832 80.9 90
1774383643843 103.6 91
1774383653853 75.5 92
1774383663862 80.3 93
1774383673871 90.0 94
1774383683885 80.4 95
1774383693895 75.9 96
1774383703908 80.6 97
1774383713919 72.1 98
1774383723928 85.2 99
1774383733938 78.6 100
1774383743948 86.2 101
1774383753958 73.3 102
1774383763967 78.5 103
1774383773992 103.8 104
1774383784001 77.1 105
1774383794017 73.5 106
1774383804029 71.1 107
1774383814039 85.2 108
1774383824050 95.3 109
1774383834063 94.2 110
1774383844079 72.1 111
1774383854088 80.4 112
1774383864104 75.1 113
1774383874117 74.5 114
1774383884140 94.4 115
1774383894151 111.0 116
1774383904173 72.9 117
1774383914186 73.5 118
1774383924196 80.2 119
1774383934209 76.4 120
1774383944221 91.9 121
1774383954230 75.3 122
1774383964246 83.1 123
1774383974262 77.7 124
1774383984278 68.2 125
1774383994300 105.4 126
1774384004317 80.9 127
1774384014331 74.3 128
1774384024342 82.7 129
1774384034352 75.9 130
1774384044362 79.5 131
1774384054377 68.1 132
1774384064389 75.7 133
1774384074399 90.0 134
1774384084409 75.4 135
1774384094420 78.9 136
1774384104430 77.9 137
1774384114446 79.1 138
1774384124459 77.1 139
1774384134470 114.8 140
1774384144487 74.7 141
1774384154497 74.2 142
1774384164512 79.6 143
1774384174525 72.2 144
1774384184551 87.9 145
1774384194588 66.4 146
