1774382732813 216.1 0
1774382742824 1275.2 1
1774382752831 1577.2 2
1774382762839 1734.5 3
1774382772846 1734.5 4
1774382782853 1734.5 5
1774382792864 1734.5 6
1774382802875 1734.5 7
1774382812881 1734.5 8
1774382822895 1734.5 9
1774382832904 1734.5 10
1774382842915 1736.6 11
1774382852922 1736.6 12
1774382862934 1736.6 13
1774382872943 1736.6 14
1774382882956 1736.6 15
1774382892963 1736.6 16
1774382902969 1736.6 17
1774382912976 1736.6 18
1774382922991 1736.6 19
1774382932998 1736.6 20
1774382943016 1736.6 21
1774382953026 1736.6 22
1774382963036 1736.6 23
1774382973044 1736.6 24
1774382983053 1736.6 25
1774382993075 1736.6 26
1774383003083 1896.0 27
1774383013094 1896.0 28
1774383023102 1896.0 29
1774383033110 2061.6 30
1774383043120 2061.6 31
1774383053130 2061.6 32
1774383063148 2061.6 33
1774383073157 2061.6 34
1774383083164 2061.6 35
1774383093172 2061.6 36
1774383103181 2061.6 37
1774383113189 2061.6 38
1774383123198 2061.6 39
1774383133211 2061.6 40
1774383143229 2061.6 41
1774383153240 2061.6 42
1774383163248 2061.6 43
1774383173265 2061.6 44
1774383183279 2061.6 45
1774383193291 2061.6 46
1774383203300 2061.6 47
1774383213317 2061.6 48
1774383223325 2231.5 49
1774383233334 2231.5 50
1774383243342 2231.5 51
1774383253352 2231.5 52
1774383263362 2231.5 53
1774383273373 2231.5 54
1774383283381 2231.5 55
1774383293397 2231.5 56
1774383303406 2231.5 57
1774383313419 2231.5 58
1774383323429 2231.5 59
1774383333438 2231.5 60
1774383343452 2231.5 61
1774383353468 2231.5 62
1774383363481 2231.5 63
1774383373490 2231.5 64
1774383383504 2231.5 65
1774383393512 2231.5 66
1774383403529 2231.5 67
1774383413544 2231.5 68
1774383423555 2231.5 69
1774383433570 2231.5 70
1774383443580 2231.5 71
1774383453588 2231.5 72
1774383463596 2231.5 73
1774383473608 2231.5 74
1774383483629 2231.5 75
1774383493640 2231.5 76
1774383503650 2231.5 77
1774383513659 2231.5 78
1774383523673 2231.5 79
1774383533687 2231.5 80
1774383543696 2231.5 81
1774383553707 2231.5 82
1774383563721 2231.5 83
1774383573730 2231.5 84
1774383583740 2231.5 85
1774383593758 2231.5 86
1774383603776 2231.5 87
1774383613795 2231.5 88
1774383623817 2231.5 89
1774383633832 2231.5 90
1774383643843 2231.5 91
1774383653853 2231.5 92
1774383663862 2231.5 93
1774383673871 2231.5 94
1774383683885 2231.5 95
1774383693895 2231.5 96
1774383703908 2231.5 97
1774383713919 2231.5 98
1774383723928 2231.5 99
1774383733938 2231.5 100
1774383743948 2231.5 101
1774383753958 2231.5 102
1774383763967 2231.5 103
1774383773992 2231.5 104
1774383784001 2231.5 105
1774383794017 2231.5 106
1774383804029 2231.5 107
1774383814039 2231.5 108
1774383824050 2231.5 109
1774383834063 2231.5 110
1774383844079 2231.5 111
1774383854088 2231.5 112
1774383864104 2231.5 113
1774383874117 2231.5 114
1774383884140 2233.6 115
1774383894151 2233.6 116
1774383904173 2233.6 117
1774383914186 2233.6 118
1774383924196 2233.6 119
1774383934209 2233.6 120
1774383944221 2233.6 121
1774383954230 2233.6 122
1774383964246 2233.6 123
1774383974262 2233.6 124
1774383984278 2233.6 125
1774383994300 2233.6 126
1774384004317 2233.6 127
1774384014331 2233.6 128
1774384024342 2233.6 129
1774384034352 2233.6 130
1774384044362 2233.6 131
1774384054377 2233.6 132
1774384064389 2233.6 133
1774384074399 2233.6 134
1774384084409 2233.6 135
1774384094420 2233.6 136
1774384104430 2233.6 137
1774384114446 2233.6 138
1774384124459 2233.6 139
1774384134470 2233.6 140
1774384144487 2233.6 141
1774384154497 2233.6 142
1774384164512 2233.6 143
1774384174525 2233.6 144
1774384184551 2233.6 145
1774384194588 2233.6 146
