1774382732813 0.0 0
1774382742824 94.0 1
1774382752831 94.0 2
1774382762839 93.0 3
1774382772846 84.0 4
1774382782853 94.0 5
1774382792864 94.0 6
1774382802875 94.0 7
1774382812881 94.0 8
1774382822895 94.0 9
1774382832904 94.0 10
1774382842915 94.0 11
1774382852922 93.0 12
1774382862934 94.0 13
1774382872943 94.0 14
1774382882956 94.0 15
1774382892963 94.0 16
1774382902969 93.0 17
1774382912976 94.0 18
1774382922991 94.0 19
1774382932998 94.0 20
1774382943016 94.0 21
1774382953026 94.0 22
1774382963036 94.0 23
1774382973044 94.0 24
1774382983053 94.0 25
1774382993075 94.0 26
1774383003083 94.0 27
1774383013094 93.0 28
1774383023102 93.0 29
1774383033110 94.0 30
1774383043120 93.0 31
1774383053130 93.0 32
1774383063148 95.0 33
1774383073157 94.0 34
1774383083164 94.0 35
1774383093172 94.0 36
1774383103181 94.0 37
1774383113189 94.0 38
1774383123198 94.0 39
1774383133211 94.0 40
1774383143229 94.0 41
1774383153240 93.0 42
1774383163248 94.0 43
1774383173265 94.0 44
1774383183279 94.0 45
1774383193291 94.0 46
1774383203300 94.0 47
1774383213317 94.0 48
1774383223325 85.0 49
1774383233334 94.0 50
1774383243342 95.0 51
1774383253352 92.0 52
1774383263362 94.0 53
1774383273373 94.0 54
1774383283381 94.0 55
1774383293397 94.0 56
1774383303406 94.0 57
1774383313419 95.0 58
1774383323429 94.0 59
1774383333438 94.0 60
1774383343452 93.0 61
1774383353468 94.0 62
1774383363481 93.0 63
1774383373490 94.0 64
1774383383504 93.0 65
1774383393512 94.0 66
1774383403529 94.0 67
1774383413544 94.0 68
1774383423555 94.0 69
1774383433570 94.0 70
1774383443580 94.0 71
1774383453588 94.0 72
1774383463596 94.0 73
1774383473608 94.0 74
1774383483629 94.0 75
1774383493640 93.0 76
1774383503650 93.0 77
1774383513659 93.0 78
1774383523673 94.0 79
1774383533687 94.0 80
1774383543696 93.0 81
1774383553707 95.0 82
1774383563721 93.0 83
1774383573730 94.0 84
1774383583740 94.0 85
1774383593758 94.0 86
1774383603776 94.0 87
1774383613795 94.0 88
1774383623817 94.0 89
1774383633832 94.0 90
1774383643843 95.0 91
1774383653853 94.0 92
1774383663862 94.0 93
1774383673871 82.0 94
1774383683885 94.0 95
1774383693895 67.0 96
1774383703908 94.0 97
1774383713919 96.0 98
1774383723928 94.0 99
1774383733938 95.0 100
1774383743948 94.0 101
1774383753958 94.0 102
1774383763967 94.0 103
1774383773992 95.0 104
1774383784001 94.0 105
1774383794017 94.0 106
1774383804029 94.0 107
1774383814039 95.0 108
1774383824050 94.0 109
1774383834063 94.0 110
1774383844079 94.0 111
1774383854088 94.0 112
1774383864104 93.0 113
1774383874117 94.0 114
1774383884140 94.0 115
1774383894151 94.0 116
1774383904173 94.0 117
1774383914186 94.0 118
1774383924196 94.0 119
1774383934209 94.0 120
1774383944221 93.0 121
1774383954230 94.0 122
1774383964246 94.0 123
1774383974262 94.0 124
1774383984278 94.0 125
1774383994300 94.0 126
1774384004317 94.0 127
1774384014331 93.0 128
1774384024342 94.0 129
1774384034352 94.0 130
1774384044362 94.0 131
1774384054377 94.0 132
1774384064389 94.0 133
1774384074399 94.0 134
1774384084409 93.0 135
1774384094420 94.0 136
1774384104430 94.0 137
1774384114446 94.0 138
1774384124459 94.0 139
1774384134470 94.0 140
1774384144487 77.0 141
1774384154497 94.0 142
1774384164512 56.0 143
1774384174525 93.0 144
1774384184551 94.0 145
1774384194588 94.0 146
