1774382732813 3.7 0
1774382742824 53.9 1
1774382752831 51.3 2
1774382762839 49.4 3
1774382772846 50.6 4
1774382782853 43.4 5
1774382792864 50.5 6
1774382802875 47.9 7
1774382812881 50.7 8
1774382822895 58.1 9
1774382832904 52.2 10
1774382842915 55.0 11
1774382852922 47.8 12
1774382862934 49.8 13
1774382872943 56.4 14
1774382882956 48.6 15
1774382892963 46.5 16
1774382902969 49.8 17
1774382912976 61.3 18
1774382922991 47.0 19
1774382932998 61.3 20
1774382943016 49.5 21
1774382953026 51.4 22
1774382963036 54.4 23
1774382973044 59.5 24
1774382983053 45.6 25
1774382993075 72.7 26
1774383003083 53.3 27
1774383013094 46.8 28
1774383023102 49.1 29
1774383033110 61.8 30
1774383043120 48.0 31
1774383053130 49.9 32
1774383063148 60.2 33
1774383073157 47.7 34
1774383083164 51.6 35
1774383093172 49.5 36
1774383103181 50.5 37
1774383113189 47.4 38
1774383123198 53.1 39
1774383133211 79.5 40
1774383143229 57.9 41
1774383153240 51.2 42
1774383163248 52.3 43
1774383173265 60.9 44
1774383183279 50.7 45
1774383193291 50.6 46
1774383203300 39.2 47
1774383213317 59.5 48
1774383223325 49.7 49
1774383233334 52.7 50
1774383243342 48.9 51
1774383253352 53.8 52
1774383263362 63.7 53
1774383273373 52.5 54
1774383283381 47.7 55
1774383293397 53.6 56
1774383303406 40.3 57
1774383313419 51.6 58
1774383323429 49.7 59
1774383333438 53.2 60
1774383343452 47.1 61
1774383353468 50.3 62
1774383363481 51.4 63
1774383373490 53.7 64
1774383383504 63.4 65
1774383393512 50.9 66
1774383403529 48.3 67
1774383413544 49.6 68
1774383423555 50.8 69
1774383433570 62.7 70
1774383443580 51.4 71
1774383453588 50.9 72
1774383463596 54.7 73
1774383473608 53.5 74
1774383483629 69.0 75
1774383493640 49.7 76
1774383503650 47.6 77
1774383513659 49.0 78
1774383523673 53.2 79
1774383533687 56.2 80
1774383543696 48.8 81
1774383553707 56.2 82
1774383563721 49.6 83
1774383573730 55.7 84
1774383583740 57.2 85
1774383593758 49.9 86
1774383603776 62.0 87
1774383613795 50.8 88
1774383623817 63.9 89
1774383633832 53.5 90
1774383643843 68.6 91
1774383653853 50.0 92
1774383663862 53.2 93
1774383673871 59.6 94
1774383683885 53.3 95
1774383693895 50.2 96
1774383703908 53.4 97
1774383713919 47.8 98
1774383723928 56.4 99
1774383733938 52.0 100
1774383743948 57.1 101
1774383753958 48.6 102
1774383763967 52.0 103
1774383773992 68.8 104
1774383784001 51.1 105
1774383794017 48.7 106
1774383804029 47.1 107
1774383814039 56.4 108
1774383824050 63.1 109
1774383834063 62.4 110
1774383844079 47.8 111
1774383854088 53.2 112
1774383864104 49.7 113
1774383874117 49.3 114
1774383884140 62.5 115
1774383894151 73.5 116
1774383904173 48.3 117
1774383914186 48.7 118
1774383924196 53.1 119
1774383934209 50.6 120
1774383944221 60.9 121
1774383954230 49.8 122
1774383964246 55.0 123
1774383974262 51.4 124
1774383984278 45.2 125
1774383994300 69.8 126
1774384004317 53.6 127
1774384014331 49.2 128
1774384024342 54.8 129
1774384034352 50.3 130
1774384044362 52.7 131
1774384054377 45.1 132
1774384064389 50.1 133
1774384074399 59.6 134
1774384084409 49.9 135
1774384094420 52.3 136
1774384104430 51.6 137
1774384114446 52.4 138
1774384124459 51.0 139
1774384134470 76.0 140
1774384144487 49.5 141
1774384154497 49.1 142
1774384164512 52.7 143
1774384174525 47.8 144
1774384184551 58.2 145
1774384194588 44.0 146
