1774218716518 0.0 0
1774218726529 14.9 1
1774218736537 18.2 2
1774218746543 11.3 3
1774218756550 13.0 4
1774218766563 14.4 5
1774218776575 15.3 6
1774218786584 12.0 7
1774218796593 14.9 8
1774218806599 15.9 9
1774218816606 12.5 10
1774218826623 14.8 11
1774218836629 15.7 12
1774218846637 12.3 13
1774218856645 15.3 14
1774218866653 15.0 15
1774218876662 13.3 16
1774218886669 14.4 17
1774218896676 11.7 18
1774218906686 16.7 19
1774218916700 14.4 20
1774218926707 12.1 21
1774218936721 16.7 22
1774218946730 13.8 23
1774218956738 13.0 24
1774218966758 16.3 25
1774218976766 13.9 26
1774218986776 12.8 27
1774218996787 13.6 28
1774219006795 16.9 29
1774219016809 13.1 30
1774219026817 11.4 31
1774219036825 19.2 32
1774219046833 13.0 33
1774219056843 11.3 34
1774219066852 18.9 35
1774219076860 13.3 36
1774219086871 11.2 37
1774219096880 18.7 38
1774219106890 14.1 39
1774219116902 11.5 40
1774219126910 13.6 41
1774219136921 17.8 42
1774219146937 11.4 43
1774219156958 12.9 44
1774219166970 19.0 45
1774219176978 11.3 46
1774219186989 11.9 47
1774219196998 19.8 48
