1774218716518 4.4 0
1774218726529 60.2 1
1774218736537 51.9 2
1774218746543 51.4 3
1774218756550 58.3 4
1774218766563 47.3 5
1774218776575 53.3 6
1774218786584 53.6 7
1774218796593 58.0 8
1774218806599 46.2 9
1774218816606 41.0 10
1774218826623 63.6 11
1774218836629 49.2 12
1774218846637 72.4 13
1774218856645 59.4 14
1774218866653 41.8 15
1774218876662 74.0 16
1774218886669 45.1 17
1774218896676 57.2 18
1774218906686 55.3 19
1774218916700 55.2 20
1774218926707 46.0 21
1774218936721 51.5 22
1774218946730 75.6 23
1774218956738 41.1 24
1774218966758 67.6 25
1774218976766 60.1 26
1774218986776 38.3 27
1774218996787 43.8 28
1774219006795 52.6 29
1774219016809 76.8 30
1774219026817 71.3 31
1774219036825 53.2 32
1774219046833 60.7 33
1774219056843 69.6 34
1774219066852 71.2 35
1774219076860 50.3 36
1774219086871 73.3 37
1774219096880 46.5 38
1774219106890 48.1 39
1774219116902 49.1 40
1774219126910 53.6 41
1774219136921 51.9 42
1774219146937 43.3 43
1774219156958 49.1 44
1774219166970 71.1 45
1774219176978 51.0 46
1774219186989 53.4 47
1774219196998 57.1 48
