1774218716518 34.8 0
1774218726529 38.4 1
1774218736537 38.6 2
1774218746543 38.6 3
1774218756550 39.2 4
1774218766563 38.9 5
1774218776575 38.6 6
1774218786584 38.6 7
1774218796593 38.7 8
1774218806599 38.9 9
1774218816606 38.7 10
1774218826623 38.7 11
1774218836629 38.7 12
1774218846637 38.7 13
1774218856645 39.3 14
1774218866653 40.4 15
1774218876662 38.9 16
1774218886669 38.8 17
1774218896676 38.8 18
1774218906686 38.9 19
1774218916700 39.4 20
1774218926707 38.8 21
1774218936721 38.8 22
1774218946730 38.8 23
1774218956738 38.9 24
1774218966758 38.8 25
1774218976766 39.2 26
1774218986776 39.0 27
1774218996787 40.3 28
1774219006795 39.0 29
1774219016809 39.0 30
1774219026817 38.9 31
1774219036825 39.0 32
1774219046833 39.3 33
1774219056843 39.1 34
1774219066852 39.0 35
1774219076860 39.0 36
1774219086871 39.0 37
1774219096880 40.7 38
1774219106890 39.1 39
1774219116902 39.1 40
1774219126910 39.4 41
1774219136921 39.0 42
1774219146937 39.0 43
1774219156958 39.6 44
1774219166970 39.1 45
1774219176978 39.1 46
1774219186989 39.1 47
1774219196998 39.1 48
