1774213569672 0.5992426633007257 0
1774213569876 0.698643105080467 1
1774213570072 0.7273587882612812 2
1774213570263 0.7472388766172294 3
1774213570453 0.7715367623856106 4
1774213570644 0.7791101293783528 5
1774213570834 0.811928053013569 6
1774213571021 0.8217103187125276 7
1774213571214 0.845061533606816 8
1774213571409 0.8731461028715684 9
1774213571604 0.8933417481855475 10
1774213571799 0.9236352161565162 11
1774213571989 0.9346797096875986 12
1774213572179 0.936888608393815 13
1774213572369 0.9479331019248974 14
1774213572560 0.9520353423792994 15
1774213572750 0.9589775954559798 16
1774213572938 0.9681287472388767 17
1774213573128 0.9709687598611549 18
