1774204578830 2.8 0
1774204588841 18.6 1
1774204598848 20.4 2
1774204608855 22.4 3
1774204618869 22.4 4
1774204628880 24.5 5
1774204638894 24.5 6
1774204648906 24.5 7
1774204658913 24.5 8
1774204668934 24.5 9
1774204678944 24.5 10
1774204688952 24.5 11
1774204698961 24.5 12
1774204708968 24.5 13
1774204718977 24.5 14
1774204728984 24.5 15
1774204738992 24.5 16
1774204748999 24.5 17
1774204759007 24.5 18
1774204769019 24.5 19
1774204779033 24.5 20
1774204789042 24.5 21
1774204799050 24.5 22
1774204809058 24.5 23
1774204819072 24.5 24
1774204829079 24.5 25
1774204839089 24.5 26
1774204849099 24.5 27
1774204859107 24.5 28
1774204869115 24.5 29
1774204879125 24.5 30
