1774204578830 33.1 0
1774204588841 36.7 1
1774204598848 36.8 2
1774204608855 36.9 3
1774204618869 37.0 4
1774204628880 37.4 5
1774204638894 36.9 6
1774204648906 36.9 7
1774204658913 37.0 8
1774204668934 37.1 9
1774204678944 37.1 10
1774204688952 37.1 11
1774204698961 37.7 12
1774204708968 37.0 13
1774204718977 37.2 14
1774204728984 37.1 15
1774204738992 37.2 16
1774204748999 37.2 17
1774204759007 37.1 18
1774204769019 37.1 19
1774204779033 37.1 20
1774204789042 37.2 21
1774204799050 38.8 22
1774204809058 37.2 23
1774204819072 37.4 24
1774204829079 37.2 25
1774204839089 37.2 26
1774204849099 37.4 27
1774204859107 37.4 28
1774204869115 37.4 29
1774204879125 36.8 30
