1774204578830 5528.8 0
1774204588841 6125.3 1
1774204598848 6147.0 2
1774204608855 6159.2 3
1774204618869 6167.6 4
1774204628880 6236.7 5
1774204638894 6159.6 6
1774204648906 6161.7 7
1774204658913 6177.6 8
1774204668934 6184.4 9
1774204678944 6192.3 10
1774204688952 6189.9 11
1774204698961 6296.9 12
1774204708968 6172.1 13
1774204718977 6204.0 14
1774204728984 6195.4 15
1774204738992 6203.8 16
1774204748999 6198.3 17
1774204759007 6195.5 18
1774204769019 6194.8 19
1774204779033 6191.0 20
1774204789042 6204.0 21
1774204799050 6471.4 22
1774204809058 6213.4 23
1774204819072 6243.9 24
1774204829079 6210.2 25
1774204839089 6212.5 26
1774204849099 6238.6 27
1774204859107 6233.3 28
1774204869115 6240.6 29
1774204879125 6140.4 30
