1774571045263 22.0 0
1774571055279 64.9 1
1774571065286 54.7 2
1774571075299 52.6 3
1774571085306 55.8 4
1774571095314 52.8 5
1774571105322 61.0 6
1774571115333 58.1 7
1774571125347 52.0 8
1774571135358 61.6 9
1774571145365 57.1 10
1774571155372 51.2 11
1774571165382 62.8 12
1774571175395 52.1 13
1774571185408 61.4 14
1774571195418 54.2 15
1774571205426 55.9 16
1774571215433 55.4 17
1774571225440 58.9 18
1774571235446 53.1 19
1774571245453 52.7 20
1774571255459 56.4 21
1774571265465 51.9 22
1774571275472 53.6 23
1774571285480 62.9 24
1774571295487 52.6 25
1774571305498 53.2 26
1774571315510 54.8 27
1774571325524 58.4 28
1774571335537 64.1 29
1774571345552 52.8 30
1774571355561 53.7 31
1774571365568 52.9 32
1774571375576 61.2 33
1774571385587 51.2 34
1774571395594 66.2 35
1774571405603 48.8 36
1774571415611 55.8 37
1774571425619 53.3 38
1774571435632 54.3 39
1774571445644 53.1 40
1774571455653 52.0 41
1774571465664 50.0 42
1774571475683 64.9 43
1774571485700 53.0 44
1774571495710 52.6 45
1774571505721 57.9 46
1774571515735 61.0 47
