1774353524145 0.838919997215271 0
1774353524328 0.4249725043773651 1
1774353524498 0.39163321256637573 2
1774353524667 0.36967694759368896 3
1774353524835 0.35222265124320984 4
1774353525005 0.33947890996932983 5
1774353525175 0.3285031318664551 6
1774353525345 0.31797686219215393 7
1774353525516 0.30933716893196106 8
1774353525686 0.3004032373428345 9
1774353525858 0.2918286919593811 10
1774353526030 0.2829996347427368 11
1774353526204 0.27393457293510437 12
1774353526385 0.2643797993659973 13
1774353526580 0.25547540187835693 14
1774353526775 0.24649006128311157 15
1774353526970 0.23641665279865265 16
1774353527167 0.2285245954990387 17
1774353527367 0.21948778629302979 18
1774353527569 0.21018686890602112 19
1774353527774 0.20205125212669373 20
1774353527981 0.19295933842658997 21
1774353528190 0.18470284342765808 22
1774353528391 0.17576046288013458 23
1774353528571 0.16763046383857727 24
1774353528772 0.1594945788383484 25
1774353528952 0.1534854769706726 26
1774353529133 0.14485621452331543 27
1774353529315 0.13759273290634155 28
1774353529496 0.13164620101451874 29
1774353529678 0.12726372480392456 30
1774353529859 0.12256988883018494 31
1774353530041 0.11440694332122803 32
1774353530224 0.11076753586530685 33
1774353530410 0.10550302267074585 34
1774353530594 0.10037689656019211 35
1774353530779 0.0959172174334526 36
1774353530965 0.09334015846252441 37
1774353531152 0.08866529911756516 38
1774353531338 0.08657198399305344 39
