1774217600081 100.0 0
1774217610091 13.1 1
1774217620105 19.3 2
1774217630118 13.0 3
1774217640127 12.2 4
1774217650139 16.7 5
1774217660146 16.0 6
1774217670155 12.3 7
1774217680164 14.2 8
1774217690171 18.0 9
1774217700178 11.3 10
1774217710186 14.2 11
1774217720194 17.8 12
1774217730202 11.2 13
1774217740211 14.1 14
1774217750224 17.4 15
1774217760235 11.8 16
1774217770247 13.7 17
1774217780256 13.6 18
1774217790266 15.7 19
1774217800273 14.1 20
1774217810281 13.2 21
1774217820300 16.1 22
1774217830313 14.0 23
1774217840328 13.5 24
1774217850337 16.2 25
1774217860346 13.3 26
1774217870354 14.0 27
1774217880364 15.1 28
1774217890375 14.3 29
1774217900389 15.0 30
1774217910397 11.3 31
1774217920411 17.2 32
1774217930419 14.9 33
1774217940432 11.4 34
1774217950454 17.6 35
1774217960471 14.8 36
1774217970487 11.3 37
1774217980495 17.1 38
1774217990506 14.6 39
1774218000516 11.8 40
1774218010531 14.6 41
1774218020542 17.8 42
1774218030559 13.2 43
1774218040570 12.0 44
