1774217600081 0.0 0
1774217610091 81.0 1
1774217620105 82.0 2
1774217630118 81.0 3
1774217640127 81.0 4
1774217650139 80.0 5
1774217660146 83.0 6
1774217670155 82.0 7
1774217680164 81.0 8
1774217690171 81.0 9
1774217700178 81.0 10
1774217710186 81.0 11
1774217720194 81.0 12
1774217730202 81.0 13
1774217740211 81.0 14
1774217750224 81.0 15
1774217760235 81.0 16
1774217770247 81.0 17
1774217780256 80.0 18
1774217790266 83.0 19
1774217800273 81.0 20
1774217810281 82.0 21
1774217820300 81.0 22
1774217830313 81.0 23
1774217840328 81.0 24
1774217850337 81.0 25
1774217860346 81.0 26
1774217870354 80.0 27
1774217880364 82.0 28
1774217890375 81.0 29
1774217900389 82.0 30
1774217910397 81.0 31
1774217920411 81.0 32
1774217930419 79.0 33
1774217940432 80.0 34
1774217950454 81.0 35
1774217960471 81.0 36
1774217970487 58.0 37
1774217980495 73.0 38
1774217990506 82.0 39
1774218000516 80.0 40
1774218010531 81.0 41
1774218020542 81.0 42
1774218030559 81.0 43
1774218040570 77.0 44
