1774215043195 273.3342559337616 0
1774215047722 180.1706247329712 1
1774215052319 147.43425995111465 2
1774215057038 132.51128500699997 3
1774215061611 121.82980215549469 4
1774215066190 115.82648211717606 5
1774215070786 101.64640074968338 6
1774215075333 91.97210198640823 7
1774215079878 84.68472793698311 8
1774215084417 82.76888158917427 9
1774215089121 74.8564318716526 10
1774215093661 68.11723965406418 11
1774215098262 65.97560533881187 12
1774215102827 60.684713900089264 13
1774215107422 57.0051186978817 14
1774215111999 51.62650552392006 15
1774215116605 45.81505213677883 16
1774215121263 43.2874601483345 17
1774215125864 40.326727136969566 18
1774215130558 38.06651325523853 19
1774215135101 34.50800400972366 20
1774215139628 32.03329437971115 21
1774215144229 27.281360737979412 22
1774215148779 28.360229462385178 23
1774215153492 28.34306738525629 24
1774215158075 24.035182155668736 25
1774215162629 26.90046964585781 26
1774215167189 24.12268064916134 27
1774215171711 21.70716318488121 28
1774215176301 17.461457513272762 29
1774215180908 22.75059448927641 30
1774215185599 20.972724556922913 31
1774215190178 18.561971567571163 32
