1774796130685 0.8407180309295654 0
1774796130872 0.4484459459781647 1
1774796131050 0.4100166857242584 2
1774796131223 0.38516494631767273 3
1774796131395 0.3664070963859558 4
1774796131575 0.3545216917991638 5
1774796131755 0.34311842918395996 6
1774796131950 0.3341459631919861 7
1774796132145 0.3257693946361542 8
1774796132340 0.31636494398117065 9
1774796132537 0.30849820375442505 10
1774796132735 0.2998628616333008 11
1774796132933 0.29142460227012634 12
1774796133130 0.2833865284919739 13
1774796133306 0.2759072184562683 14
1774796133482 0.2670636773109436 15
1774796133659 0.26004156470298767 16
1774796133837 0.25168365240097046 17
1774796134014 0.24394655227661133 18
1774796134192 0.2355940192937851 19
1774796134371 0.22884847223758698 20
1774796134551 0.22014692425727844 21
1774796134731 0.21143627166748047 22
1774796134911 0.20527714490890503 23
1774796135092 0.1974848210811615 24
1774796135274 0.18957021832466125 25
1774796135455 0.18175576627254486 26
1774796135637 0.1746925562620163 27
