1768651192423 0.49529743710322127 0
1768651192554 0.79202915588996 1
1768651192678 0.8056665882906184 2
1768651192807 0.8140136374324006 3
1768651192936 0.8191864566188573 4
1768651193070 0.8255349165295086 5
1768651193200 0.8337644015988713 6
1768651193333 0.8363508111920996 7
1768651193467 0.8415236303785563 8
1768651193597 0.8441100399717846 9
1768651193727 0.8495179873030801 10
1768651193857 0.8529273454032448 11
1768651193994 0.8562191394309899 12
1768651194141 0.8596284975311544 13
1768651194287 0.8638608041382554 14
1768651194436 0.8695038796143898 15
1768651194574 0.8696214436868093 16
1768651194725 0.872325417352457 17
1768651194880 0.8742064425111686 18
1768651195014 0.879849517987303 19
1768651195168 0.8802022102045615 20
1768651195322 0.8813778509287562 21
1768651195500 0.8837291323771456 22
1768651195663 0.8892546437808606 23
1768651195803 0.8881965671290853 24
1768651195958 0.8930166940982835 25
1768651196096 0.8977192569950623 26
1768651196243 0.8963084881260287 27
1768651196381 0.9003056665882906 28
1768651196530 0.9035974606160357 29
1768651196677 0.9030096402539384 30
1768651196826 0.9077122031507171 31
1768651196975 0.9084175875852339 32
1768651197124 0.9107688690336233 33
1768651197274 0.9120620738302375 34
1768651197417 0.9158241241476605 35
1768651197576 0.9138255349165295 36
1768651197726 0.9181754055960498 37
1768651197867 0.9192334822478251 38
1768651198019 0.9192334822478251 39
1768651198160 0.9222901481307313 40
1768651198313 0.9233482247825064 41
1768651198466 0.9239360451446038 42
1768651198606 0.9219374559134729 43
1768651198761 0.9273454032447684 44
1768651198901 0.9279332236068657 45
1768651199047 0.9274629673171879 46
1768651199204 0.9300493769104162 47
1768651199349 0.9314601457794498 48
1768651199492 0.9321655302139666 49
1768651199634 0.9313425817070303 50
1768651199777 0.9302845050552551 51
1768651199919 0.9352221960968728 52
1768651200063 0.9336938631554197 53
1768651200206 0.9349870679520339 54
1768651200350 0.9354573242417117 55
1768651200502 0.9367505290383259 56
1768651200657 0.9385139901246179 57
1768651200805 0.9356924523865506 58
1768651200952 0.9395720667763932 59
1768651201099 0.9392193745591347 60
1768651201246 0.9399247589936516 61
1768651201394 0.9416882200799436 62
