1774130500508 0.8375275135040283 0
1774130500624 0.47449296712875366 1
1774130500740 0.45530059933662415 2
1774130500850 0.439224511384964 3
1774130500959 0.42512327432632446 4
1774130501070 0.41366487741470337 5
1774130501181 0.4043934643268585 6
1774130501295 0.3948369324207306 7
1774130501411 0.38590458035469055 8
1774130501530 0.37918657064437866 9
1774130501651 0.3729169964790344 10
1774130501765 0.3646465837955475 11
1774130501879 0.3583763539791107 12
1774130501994 0.3522113263607025 13
1774130502110 0.3454938530921936 14
1774130502226 0.33742019534111023 15
1774130502342 0.3330497741699219 16
