1774784613752 0.6530253283302064 0
1774784614252 0.726078799249531 1
1774784614915 0.7463649155722326 2
1774784615395 0.7476547842401501 3
1774784615866 0.7600844277673546 4
1774784616338 0.7659474671669794 5
1774784616959 0.7646575984990619 6
1774784617438 0.7687617260787992 7
1774784617944 0.7838883677298312 8
1774784618424 0.7854127579737336 9
1774784619009 0.7935037523452158 10
1774784619487 0.8042917448405253 11
1774784619969 0.8098030018761726 12
1774784620572 0.8178939962476548 13
1774784621055 0.8151969981238274 14
1774784621536 0.8268058161350844 15
1774784622020 0.825984990619137 16
1774784622630 0.838531894934334 17
1774784623190 0.8455675422138836 18
1774784623680 0.8493198874296435 19
1774784624160 0.8533067542213884 20
1774784624679 0.8649155722326454 21
1774784625193 0.8635084427767354 22
1774784625686 0.8735928705440901 23
1774784626213 0.8771106941838649 24
1774784626686 0.8728893058161351 25
1774784627227 0.8830909943714822 26
1774784627743 0.889188555347092 27
1774784628258 0.886608818011257 28
1774784628753 0.8941135084427767 29
