1773969860092 0.049117526337392255 0
1773969861081 0.709536188261048 1
1773969862043 0.6988644137364892 2
1773969863038 0.7279381584348064 3
1773969864033 0.7319742782870434 4
1773969865008 0.7451087700095772 5
1773969866006 0.7567382678889041 6
1773969866973 0.7687098098235052 7
1773969867942 0.7786290874264605 8
1773969868909 0.7767136407169244 9
1773969869887 0.7817758927349843 10
1773969870901 0.7832808865781913 11
1773969871880 0.7833492953892461 12
1773969872892 0.7854015597208921 13
1773969873906 0.7908058557942262 14
1773969874920 0.7946367492132986 15
1773969875937 0.8012039950745656 16
1773969876956 0.8033930770283213 17
1773969877976 0.8056505677931317 18
1773969878997 0.8053769325489123 19
1773969880017 0.8138596251197154 20
1773969881036 0.8145437132302641 21
1773969882055 0.8201532357367629 22
1773969883079 0.81912710357094 23
1773969884101 0.826104802298536 24
1773969885120 0.8319195512381995 25
1773969886140 0.8337665891366808 26
1773969887127 0.8373238473115338 27
1773969888131 0.8395129292652894 28
1773969889164 0.8460801751265563 29
1773969890194 0.8482008482692571 30
1773969891219 0.8531262826652073 31
1773969892208 0.8551785469968531 32
1773969893199 0.8565467232179504 33
1773969894224 0.858804213982761 34
1773969895250 0.8627719250239431 35
1773969896278 0.865850321521412 36
1773969897307 0.8683814475304419 37
1773969898335 0.8691339444520454 38
1773969899362 0.8760432343685867 39
1773969900392 0.876385278423861 40
1773969901433 0.8810370775755917 41
1773969902497 0.8815159392529758 42
1773969903492 0.8858941031604871 43
1773969904488 0.8897249965795595 44
1773969905484 0.8916404432890956 45
1773969906516 0.8936927076207416 46
1773969907552 0.8940347516760159 47
1773969908590 0.8984813243945821 48
1773969909632 0.901491312080996 49
1773969910673 0.9042276645231906 50
1773969911715 0.906553564099056 51
1773969912716 0.9107949103844575 52
1773969913718 0.9081269667533178 53
1773969914720 0.914557394992475 54
1773969915724 0.9170201121904501 55
1773969916761 0.9179094267341633 56
1773969917797 0.9193460117663155 57
1773969918802 0.925160760705979 58
1773969919806 0.9246818990285949 59
1773969920816 0.9270077986044603 60
1773969921826 0.9294705158024353 61
1773969922840 0.9335750444657271 62
1773969923849 0.9374743466958544 63
1773969924852 0.9346011766315502 64
1773969925858 0.9380216171842933 65
1773969926864 0.9393213845943358 66
1773969927872 0.9397318374606649 67
1773969928878 0.9424681899028595 68
1773969929886 0.9459570392666575 69
1773969930895 0.9482829388425229 70
1773969931904 0.9483513476535778 71
