1774273658033 0.5039868667917449 0
1774273658235 0.8140243902439024 1
1774273658429 0.8184803001876173 2
1774273658619 0.8365384615384616 3
1774273658822 0.8360694183864915 4
1774273659016 0.8483818011257036 5
1774273659211 0.8563555347091932 6
1774273659403 0.8655018761726079 7
1774273659594 0.8764071294559099 8
1774273659783 0.8812148217636022 9
1774273659980 0.8881332082551595 10
1774273660173 0.8942307692307693 11
1774273660364 0.9029080675422139 12
1774273660555 0.9054878048780488 13
1774273660745 0.912171669793621 14
1774273660932 0.9186210131332082 15
