1768609509067 0.0 0
1768609519077 0.4989480000003823 1
1768609529088 2.010403000000224 2
1768609539096 3.3786529999997583 3
1768609549103 3.8514560000003257 4
1768609559111 5.305538000000524 5
1768609569118 6.780408000000534 6
1768609579127 7.269530999999915 7
1768609589159 8.728146999999808 8
1768609599168 10.183979999999792 9
1768609609176 10.647026000000551 10
1768609619189 12.077504000000772 11
1768609629197 13.616852000001018 12
1768609639231 14.079585999999836 13
1768609649240 15.521178999999393 14
1768609659270 16.975631999999678 15
1768609669280 17.438679000000775 16
1768609679299 18.90597600000001 17
1768609689331 20.44593900000109 18
