1768650619907 0.7033067541417356 0
1768650620165 0.6926590432576029 1
1768650620416 0.6922216604620397 2
1768650620675 0.6918513497255999 3
1768650620925 0.6891028489100516 4
1768650621173 0.6777303977394826 5
1768650621430 0.6563668738746161 6
1768650621691 0.6003857025704424 7
1768650621948 0.5498247053127403 8
1768650622199 0.5069734669137956 9
1768650622455 0.47008929198267485 10
1768650622707 0.44687079625311765 11
1768650622959 0.43010926401814514 12
1768650623218 0.3963991275116561 13
1768650623472 0.3830914371169377 14
1768650623726 0.35119639005560194 15
1768650623985 0.3304779208695787 16
1768650624242 0.28501302814513735 17
1768650624499 0.2953079768670173 18
1768650624757 0.2681019027720644 19
1768650625065 0.2366312010576387 20
1768650625325 0.2287508522384586 21
