1774256293128 261.33434772491455 0
1774256308205 164.9874711036682 1
1774256323279 137.40278965234756 2
1774256338493 123.91561633348465 3
1774256353708 116.72886127233505 4
1774256368880 109.57040590047836 5
1774256384063 99.68600445985794 6
1774256399296 95.47806870937347 7
1774256414508 89.74144160747528 8
1774256429775 88.26474159955978 9
1774256445008 83.35006731748581 10
1774256460233 76.68030497431755 11
1774256475315 74.90681061148643 12
1774256490326 71.30440005660057 13
1774256505615 66.4126473814249 14
1774256520920 67.00463834404945 15
1774256535989 65.92338135838509 16
1774256551300 67.00585877895355 17
1774256566438 61.90911743044853 18
1774256581720 54.70705237984657 19
1774256596971 53.03921043872833 20
1774256612158 51.93164360523224 21
1774256627484 52.72979089617729 22
1774256642801 51.337429374456406 23
1774256658055 49.42027074098587 24
1774256673369 43.336027055978775 25
1774256688517 41.11171108484268 26
1774256703655 42.82394303381443 27
1774256718778 39.85308337211609 28
1774256733948 39.39098143577576 29
1774256749171 36.854255110025406 30
1774256764431 39.80398531258106 31
1774256779684 38.57519917190075 32
1774256794925 38.34534874558449 33
1774256810194 35.80802020430565 34
1774256825565 33.597276121377945 35
1774256840772 31.176523849368095 36
