1774256293133 0.31796415378300724 0
1774256308210 0.5515802435353674 1
1774256323284 0.6267615268846627 2
1774256338498 0.6648652346422219 3
1774256353713 0.6885346832672048 4
1774256368885 0.711041182104255 5
1774256384068 0.7330004104528663 6
1774256399302 0.7449719523874675 7
1774256414514 0.7595430291421535 8
1774256429781 0.7651525516486524 9
1774256445014 0.7772609112053632 10
1774256460239 0.797509919277603 11
1774256475321 0.8017512655630045 12
1774256490332 0.8116705431659598 13
1774256505622 0.822068682446299 14
1774256520926 0.8231632234231769 15
1774256535995 0.8243261732111096 16
1774256551307 0.8202216445478178 17
1774256566444 0.8380079354220824 18
1774256581726 0.8559994527295116 19
1774256596978 0.8618826104802298 20
1774256612164 0.8631139690792174 21
1774256627490 0.8557258174852921 22
1774256642808 0.8651662334108633 23
1774256658062 0.8674237241756738 24
1774256673376 0.8877411410589684 25
1774256688525 0.8929402106991381 26
1774256703662 0.8867150088931455 27
1774256718785 0.8992338213161856 28
1774256733955 0.8986865508277466 29
1774256749178 0.9077849226980436 30
1774256764439 0.8990970036940757 31
1774256779692 0.8988233684498563 32
1774256794933 0.9010808592146669 33
1774256810201 0.9081953755643727 34
1774256825572 0.9136680804487618 35
1774256840780 0.9223559994527295 36
