1773958289450 0.5295085821772866 0
1773958289908 0.6000470256289678 1
1773958290344 0.6353162473548084 2
1773958290782 0.6739948271808135 3
1773958291217 0.7206677639313426 4
1773958291718 0.7533505760639548 5
1773958292163 0.7860333881965671 6
1773958292595 0.8040206912767458 7
1773958293034 0.8170703033153068 8
1773958293476 0.8254173524570891 9
1773958293917 0.8341170938161298 10
1773958294349 0.85175170467905 11
1773958294781 0.8536327298377616 12
1773958295216 0.8582177286621209 13
1773958295653 0.8665647778039032 14
1773958296092 0.8644486245003526 15
1773958296529 0.8718551610627792 16
1773958296969 0.8811427227839173 17
1773958297398 0.8846696449565012 18
1773958297999 0.8844345168116624 19
1773958298468 0.8896073359981189 20
1773958298936 0.8905478485774747 21
1773958299417 0.894897719256995 22
1773958300076 0.8965436162708676 23
1773958300545 0.9051257935574888 24
1773958301019 0.9012461791676464 25
1773958301478 0.904655537267811 26
1773958301936 0.9112391253233012 27
1773958302397 0.9085351516576534 28
1773958302856 0.9105337408887844 29
