1774361117135 343.11152172088623 0
1774361132301 336.49846363067627 1
1774361147438 324.27726101875305 2
1774361162704 290.42566204071045 3
1774361178086 269.94057273864746 4
1774361193395 258.1455159187317 5
1774361208664 246.8787099123001 6
1774361224028 236.71824598312378 7
1774361239223 227.6339432001114 8
1774361254525 218.12200593948364 9
1774361269856 209.95474302768707 10
1774361285162 203.81294631958008 11
1774361300518 197.13429462909698 12
1774361315887 192.48314237594604 13
1774361331208 186.93071067333221 14
1774361346459 182.82550060749054 15
1774361361684 180.04328632354736 16
1774361377044 176.46403980255127 17
1774361392311 172.34807455539703 18
1774361407651 169.70122861862183 19
1774361423023 167.84285867214203 20
1774361438291 165.58331441879272 21
1774361453576 163.40288877487183 22
1774361468916 161.97412621974945 23
1774361484275 159.4666566848755 24
1774361499669 157.7313756942749 25
1774361514850 156.07608819007874 26
1774361530122 154.88391184806824 27
1774361545394 153.2093561887741 28
1774361560747 151.28370940685272 29
1774361576011 150.12455010414124 30
1774361591343 148.55324494838715 31
1774361606674 148.49670124053955 32
1774361622072 147.5849984884262 33
1774361637382 148.30570793151855 34
1774361652779 144.10828161239624 35
1774361668147 144.5250164270401 36
1774361683425 142.66206240653992 37
1774361698699 142.33472442626953 38
1774361714000 141.48375535011292 39
1774361729225 140.69736206531525 40
1774361744501 138.88944572210312 41
1774361759826 138.10547149181366 42
1774361775279 136.49507135152817 43
1774361790273 136.32865196466446 44
1774361805568 135.3784562945366 45
1774361820917 135.14002227783203 46
1774361836288 133.3604142665863 47
1774361851665 132.3855431675911 48
1774361866956 133.15530914068222 49
1774361882380 131.14289236068726 50
1774361897765 130.33524203300476 51
1774361913041 129.2653386592865 52
1774361928265 130.17689925432205 53
1774361943530 129.35683810710907 54
1774361958861 128.24365293979645 55
1774361974149 127.54208481311798 56
1774361989414 125.78856098651886 57
1774362004718 128.14859867095947 58
1774362020057 125.50302541255951 59
1774362035222 125.07632213830948 60
1774362050438 125.49508929252625 61
1774362065753 124.05007612705231 62
1774362081039 123.19531100988388 63
1774362096396 125.63024443387985 64
1774362111672 122.52948480844498 65
1774362126956 122.49454063177109 66
1774362142129 121.41603094339371 67
1774362157432 121.72293013334274 68
1774362172663 121.28149318695068 69
1774362187912 120.96071743965149 70
1774362203222 120.11122357845306 71
1774362218613 119.44481927156448 72
1774362233919 117.81735289096832 73
1774362249314 118.66815274953842 74
1774362264593 117.72589910030365 75
1774362279933 119.94707548618317 76
1774362295338 116.40483409166336 77
1774362310667 116.84449797868729 78
1774362325957 115.22048729658127 79
1774362341224 115.66340041160583 80
1774362356551 114.37312304973602 81
1774362371816 115.07373249530792 82
1774362387142 113.6401332616806 83
1774362402439 113.54357093572617 84
1774362417811 113.901995241642 85
1774362433012 112.9688076376915 86
1774362448344 112.45763218402863 87
1774362463671 112.88581454753876 88
1774362478985 113.60658752918243 89
1774362494337 112.34730291366577 90
1774362509587 111.9039540886879 91
1774362524795 111.49038016796112 92
1774362540138 110.17008119821548 93
1774362555352 110.74104380607605 94
1774362570757 109.81760013103485 95
1774362586117 109.1674063205719 96
1774362601505 110.37969040870667 97
1774362616647 107.57297939062119 98
1774362631858 108.51351243257523 99
1774362647225 108.67168468236923 100
1774362662586 108.57997554540634 101
1774362677859 111.89629828929901 102
1774362693154 112.82162940502167 103
1774362708534 109.74926418066025 104
1774362723864 108.67859363555908 105
1774362739228 107.80304044485092 106
1774362754628 107.3856914639473 107
1774362769896 107.38599914312363 108
1774362785142 107.58415621519089 109
1774362800418 106.47440606355667 110
1774362815793 106.33380872011185 111
1774362831035 104.82353913784027 112
1774362846403 104.91045325994492 113
1774362861667 109.33338195085526 114
1774362876993 109.02377593517303 115
1774362892393 105.86356598138809 116
1774362907757 104.66479641199112 117
1774362923018 103.95987617969513 118
1774362938377 103.38024896383286 119
1774362953642 105.9285659790039 120
1774362968956 102.83037930727005 121
1774362984309 110.50646269321442 122
1774362999587 115.75375407934189 123
1774363014866 108.02023142576218 124
1774363030267 105.54604202508926 125
1774363045671 103.71199697256088 126
1774363061016 104.65057545900345 127
1774363076372 103.96135824918747 128
1774363091537 102.97017538547516 129
1774363106752 102.1815515756607 130
1774363122127 101.39857053756714 131
1774363137503 101.36625850200653 132
1774363152782 101.48753207921982 133
1774363168059 100.54507380723953 134
1774363183500 100.83634769916534 135
1774363198841 100.24861073493958 136
1774363214136 98.86864465475082 137
1774363229464 100.10848891735077 138
1774363244807 100.78933894634247 139
1774363260114 100.04272675514221 140
1774363275451 99.14179587364197 141
1774363290697 99.25819277763367 142
1774363305967 99.06580585241318 143
1774363321306 98.52924633026123 144
1774363336680 98.86649769544601 145
1774363352054 99.0451290011406 146
1774363367364 98.99675649404526 147
1774363382711 97.10137039422989 148
1774363398017 99.85853862762451 149
1774363413352 97.09788888692856 150
1774363428771 97.75859075784683 151
1774363444129 95.81927686929703 152
1774363459384 97.00153017044067 153
1774363474633 96.36692422628403 154
1774363490078 95.99935084581375 155
1774363505413 95.81348466873169 156
1774363520671 95.85644817352295 157
1774363536023 94.86751335859299 158
1774363551287 94.46473813056946 159
1774363566659 95.01627993583679 160
