1774706067516 22.0 0
1774706077524 48.3 1
1774706087532 51.5 2
1774706097545 50.5 3
1774706107553 53.0 4
1774706117560 52.9 5
1774706127567 48.5 6
1774706137575 66.3 7
1774706147582 49.1 8
1774706157590 51.9 9
1774706167597 50.4 10
1774706177611 52.4 11
1774706187620 49.3 12
1774706197629 52.7 13
1774706207642 52.5 14
1774706217650 43.1 15
1774706227658 52.5 16
1774706237666 58.6 17
1774706247680 52.6 18
1774706257688 59.0 19
1774706267697 65.8 20
1774706277711 52.7 21
1774706287720 46.9 22
1774706297730 45.1 23
1774706307738 50.6 24
1774706317745 48.7 25
1774706327754 50.0 26
1774706337769 53.6 27
1774706347781 52.3 28
1774706357790 50.6 29
1774706367798 51.2 30
1774706377807 52.9 31
1774706387816 54.0 32
1774706397824 52.4 33
1774706407832 54.0 34
1774706417844 50.5 35
1774706427858 50.2 36
1774706437868 50.1 37
1774706447878 55.4 38
1774706457890 54.7 39
1774706467900 61.9 40
1774706477908 55.7 41
1774706487916 55.3 42
1774706497925 57.5 43
1774706507938 52.7 44
1774706517947 52.2 45
1774706527958 57.0 46
1774706537973 53.1 47
1774706547982 50.9 48
1774706557991 61.0 49
1774706568003 52.8 50
1774706578011 52.5 51
1774706588020 49.8 52
1774706598035 44.0 53
1774706608044 56.9 54
1774706618054 53.1 55
1774706628068 52.3 56
1774706638077 62.6 57
1774706648087 52.5 58
1774706658096 51.3 59
1774706668111 55.6 60
1774706678126 50.1 61
1774706688139 50.8 62
1774706698152 46.4 63
1774706708165 52.8 64
1774706718175 49.8 65
1774706728184 60.0 66
1774706738192 52.2 67
1774706748201 52.5 68
1774706758217 52.6 69
1774706768243 53.4 70
1774706778259 56.8 71
1774706788282 54.7 72
1774706798297 48.4 73
1774706808306 55.0 74
1774706818318 52.7 75
1774706828336 52.6 76
1774706838347 54.0 77
1774706848356 52.6 78
1774706858371 50.3 79
1774706868383 50.8 80
1774706878393 51.8 81
1774706888402 51.0 82
1774706898412 62.8 83
1774706908424 52.1 84
1774706918437 52.4 85
1774706928450 44.9 86
1774706938460 61.6 87
1774706948477 50.7 88
1774706958487 57.9 89
1774706968496 54.3 90
1774706978508 52.6 91
1774706988524 51.4 92
1774706998541 52.6 93
1774707008565 54.9 94
1774707018581 50.5 95
1774707028592 58.0 96
1774707038603 55.8 97
1774707048617 48.4 98
1774707058635 44.7 99
1774707068650 70.1 100
1774707078673 60.9 101
1774707088685 53.1 102
1774707098697 59.0 103
1774707108707 53.1 104
1774707118721 50.7 105
1774707128747 50.8 106
1774707138763 51.6 107
1774707148775 49.8 108
1774707158785 65.2 109
1774707168793 46.7 110
1774707178809 50.7 111
1774707188819 54.9 112
1774707198831 41.8 113
