1774706067516 2876.8 0
1774706077524 3392.0 1
1774706087532 3472.5 2
1774706097545 3479.7 3
1774706107553 3484.3 4
1774706117560 3487.4 5
1774706127567 3488.3 6
1774706137575 3489.4 7
1774706147582 3497.7 8
1774706157590 3495.0 9
1774706167597 3499.6 10
1774706177611 3759.7 11
1774706187620 3510.8 12
1774706197629 3511.5 13
1774706207642 3502.0 14
1774706217650 3497.0 15
1774706227658 3497.9 16
1774706237666 3499.0 17
1774706247680 3502.7 18
1774706257688 3493.3 19
1774706267697 3496.1 20
1774706277711 3510.4 21
1774706287720 3501.9 22
1774706297730 3496.8 23
1774706307738 3724.8 24
1774706317745 3508.6 25
1774706327754 3506.1 26
1774706337769 3504.3 27
1774706347781 3492.0 28
1774706357790 3502.7 29
1774706367798 3513.2 30
1774706377807 3503.8 31
1774706387816 3506.1 32
1774706397824 3504.2 33
1774706407832 3504.4 34
1774706417844 3507.1 35
1774706427858 3507.1 36
1774706437868 3668.8 37
1774706447878 3510.5 38
1774706457890 3542.8 39
1774706467900 3496.1 40
1774706477908 3511.9 41
1774706487916 3511.8 42
1774706497925 3498.3 43
1774706507938 3506.2 44
1774706517947 3513.5 45
1774706527958 3498.2 46
1774706537973 3501.9 47
1774706547982 3505.6 48
1774706557991 3503.0 49
1774706568003 3638.0 50
1774706578011 3504.0 51
1774706588020 3498.2 52
1774706598035 3506.1 53
1774706608044 3502.2 54
1774706618054 3555.3 55
1774706628068 3511.7 56
1774706638077 3509.7 57
1774706648087 3539.7 58
1774706658096 3508.3 59
1774706668111 3512.0 60
1774706678126 3500.7 61
1774706688139 3506.7 62
1774706698152 3600.6 63
1774706708165 3501.0 64
1774706718175 3496.9 65
1774706728184 3503.5 66
1774706738192 3507.2 67
1774706748201 3512.2 68
1774706758217 3517.7 69
1774706768243 3580.3 70
1774706778259 3508.1 71
1774706788282 3510.7 72
1774706798297 3509.3 73
1774706808306 3505.5 74
1774706818318 3514.0 75
1774706828336 3562.5 76
1774706838347 3507.8 77
1774706848356 3513.1 78
1774706858371 3506.0 79
1774706868383 3502.9 80
1774706878393 3510.5 81
1774706888402 3510.4 82
1774706898412 3510.0 83
1774706908424 3511.8 84
1774706918437 3507.7 85
1774706928450 3763.9 86
1774706938460 3511.6 87
1774706948477 3504.3 88
1774706958487 3504.7 89
1774706968496 3512.1 90
1774706978508 3512.4 91
1774706988524 3510.4 92
1774706998541 3515.7 93
1774707008565 3517.1 94
1774707018581 3502.3 95
1774707028592 3514.2 96
1774707038603 3516.1 97
1774707048617 3521.2 98
1774707058635 3749.5 99
1774707068650 3514.4 100
1774707078673 3533.2 101
1774707088685 3513.6 102
1774707098697 3507.1 103
1774707108707 3501.7 104
1774707118721 3511.5 105
1774707128747 3509.9 106
1774707138763 3575.6 107
1774707148775 3511.2 108
1774707158785 3519.4 109
1774707168793 3503.1 110
1774707178809 3517.6 111
1774707188819 3715.7 112
1774707198831 3513.8 113
