1773589642046 0.6664707265459675 0
1773589642379 0.7701622384199389 1
1773589642711 0.8097813308252998 2
1773589643069 0.8330590171643546 3
1773589643422 0.8565718316482483 4
1773589643794 0.8617446508347049 5
1773589644131 0.8737361862214907 6
1773589644473 0.8851399012461791 7
1773589644823 0.8866682341876323 8
1773589645372 0.894897719256995 9
1773589645963 0.895132847401834 10
1773589646311 0.9077122031507171 11
1773589646652 0.9108864331060428 12
1773589646992 0.9110039971784623 13
1773589647404 0.9144133552786269 14
1773589647747 0.9193510463202446 15
1773589648092 0.9231130966376675 16
1773589648432 0.9267575828826711 17
