1773589642042 0.6220946980453284 0
1773589642374 0.48068681275903435 1
1773589642706 0.419458674425914 2
1773589643064 0.37681233612419773 3
1773589643417 0.3329515387009599 4
1773589643789 0.33068155380464737 5
1773589644126 0.299462183928058 6
1773589644468 0.27840321352838937 7
1773589644818 0.27517029992025543 8
1773589645367 0.2509362497190686 9
1773589645954 0.2458463261548194 10
1773589646306 0.22419100444848863 11
1773589646647 0.21588196578991153 12
1773589646987 0.2140866487748814 13
1773589647394 0.2065173625988089 14
1773589647741 0.1955604321278882 15
1773589648086 0.1854580799860027 16
1773589648427 0.18067155293848777 17
