1774142226667 0.056642495553427284 0
1774142227666 0.7283486113011356 1
1774142228674 0.742714461622657 2
1774142229644 0.7612532494185251 3
1774142230616 0.7659734573813107 4
1774142231586 0.7770556847721987 5
1774142232559 0.7851963332877274 6
1774142233530 0.7873170064304282 7
1774142234502 0.7891640443289095 8
1774142235474 0.7932001641811466 9
1774142236496 0.795457654945957 10
1774142237519 0.8032562594062115 11
1774142238507 0.8079080585579422 12
1774142239495 0.8080448761800519 13
1774142240481 0.8123546312765084 14
1774142241467 0.8141332603639349 15
1774142242454 0.8155014365850322 16
1774142243440 0.8234368586673964 17
1774142244429 0.8236420851005609 18
1774142245455 0.8312354631276508 19
1774142246482 0.8319879600492543 20
1774142247509 0.8338349979477356 21
1774142248537 0.8381447530441921 22
1774142249566 0.8389656587768505 23
1774142250598 0.8436174579285812 24
1774142251638 0.8479272130250376 25
1774142252671 0.8473115337255438 26
1774142253701 0.8494322068682446 27
1774142254732 0.8522369681214941 28
1774142255765 0.858325352305377 29
1774142256797 0.8594198932822548 30
1774142257834 0.8631823778902723 31
1774142258874 0.8672869065535641 32
1774142259924 0.8676973594198932 33
1774142260957 0.872349158571624 34
1774142261997 0.8756327815022575 35
1774142263035 0.8792584484881653 36
1774142264072 0.8779586810781229 37
1774142265109 0.8834997947735669 38
1774142266146 0.8871254617594746 39
1774142267186 0.8921193049664797 40
1774142268232 0.8926665754549186 41
1774142269270 0.8943083869202353 42
1774142270309 0.8988233684498563 43
1774142271351 0.901012450403612 44
1774142272392 0.901012450403612 45
1774142273431 0.9077165138869886 46
1774142274473 0.9101108222739088 47
1774142275518 0.910042413462854 48
1774142276561 0.9138733068819264 49
1774142277603 0.9177042003009988 50
1774142278612 0.918114653167328 51
1774142279620 0.9221507730195649 52
1774142280630 0.9227664523190587 53
1774142281642 0.9284443836366124 54
1774142282690 0.9308386920235326 55
1774142283738 0.9320700506225201 56
1774142284790 0.9334382268436174 57
1774142285804 0.9385004788616774 58
1774142286809 0.9383636612395676 59
1774142287815 0.9423313722807498 60
1774142288822 0.9428786427691886 61
1774142289834 0.9452729511561089 62
1774142290884 0.948761800519907 63
1774142291891 0.9514297441510466 64
1774142292904 0.9511561089068272 65
1774142293911 0.9549185935148448 66
1774142294920 0.9551238199480093 67
1774142295931 0.9593651662334108 68
1774142296941 0.9599808455329046 69
1774142297954 0.960254480777124 70
1774142298971 0.9627856067861541 71
1774142299984 0.9642221918183062 72
1774142300996 0.9648378711178 73
1774142302009 0.9676426323710494 74
1774142303021 0.9668901354494459 75
1774142304037 0.9710630729237926 76
1774142305054 0.9710630729237926 77
