1774582903071 3.051880316167381 0
1774582904559 2.7061483827722204 1
1774582906283 2.213440379915069 2
1774582907807 1.8120941359492166 3
1774582909338 1.5151642126951583 4
1774582911090 1.2967436179235314 5
1774582912832 1.099546336070802 6
1774582914353 0.951611769992034 7
1774582916081 0.8405135872263249 8
1774582917635 0.7312561007396746 9
1774582919164 0.6347676663754952 10
1774582920834 0.565889142903213 11
1774582922366 0.5061986139509254 12
1774582924051 0.45484461208132915 13
1774582925617 0.4038026981175003 14
1774582927317 0.3666492257109744 15
1774582928872 0.3321625805533948 16
1774582930373 0.30084490749558374 17
1774582932106 0.2806665184829251 18
1774582933611 0.24951571352521965 19
1774582935309 0.22755406913955978 20
1774582937068 0.21124904313978313 21
1774582938602 0.19593990313515877 22
1774582940144 0.1846679905677954 23
1774582941958 0.16893690375373926 24
1774582943499 0.15471292793228844 25
1774582945049 0.14512892426658647 26
1774582946785 0.138679555846249 27
1774582948476 0.12927754231501676 28
1774582950024 0.12704106978078208 29
1774582951767 0.112864266592234 30
1774582953332 0.10721951261323819 31
1774582954891 0.1020700958959951 32
1774582956646 0.09899689540224177 33
1774582958167 0.09538136350972364 34
1774582959876 0.08936095571168097 35
1774582961631 0.0898144769257161 36
1774582963233 0.08119342505691282 37
