1774582903075 0.07825967984676427 0
1774582904564 0.1821042550280476 1
1774582906288 0.29176357914899437 2
1774582907812 0.4150362566698591 3
1774582909343 0.5138185798330825 4
1774582911095 0.5876316869612807 5
1774582912838 0.6558352715829799 6
1774582914359 0.7056368860309208 7
1774582916087 0.7408674237241757 8
1774582917640 0.7776029552606376 9
1774582919170 0.8034614858393762 10
1774582920839 0.8284991106854563 11
1774582922372 0.8458065398823369 12
1774582924057 0.8644821453003146 13
1774582925623 0.8801477630318785 14
1774582927323 0.8935558899986318 15
1774582928878 0.90450129976741 16
1774582930379 0.9140101245040361 17
1774582932112 0.9203721439321385 18
1774582933617 0.9314543713230264 19
1774582935316 0.9367218497742509 20
1774582937074 0.9401422903269941 21
1774582938608 0.9469831714324805 22
1774582940151 0.9486933917088521 23
1774582941964 0.9554658640032836 24
1774582943506 0.9586126693118073 25
1774582945056 0.9630592420303735 26
1774582946792 0.9649746887399097 27
1774582948483 0.9666165002052264 28
1774582950031 0.9669585442605008 29
1774582951774 0.9733205636886031 30
1774582953339 0.9746887399097004 31
1774582954898 0.9755096456423588 32
1774582956653 0.9762621425639623 33
1774582958174 0.9781091804624436 34
1774582959883 0.9792721302503763 35
1774582961638 0.9782459980845533 36
1774582963240 0.9809823505267479 37
