1774277189120 0.846976637840271 0
1774277189313 0.44718971848487854 1
1774277189492 0.4107595682144165 2
1774277189666 0.38448548316955566 3
1774277189840 0.3670669496059418 4
1774277190017 0.3528115451335907 5
1774277190193 0.3402998149394989 6
1774277190369 0.32983535528182983 7
1774277190547 0.32081758975982666 8
1774277190723 0.3119838237762451 9
1774277190900 0.30408862233161926 10
1774277191078 0.2956092655658722 11
1774277191257 0.28718188405036926 12
1774277191458 0.27935537695884705 13
1774277191663 0.27123016119003296 14
1774277191865 0.2628241777420044 15
1774277192067 0.25427138805389404 16
1774277192270 0.24663406610488892 17
1774277192473 0.2384849637746811 18
1774277192677 0.23093779385089874 19
1774277192883 0.22247320413589478 20
1774277193088 0.21508274972438812 21
1774277193293 0.20687361061573029 22
1774277193477 0.1990145444869995 23
1774277193661 0.19249223172664642 24
1774277193846 0.18456144630908966 25
1774277194031 0.17791977524757385 26
1774277194216 0.1711612492799759 27
1774277194402 0.16324281692504883 28
1774277194589 0.15745820105075836 29
1774277194777 0.150143101811409 30
1774277194968 0.14460548758506775 31
1774277195161 0.13803130388259888 32
1774277195357 0.13222917914390564 33
1774277195553 0.1267671287059784 34
1774277195749 0.12027327716350555 35
1774277195946 0.11601820588111877 36
