1774213627155 21.9 0
1774213637162 59.1 1
1774213647174 55.4 2
1774213657181 52.6 3
1774213667189 58.6 4
1774213677197 57.4 5
1774213687205 53.1 6
1774213697212 59.9 7
1774213707227 51.9 8
1774213717236 50.6 9
1774213727247 56.9 10
1774213737259 54.7 11
1774213747267 52.0 12
1774213757274 46.1 13
1774213767286 66.5 14
1774213777297 52.3 15
1774213787307 47.2 16
1774213797320 54.1 17
1774213807336 48.0 18
1774213817347 55.7 19
1774213827358 50.0 20
1774213837367 64.4 21
1774213847376 52.6 22
1774213857384 50.3 23
1774213867392 59.7 24
1774213877401 50.8 25
1774213887415 65.0 26
1774213897422 63.4 27
1774213907435 43.1 28
1774213917444 45.3 29
1774213927453 49.7 30
1774213937462 44.6 31
1774213947471 48.4 32
1774213957479 49.3 33
1774213967489 50.5 34
1774213977496 79.1 35
1774213987505 69.6 36
1774213997513 52.1 37
1774214007522 77.2 38
1774214017531 72.0 39
1774214027543 49.1 40
1774214037551 70.6 41
1774214047562 48.0 42
1774214057571 48.7 43
1774214067587 49.1 44
1774214077599 52.0 45
