1774213627155 2.8 0
1774213637162 20.2 1
1774213647174 20.2 2
1774213657181 22.2 3
1774213667189 22.2 4
1774213677197 22.2 5
1774213687205 22.2 6
1774213697212 22.2 7
1774213707227 22.2 8
1774213717236 24.1 9
1774213727247 24.1 10
1774213737259 24.1 11
1774213747267 24.1 12
1774213757274 24.1 13
1774213767286 24.1 14
1774213777297 24.1 15
1774213787307 24.1 16
1774213797320 24.1 17
1774213807336 24.1 18
1774213817347 24.1 19
1774213827358 24.1 20
1774213837367 24.1 21
1774213847376 26.1 22
1774213857384 26.1 23
1774213867392 26.1 24
1774213877401 26.1 25
1774213887415 26.1 26
1774213897422 26.1 27
1774213907435 26.1 28
1774213917444 26.1 29
1774213927453 26.1 30
1774213937462 26.1 31
1774213947471 26.1 32
1774213957479 26.1 33
1774213967489 26.1 34
1774213977496 26.1 35
1774213987505 26.1 36
1774213997513 26.1 37
1774214007522 26.1 38
1774214017531 26.1 39
1774214027543 26.1 40
1774214037551 26.1 41
1774214047562 26.1 42
1774214057571 26.1 43
1774214067587 26.1 44
1774214077599 26.1 45
