1774213627155 5517.5 0
1774213637162 6102.9 1
1774213647174 6123.2 2
1774213657181 6124.6 3
1774213667189 6127.4 4
1774213677197 6129.6 5
1774213687205 6156.3 6
1774213697212 6150.9 7
1774213707227 6139.4 8
1774213717236 6215.5 9
1774213727247 6145.9 10
1774213737259 6159.7 11
1774213747267 6169.4 12
1774213757274 6162.7 13
1774213767286 6167.0 14
1774213777297 6156.8 15
1774213787307 6149.6 16
1774213797320 6151.3 17
1774213807336 6164.2 18
1774213817347 6435.2 19
1774213827358 6164.2 20
1774213837367 6170.8 21
1774213847376 6176.0 22
1774213857384 6160.9 23
1774213867392 6183.0 24
1774213877401 6198.8 25
1774213887415 6207.8 26
1774213897422 6188.1 27
1774213907435 6189.3 28
1774213917444 6190.6 29
1774213927453 6195.6 30
1774213937462 6200.6 31
1774213947471 6349.0 32
1774213957479 6204.8 33
1774213967489 6185.0 34
1774213977496 6192.5 35
1774213987505 6279.3 36
1774213997513 6202.2 37
1774214007522 6196.3 38
1774214017531 6263.3 39
1774214027543 6188.0 40
1774214037551 6190.1 41
1774214047562 6276.7 42
1774214057571 6177.3 43
1774214067587 6154.4 44
1774214077599 6156.9 45
