1774543193394 0.626641651031895 0
1774543194175 0.7267488608952024 1
1774543195026 0.7463146609488073 2
1774543195812 0.7503350308228357 3
1774543196591 0.7598499061913696 4
1774543197369 0.7685607075850979 5
1774543198170 0.7740552130796033 6
1774543198937 0.7794157062449746 7
1774543199702 0.7863843473599571 8
1774543200479 0.7870544090056285 9
1774543201254 0.7964352720450282 10
1774543202022 0.802599839185205 11
1774543202806 0.8075582953631734 12
1774543203580 0.7979094076655052 13
1774543204358 0.8185473063521844 14
1774543205132 0.8200214419726615 15
1774543205907 0.8276601447333155 16
1774543206689 0.8263200214419727 17
1774543207471 0.8395872420262664 18
1774543208274 0.835566872152238 19
1774543209068 0.8432055749128919 20
1774543209901 0.8507102653444116 21
1774543210711 0.8469579201286518 22
1774543211515 0.8540605735727687 23
1774543212305 0.8592870544090057 24
1774543213081 0.8704100777271508 25
1774543213883 0.8760385955507907 26
1774543214755 0.8730903243098365 27
1774543215561 0.8807290270704905 28
1774543216330 0.8899758777807558 29
1774543217139 0.8809970517287591 30
1774543217917 0.8974805682122755 31
1774543218692 0.8874296435272045 32
1774543219508 0.8985526668453497 33
1774543220318 0.899624765478424 34
1774543221102 0.9051192709729295 35
1774543221888 0.9071294559099438 36
1774543222665 0.9016349504154382 37
1774543223436 0.9146341463414634 38
1774543224241 0.9193245778611632 39
1774543225012 0.9199946395068346 40
1774543225831 0.9181184668989547 41
1774543226610 0.9193245778611632 42
1774543227483 0.922540873760386 43
1774543228260 0.9336638970785313 44
1774543229052 0.9241490217099974 45
1774543229827 0.9266952559635486 46
1774543230614 0.9280353792548914 47
1774543231398 0.9367461806486197 48
1774543232179 0.9328598231037255 49
