1774702534892 0.0 0
1774702544900 10.7 1
1774702554907 15.5 2
1774702564914 14.5 3
1774702574921 10.5 4
1774702584928 13.0 5
1774702594935 16.6 6
1774702604947 10.4 7
1774702614960 10.5 8
1774702624976 19.0 9
1774702634988 10.6 10
1774702644995 10.5 11
1774702655005 19.6 12
1774702665015 10.3 13
1774702675030 10.5 14
1774702685039 19.1 15
1774702695047 10.4 16
1774702705063 10.2 17
1774702715071 15.8 18
1774702725078 12.9 19
1774702735091 10.1 20
1774702745100 14.3 21
1774702755108 14.2 22
1774702765118 9.9 23
1774702775127 14.3 24
1774702785135 14.8 25
1774702795143 10.1 26
1774702805153 14.3 27
1774702815168 14.8 28
1774702825180 10.7 29
1774702835191 13.5 30
1774702845199 12.5 31
1774702855206 13.4 32
1774702865213 12.4 33
1774702875221 12.5 34
1774702885229 14.8 35
1774702895239 11.1 36
1774702905246 13.3 37
1774702915254 14.7 38
1774702925271 10.6 39
1774702935280 13.9 40
1774702945291 14.5 41
1774702955301 10.6 42
1774702965315 14.0 43
1774702975324 10.8 44
1774702985332 14.4 45
1774702995342 14.3 46
1774703005349 10.4 47
1774703015359 14.5 48
1774703025373 14.4 49
1774703035383 10.1 50
1774703045392 14.4 51
1774703055411 14.7 52
1774703065422 10.3 53
1774703075432 14.4 54
1774703085449 14.6 55
1774703095459 10.0 56
1774703105467 10.0 57
1774703115478 18.4 58
1774703125486 10.1 59
1774703135495 10.1 60
1774703145508 19.6 61
1774703155517 10.5 62
1774703165525 10.2 63
1774703175533 19.6 64
1774703185547 10.4 65
1774703195555 10.1 66
1774703205571 17.2 67
1774703215593 11.8 68
1774703225602 10.4 69
1774703235610 14.6 70
1774703245617 14.6 71
1774703255627 10.1 72
1774703265636 14.3 73
1774703275644 15.2 74
1774703285655 10.5 75
1774703295668 13.7 76
1774703305677 15.4 77
1774703315687 10.0 78
1774703325697 13.0 79
1774703335707 15.9 80
1774703345716 12.4 81
1774703355730 11.6 82
1774703365739 13.6 83
1774703375750 15.0 84
1774703385762 11.4 85
1774703395774 13.9 86
1774703405782 14.9 87
1774703415794 11.0 88
1774703425803 14.2 89
1774703435811 14.5 90
1774703445820 10.5 91
1774703455836 14.5 92
1774703465847 12.1 93
1774703475858 13.0 94
1774703485868 14.7 95
1774703495879 10.6 96
1774703505894 15.0 97
1774703515915 14.7 98
1774703525927 10.3 99
1774703535939 14.6 100
1774703545950 14.9 101
1774703555959 10.3 102
1774703565968 14.8 103
1774703575978 14.6 104
1774703585992 10.4 105
1774703596001 11.6 106
