1774702534892 7.8 0
1774702544900 83.2 1
1774702554907 79.8 2
1774702564914 62.0 3
1774702574921 78.9 4
1774702584928 77.6 5
1774702594935 92.4 6
1774702604947 82.4 7
1774702614960 73.3 8
1774702624976 85.5 9
1774702634988 76.3 10
1774702644995 75.3 11
1774702655005 77.6 12
1774702665015 93.3 13
1774702675030 79.3 14
1774702685039 83.5 15
1774702695047 79.5 16
1774702705063 89.4 17
1774702715071 89.8 18
1774702725078 81.1 19
1774702735091 73.8 20
1774702745100 73.5 21
1774702755108 76.5 22
1774702765118 96.5 23
1774702775127 78.8 24
1774702785135 88.9 25
1774702795143 84.0 26
1774702805153 84.7 27
1774702815168 85.6 28
1774702825180 79.1 29
1774702835191 84.7 30
1774702845199 78.7 31
1774702855206 90.8 32
1774702865213 76.3 33
1774702875221 78.9 34
1774702885229 89.1 35
1774702895239 77.1 36
1774702905246 80.7 37
1774702915254 78.1 38
1774702925271 77.4 39
1774702935280 85.6 40
1774702945291 86.3 41
1774702955301 98.7 42
1774702965315 75.0 43
1774702975324 75.9 44
1774702985332 86.3 45
1774702995342 79.4 46
1774703005349 76.5 47
1774703015359 79.8 48
1774703025373 77.6 49
1774703035383 75.3 50
1774703045392 75.5 51
1774703055411 79.4 52
1774703065422 80.5 53
1774703075432 83.0 54
1774703085449 91.4 55
1774703095459 105.2 56
1774703105467 81.9 57
1774703115478 79.9 58
1774703125486 83.3 59
1774703135495 80.6 60
1774703145508 78.5 61
1774703155517 77.3 62
1774703165525 75.4 63
1774703175533 74.1 64
1774703185547 88.8 65
1774703195555 74.7 66
1774703205571 84.0 67
1774703215593 85.3 68
1774703225602 80.3 69
1774703235610 83.4 70
1774703245617 73.8 71
1774703255627 82.7 72
1774703265636 71.8 73
1774703275644 63.2 74
1774703285655 87.0 75
1774703295668 68.4 76
1774703305677 93.8 77
1774703315687 94.5 78
1774703325697 79.2 79
1774703335707 66.6 80
1774703345716 99.7 81
1774703355730 93.2 82
1774703365739 81.9 83
1774703375750 92.8 84
1774703385762 84.5 85
1774703395774 82.3 86
1774703405782 72.5 87
1774703415794 80.6 88
1774703425803 80.7 89
1774703435811 74.7 90
1774703445820 79.5 91
1774703455836 73.3 92
1774703465847 80.6 93
1774703475858 88.4 94
1774703485868 78.8 95
1774703495879 83.9 96
1774703505894 83.7 97
1774703515915 89.6 98
1774703525927 80.2 99
1774703535939 84.2 100
1774703545950 71.3 101
1774703555959 74.4 102
1774703565968 77.3 103
1774703575978 78.9 104
1774703585992 83.4 105
1774703596001 76.6 106
