1774702534892 5.2 0
1774702544900 55.1 1
1774702554907 52.9 2
1774702564914 41.0 3
1774702574921 52.2 4
1774702584928 51.4 5
1774702594935 61.2 6
1774702604947 54.6 7
1774702614960 48.6 8
1774702624976 56.6 9
1774702634988 50.5 10
1774702644995 49.8 11
1774702655005 51.4 12
1774702665015 61.8 13
1774702675030 52.5 14
1774702685039 55.3 15
1774702695047 52.6 16
1774702705063 59.2 17
1774702715071 59.5 18
1774702725078 53.7 19
1774702735091 48.8 20
1774702745100 48.7 21
1774702755108 50.7 22
1774702765118 63.9 23
1774702775127 52.2 24
1774702785135 58.9 25
1774702795143 55.6 26
1774702805153 56.1 27
1774702815168 56.7 28
1774702825180 52.4 29
1774702835191 56.1 30
1774702845199 52.1 31
1774702855206 60.1 32
1774702865213 50.5 33
1774702875221 52.3 34
1774702885229 59.0 35
1774702895239 51.1 36
1774702905246 53.4 37
1774702915254 51.7 38
1774702925271 51.3 39
1774702935280 56.7 40
1774702945291 57.1 41
1774702955301 65.4 42
1774702965315 49.7 43
1774702975324 50.3 44
1774702985332 57.2 45
1774702995342 52.6 46
1774703005349 50.7 47
1774703015359 52.8 48
1774703025373 51.4 49
1774703035383 49.9 50
1774703045392 50.0 51
1774703055411 52.6 52
1774703065422 53.3 53
1774703075432 55.0 54
1774703085449 60.5 55
1774703095459 69.6 56
1774703105467 54.3 57
1774703115478 52.9 58
1774703125486 55.2 59
1774703135495 53.4 60
1774703145508 52.0 61
1774703155517 51.2 62
1774703165525 49.9 63
1774703175533 49.1 64
1774703185547 58.8 65
1774703195555 49.4 66
1774703205571 55.6 67
1774703215593 56.5 68
1774703225602 53.2 69
1774703235610 55.2 70
1774703245617 48.9 71
1774703255627 54.7 72
1774703265636 47.5 73
1774703275644 41.9 74
1774703285655 57.6 75
1774703295668 45.3 76
1774703305677 62.2 77
1774703315687 62.6 78
1774703325697 52.4 79
1774703335707 44.1 80
1774703345716 66.0 81
1774703355730 61.7 82
1774703365739 54.2 83
1774703375750 61.4 84
1774703385762 55.9 85
1774703395774 54.5 86
1774703405782 48.0 87
1774703415794 53.3 88
1774703425803 53.5 89
1774703435811 49.5 90
1774703445820 52.7 91
1774703455836 48.5 92
1774703465847 53.4 93
1774703475858 58.6 94
1774703485868 52.2 95
1774703495879 55.5 96
1774703505894 55.4 97
1774703515915 59.3 98
1774703525927 53.1 99
1774703535939 55.7 100
1774703545950 47.2 101
1774703555959 49.3 102
1774703565968 51.2 103
1774703575978 52.2 104
1774703585992 55.2 105
1774703596001 50.7 106
