1774702534892 2868.1 0
1774702544900 3415.0 1
1774702554907 3493.7 2
1774702564914 3494.4 3
1774702574921 3512.0 4
1774702584928 3733.1 5
1774702594935 3516.6 6
1774702604947 3510.2 7
1774702614960 3513.9 8
1774702624976 3520.2 9
1774702634988 3517.5 10
1774702644995 3525.6 11
1774702655005 3509.0 12
1774702665015 3513.4 13
1774702675030 3514.3 14
1774702685039 3517.8 15
1774702695047 3520.8 16
1774702705063 3522.7 17
1774702715071 3630.2 18
1774702725078 3515.6 19
1774702735091 3517.9 20
1774702745100 3519.4 21
1774702755108 3518.9 22
1774702765118 3528.0 23
1774702775127 3518.1 24
1774702785135 3528.4 25
1774702795143 3527.0 26
1774702805153 3506.5 27
1774702815168 3520.5 28
1774702825180 3530.8 29
1774702835191 3580.1 30
1774702845199 3608.9 31
1774702855206 3529.8 32
1774702865213 3579.1 33
1774702875221 3519.8 34
1774702885229 3526.8 35
1774702895239 3554.9 36
1774702905246 3526.6 37
1774702915254 3532.5 38
1774702925271 3525.0 39
1774702935280 3526.2 40
1774702945291 3540.2 41
1774702955301 3555.0 42
1774702965315 3527.7 43
1774702975324 3563.5 44
1774702985332 3527.6 45
1774702995342 3527.9 46
1774703005349 3530.1 47
1774703015359 3533.3 48
1774703025373 3532.0 49
1774703035383 3531.6 50
1774703045392 3528.5 51
1774703055411 3527.5 52
1774703065422 3534.8 53
1774703075432 3805.3 54
1774703085449 3519.6 55
1774703095459 3524.0 56
1774703105467 3523.3 57
1774703115478 3534.9 58
1774703125486 3530.9 59
1774703135495 3532.7 60
1774703145508 3531.8 61
1774703155517 3524.4 62
1774703165525 3529.6 63
1774703175533 3530.3 64
1774703185547 3528.4 65
1774703195555 3521.7 66
1774703205571 3766.7 67
1774703215593 3533.1 68
1774703225602 3533.5 69
1774703235610 3531.7 70
1774703245617 3529.1 71
1774703255627 3527.8 72
1774703265636 3530.3 73
1774703275644 3528.7 74
1774703285655 3528.9 75
1774703295668 3583.5 76
1774703305677 3528.2 77
1774703315687 3532.4 78
1774703325697 3662.3 79
1774703335707 3721.0 80
1774703345716 3534.1 81
1774703355730 3529.0 82
1774703365739 3531.8 83
1774703375750 3533.6 84
1774703385762 3567.4 85
1774703395774 3534.0 86
1774703405782 3530.5 87
1774703415794 3532.7 88
1774703425803 3520.1 89
1774703435811 3539.0 90
1774703445820 3562.1 91
1774703455836 3521.5 92
1774703465847 3677.6 93
1774703475858 3530.7 94
1774703485868 3524.4 95
1774703495879 3527.0 96
1774703505894 3533.8 97
1774703515915 3519.5 98
1774703525927 3532.8 99
1774703535939 3535.0 100
1774703545950 3530.6 101
1774703555959 3530.9 102
1774703565968 3537.5 103
1774703575978 3524.4 104
1774703585992 3530.3 105
1774703596001 3620.9 106
