1774702534892 17.2 0
1774702544900 20.5 1
1774702554907 20.9 2
1774702564914 20.9 3
1774702574921 21.1 4
1774702584928 22.4 5
1774702594935 21.1 6
1774702604947 21.0 7
1774702614960 21.1 8
1774702624976 21.1 9
1774702634988 21.1 10
1774702644995 21.1 11
1774702655005 21.0 12
1774702665015 21.1 13
1774702675030 21.1 14
1774702685039 21.1 15
1774702695047 21.1 16
1774702705063 21.1 17
1774702715071 21.8 18
1774702725078 21.1 19
1774702735091 21.1 20
1774702745100 21.1 21
1774702755108 21.1 22
1774702765118 21.1 23
1774702775127 21.1 24
1774702785135 21.2 25
1774702795143 21.1 26
1774702805153 21.0 27
1774702815168 21.1 28
1774702825180 21.2 29
1774702835191 21.5 30
1774702845199 21.6 31
1774702855206 21.2 32
1774702865213 21.5 33
1774702875221 21.1 34
1774702885229 21.1 35
1774702895239 21.3 36
1774702905246 21.1 37
1774702915254 21.2 38
1774702925271 21.1 39
1774702935280 21.1 40
1774702945291 21.2 41
1774702955301 21.3 42
1774702965315 21.1 43
1774702975324 21.4 44
1774702985332 21.1 45
1774702995342 21.1 46
1774703005349 21.2 47
1774703015359 21.2 48
1774703025373 21.2 49
1774703035383 21.2 50
1774703045392 21.2 51
1774703055411 21.1 52
1774703065422 21.2 53
1774703075432 22.8 54
1774703085449 21.1 55
1774703095459 21.1 56
1774703105467 21.1 57
1774703115478 21.2 58
1774703125486 21.2 59
1774703135495 21.2 60
1774703145508 21.2 61
1774703155517 21.1 62
1774703165525 21.2 63
1774703175533 21.2 64
1774703185547 21.2 65
1774703195555 21.1 66
1774703205571 22.6 67
1774703215593 21.2 68
1774703225602 21.2 69
1774703235610 21.2 70
1774703245617 21.2 71
1774703255627 21.1 72
1774703265636 21.2 73
1774703275644 21.2 74
1774703285655 21.2 75
1774703295668 21.5 76
1774703305677 21.2 77
1774703315687 21.2 78
1774703325697 22.0 79
1774703335707 22.3 80
1774703345716 21.2 81
1774703355730 21.2 82
1774703365739 21.2 83
1774703375750 21.2 84
1774703385762 21.4 85
1774703395774 21.2 86
1774703405782 21.2 87
1774703415794 21.2 88
1774703425803 21.1 89
1774703435811 21.2 90
1774703445820 21.4 91
1774703455836 21.1 92
1774703465847 22.0 93
1774703475858 21.2 94
1774703485868 21.1 95
1774703495879 21.1 96
1774703505894 21.2 97
1774703515915 21.1 98
1774703525927 21.2 99
1774703535939 21.2 100
1774703545950 21.2 101
1774703555959 21.2 102
1774703565968 21.2 103
1774703575978 21.1 104
1774703585992 21.2 105
1774703596001 21.7 106
