1774367531843 0.0 0
1774367541853 14.7 1
1774367551860 12.4 2
1774367561869 13.5 3
1774367571879 10.5 4
1774367581886 15.7 5
1774367591893 13.8 6
1774367601900 10.8 7
1774367611907 16.0 8
1774367621914 13.7 9
1774367631926 10.6 10
1774367641935 15.8 11
1774367651943 13.7 12
1774367661954 11.4 13
1774367671962 13.0 14
1774367681971 15.8 15
1774367691979 10.6 16
1774367701986 11.6 17
1774367711996 17.8 18
1774367722004 10.9 19
1774367732011 11.8 20
1774367742020 18.4 21
1774367752026 10.8 22
1774367762034 11.7 23
1774367772046 17.6 24
1774367782053 10.8 25
1774367792061 10.8 26
1774367802069 14.8 27
1774367812082 14.9 28
1774367822089 10.8 29
1774367832097 14.1 30
1774367842105 16.0 31
1774367852114 10.7 32
1774367862124 13.3 33
1774367872132 16.3 34
1774367882144 10.6 35
1774367892154 11.7 36
1774367902164 17.4 37
1774367912178 11.2 38
1774367922193 11.2 39
1774367932206 13.7 40
1774367942222 15.1 41
1774367952230 11.4 42
1774367962238 13.8 43
1774367972245 15.2 44
1774367982253 10.9 45
1774367992261 13.5 46
1774368002272 15.3 47
1774368012281 11.2 48
1774368022292 13.6 49
1774368032301 14.3 50
1774368042312 11.8 51
1774368052320 13.9 52
1774368062327 10.4 53
1774368072336 16.4 54
1774368082344 13.1 55
1774368092361 11.3 56
1774368102377 16.4 57
1774368112388 12.9 58
1774368122396 10.8 59
1774368132406 16.1 60
1774368142415 12.9 61
1774368152424 11.0 62
1774368162432 13.0 63
1774368172444 16.2 64
1774368182452 10.8 65
1774368192461 10.4 66
1774368202469 18.9 67
1774368212478 10.9 68
1774368222490 10.4 69
1774368232500 18.0 70
1774368242509 11.5 71
1774368252518 10.6 72
1774368262527 16.9 73
1774368272537 13.1 74
1774368282547 10.4 75
1774368292555 12.4 76
1774368302566 17.4 77
1774368312574 10.7 78
1774368322583 11.0 79
1774368332592 18.0 80
1774368342600 10.6 81
1774368352609 10.9 82
1774368362618 18.2 83
1774368372627 10.8 84
1774368382636 10.7 85
1774368392648 18.3 86
1774368402662 11.2 87
1774368412671 11.0 88
1774368422680 13.6 89
1774368432689 14.9 90
1774368442698 11.7 91
1774368452706 13.2 92
1774368462719 15.6 93
1774368472733 12.1 94
1774368482744 13.0 95
1774368492754 15.4 96
1774368502783 11.8 97
1774368512793 13.5 98
1774368522803 14.3 99
1774368532813 12.4 100
1774368542824 13.5 101
1774368552833 10.5 102
1774368562843 15.5 103
1774368572857 13.9 104
1774368582873 10.6 105
1774368592884 15.1 106
1774368602897 14.1 107
1774368612910 10.9 108
1774368622921 15.6 109
1774368632933 13.1 110
1774368642945 11.7 111
1774368652957 12.9 112
1774368662968 14.2 113
1774368672978 13.3 114
1774368682987 10.6 115
1774368692997 16.1 116
1774368703009 13.7 117
1774368713021 10.6 118
1774368723031 15.9 119
1774368733040 13.5 120
1774368743053 10.8 121
1774368753063 15.9 122
1774368763073 13.8 123
1774368773087 10.8 124
1774368783097 12.0 125
1774368793111 17.1 126
1774368803121 10.9 127
1774368813133 11.0 128
1774368823146 18.8 129
1774368833160 10.0 130
1774368843170 12.0 131
1774368853180 18.1 132
1774368863189 10.9 133
1774368873199 12.1 134
1774368883209 17.1 135
1774368893224 11.4 136
1774368903235 11.6 137
1774368913244 12.9 138
1774368923256 15.8 139
1774368933268 10.8 140
1774368943281 14.0 141
1774368953291 15.3 142
1774368963306 10.4 143
1774368973315 14.2 144
1774368983324 15.5 145
1774368993340 10.6 146
1774369003353 13.6 147
1774369013362 13.9 148
1774369023378 12.3 149
1774369033390 12.8 150
1774369043403 12.5 151
1774369053414 15.6 152
1774369063425 11.1 153
1774369073435 13.7 154
1774369083446 15.1 155
1774369093457 11.1 156
1774369103473 13.4 157
1774369113484 15.5 158
1774369123494 11.4 159
1774369133525 13.6 160
1774369143538 13.0 161
1774369153555 13.5 162
1774369163568 13.8 163
1774369173585 11.5 164
1774369183600 15.7 165
1774369193615 13.8 166
1774369203626 10.8 167
1774369213637 15.4 168
1774369223650 13.8 169
1774369233662 10.4 170
1774369243676 16.6 171
1774369253687 12.9 172
1774369263699 10.7 173
1774369273715 13.2 174
1774369283728 16.2 175
1774369293742 10.7 176
1774369303753 11.9 177
1774369313764 17.3 178
1774369323777 10.7 179
1774369333796 11.2 180
1774369343807 18.6 181
1774369353824 11.0 182
1774369363835 11.2 183
1774369373851 18.8 184
1774369383862 11.0 185
1774369393878 10.8 186
1774369403889 14.5 187
1774369413901 15.1 188
1774369423913 10.8 189
1774369433927 12.9 190
1774369443938 17.1 191
1774369453949 10.7 192
1774369463963 11.7 193
1774369473974 17.9 194
1774369483985 10.9 195
1774369493996 11.4 196
1774369504007 17.3 197
1774369514019 11.9 198
1774369524031 11.2 199
1774369534043 13.5 200
1774369544056 15.5 201
1774369554068 10.7 202
1774369564080 13.7 203
1774369574092 15.7 204
1774369584104 11.1 205
1774369594115 13.9 206
1774369604127 15.4 207
1774369614143 11.0 208
1774369624160 13.6 209
1774369634176 13.0 210
1774369644191 13.9 211
1774369654203 12.9 212
1774369664221 11.0 213
1774369674233 16.2 214
1774369684245 12.8 215
1774369694257 10.6 216
1774369704269 16.6 217
1774369714281 13.0 218
1774369724299 11.1 219
1774369734312 15.4 220
1774369744324 13.5 221
1774369754337 11.0 222
1774369764354 12.7 223
1774369774366 17.3 224
1774369784378 11.2 225
1774369794395 10.7 226
1774369804407 18.9 227
1774369814419 11.0 228
1774369824432 11.1 229
1774369834447 18.2 230
1774369844463 12.2 231
1774369854476 11.1 232
1774369864488 16.3 233
1774369874501 13.1 234
1774369884514 10.8 235
1774369894527 11.7 236
1774369913790 19.0 237
1774369923804 6.8 238
1774369933817 18.0 239
1774369943834 11.0 240
1774369953847 10.7 241
1774369963863 18.6 242
1774369973875 10.8 243
1774369983889 10.7 244
1774369993904 16.3 245
1774370003921 12.4 246
1774370013934 11.5 247
1774370023952 12.9 248
1774370033967 15.0 249
1774370043980 11.7 250
1774370053993 13.1 251
1774370064006 15.5 252
1774370074019 11.8 253
1774370084032 13.1 254
1774370094051 15.2 255
1774370104064 11.4 256
1774370114081 13.3 257
1774370124096 12.7 258
1774370134112 13.3 259
1774370144125 14.1 260
1774370154138 10.8 261
1774370164150 15.3 262
1774370174163 17.3 263
1774370184176 18.8 264
1774370194190 15.3 265
1774370204203 12.2 266
1774370214220 13.2 267
1774370224234 15.2 268
1774370234250 11.5 269
1774370244264 13.8 270
1774370254283 11.4 271
1774370264296 15.2 272
1774370274310 13.8 273
1774370284323 10.4 274
1774370294338 15.9 275
1774370304353 13.3 276
1774370314366 10.9 277
1774370324380 16.0 278
1774370334400 13.6 279
1774370344425 10.7 280
1774370354439 15.5 281
1774370364452 13.7 282
1774370374471 10.9 283
1774370384485 11.2 284
1774370394504 17.8 285
1774370404517 11.3 286
1774370414532 10.7 287
1774370424546 16.8 288
1774370434561 11.8 289
1774370444575 11.8 290
1774370454587 16.2 291
1774370464601 12.3 292
