1774367531843 216.1 0
1774367541853 4733.4 1
1774367551860 4995.5 2
1774367561869 4995.5 3
1774367571879 4995.5 4
1774367581886 4997.6 5
1774367591893 4997.6 6
1774367601900 4997.6 7
1774367611907 4997.6 8
1774367621914 4997.6 9
1774367631926 4997.6 10
1774367641935 4997.6 11
1774367651943 4997.6 12
1774367661954 4997.6 13
1774367671962 4997.6 14
1774367681971 4997.6 15
1774367691979 4997.6 16
1774367701986 4997.6 17
1774367711996 4997.6 18
1774367722004 4997.6 19
1774367732011 4997.6 20
1774367742020 4997.6 21
1774367752026 4997.6 22
1774367762034 4997.6 23
1774367772046 4997.6 24
1774367782053 4997.6 25
1774367792061 4997.6 26
1774367802069 4997.6 27
1774367812082 4997.6 28
1774367822089 4997.6 29
1774367832097 4997.6 30
1774367842105 4997.6 31
1774367852114 4997.6 32
1774367862124 4997.6 33
1774367872132 4997.6 34
1774367882144 4997.6 35
1774367892154 4997.6 36
1774367902164 4997.6 37
1774367912178 4997.6 38
1774367922193 4997.6 39
1774367932206 4997.6 40
1774367942222 4997.6 41
1774367952230 4997.6 42
1774367962238 4997.6 43
1774367972245 4997.6 44
1774367982253 4997.6 45
1774367992261 4997.6 46
1774368002272 4997.6 47
1774368012281 4997.6 48
1774368022292 4997.6 49
1774368032301 4997.6 50
1774368042312 4997.6 51
1774368052320 4997.6 52
1774368062327 4997.6 53
1774368072336 4997.6 54
1774368082344 4997.6 55
1774368092361 4997.6 56
1774368102377 4997.6 57
1774368112388 4997.6 58
1774368122396 4997.6 59
1774368132406 4997.6 60
1774368142415 4997.6 61
1774368152424 4997.6 62
1774368162432 4997.6 63
1774368172444 4997.6 64
1774368182452 4997.6 65
1774368192461 4997.6 66
1774368202469 4997.6 67
1774368212478 4997.6 68
1774368222490 4997.6 69
1774368232500 4997.6 70
1774368242509 4997.6 71
1774368252518 4997.6 72
1774368262527 4997.6 73
1774368272537 4997.6 74
1774368282547 4997.6 75
1774368292555 4997.6 76
1774368302566 4997.6 77
1774368312574 4997.6 78
1774368322583 4997.6 79
1774368332592 4997.6 80
1774368342600 4997.6 81
1774368352609 4997.6 82
1774368362618 4997.6 83
1774368372627 4997.6 84
1774368382636 4997.6 85
1774368392648 4997.6 86
1774368402662 4999.7 87
1774368412671 4999.7 88
1774368422680 4999.7 89
1774368432689 4999.7 90
1774368442698 4999.7 91
1774368452706 4999.7 92
1774368462719 4999.7 93
1774368472733 4999.7 94
1774368482744 4999.7 95
1774368492754 4999.7 96
1774368502783 4999.7 97
1774368512793 4999.7 98
1774368522803 4999.7 99
1774368532813 4999.7 100
1774368542824 4999.7 101
1774368552833 4999.7 102
1774368562843 4999.7 103
1774368572857 4999.7 104
1774368582873 4999.7 105
1774368592884 4999.7 106
1774368602897 4999.7 107
1774368612910 4999.7 108
1774368622921 4999.7 109
1774368632933 4999.7 110
1774368642945 4999.7 111
1774368652957 4999.7 112
1774368662968 4999.7 113
1774368672978 4999.7 114
1774368682987 4999.7 115
1774368692997 4999.7 116
1774368703009 4999.7 117
1774368713021 4999.7 118
1774368723031 4999.7 119
1774368733040 4999.7 120
1774368743053 4999.7 121
1774368753063 4999.7 122
1774368763073 4999.7 123
1774368773087 4999.7 124
1774368783097 4999.7 125
1774368793111 4999.7 126
1774368803121 4999.7 127
1774368813133 4999.7 128
1774368823146 4999.7 129
1774368833160 4999.7 130
1774368843170 4999.7 131
1774368853180 4999.7 132
1774368863189 4999.7 133
1774368873199 4999.7 134
1774368883209 4999.7 135
1774368893224 4999.7 136
1774368903235 4999.7 137
1774368913244 4999.7 138
1774368923256 4999.7 139
1774368933268 4999.7 140
1774368943281 4999.7 141
1774368953291 4999.7 142
1774368963306 4999.7 143
1774368973315 4999.7 144
1774368983324 4999.7 145
1774368993340 4999.7 146
1774369003353 4999.7 147
1774369013362 4999.7 148
1774369023378 4999.7 149
1774369033390 4999.7 150
1774369043403 4999.7 151
1774369053414 4999.7 152
1774369063425 4999.7 153
1774369073435 4999.7 154
1774369083446 4999.7 155
1774369093457 4999.7 156
1774369103473 4999.7 157
1774369113484 4999.7 158
1774369123494 4999.7 159
1774369133525 4999.7 160
1774369143538 4999.7 161
1774369153555 4999.7 162
1774369163568 4999.7 163
1774369173585 4999.7 164
1774369183600 4999.7 165
1774369193615 4999.7 166
1774369203626 4999.7 167
1774369213637 4999.7 168
1774369223650 4999.7 169
1774369233662 4999.7 170
1774369243676 4999.7 171
1774369253687 4999.7 172
1774369263699 4999.7 173
1774369273715 4999.7 174
1774369283728 4999.7 175
1774369293742 4999.7 176
1774369303753 4999.7 177
1774369313764 4999.7 178
1774369323777 4999.7 179
1774369333796 4999.7 180
1774369343807 4999.7 181
1774369353824 4999.7 182
1774369363835 4999.7 183
1774369373851 4999.7 184
1774369383862 4999.7 185
1774369393878 4999.7 186
1774369403889 4999.7 187
1774369413901 4999.7 188
1774369423913 4999.7 189
1774369433927 4999.7 190
1774369443938 4999.7 191
1774369453949 4999.7 192
1774369463963 4999.7 193
1774369473974 4999.7 194
1774369483985 4999.7 195
1774369493996 4999.7 196
1774369504007 4999.7 197
1774369514019 4999.7 198
1774369524031 4999.7 199
1774369534043 4999.7 200
1774369544056 4999.7 201
1774369554068 4999.7 202
1774369564080 5001.9 203
1774369574092 4999.9 204
1774369584104 4999.9 205
1774369594115 4999.9 206
1774369604127 4999.9 207
1774369614143 4999.9 208
1774369624160 4999.9 209
1774369634176 4999.9 210
1774369644191 4999.9 211
1774369654203 4999.9 212
1774369664221 4999.9 213
1774369674233 4999.9 214
1774369684245 4999.9 215
1774369694257 4999.9 216
1774369704269 4999.9 217
1774369714281 4999.9 218
1774369724299 4999.9 219
1774369734312 4999.9 220
1774369744324 4999.9 221
1774369754337 4999.9 222
1774369764354 4999.8 223
1774369774366 4999.8 224
1774369784378 4999.8 225
1774369794395 4999.8 226
1774369804407 4999.8 227
1774369814419 4999.8 228
1774369824432 4999.8 229
1774369834447 4999.8 230
1774369844463 4999.8 231
1774369854476 4999.8 232
1774369864488 4999.8 233
1774369874501 4999.8 234
1774369884514 4999.8 235
1774369894527 4999.8 236
1774369913790 4999.8 237
1774369923804 4999.8 238
1774369933817 4999.8 239
1774369943834 4999.8 240
1774369953847 4999.8 241
1774369963863 4999.8 242
1774369973875 4999.8 243
1774369983889 4999.8 244
1774369993904 4999.8 245
1774370003921 4999.8 246
1774370013934 4999.8 247
1774370023952 4999.8 248
1774370033967 4999.8 249
1774370043980 4999.8 250
1774370053993 4999.8 251
1774370064006 4999.8 252
1774370074019 4999.8 253
1774370084032 4999.8 254
1774370094051 4999.8 255
1774370104064 4999.8 256
1774370114081 4999.8 257
1774370124096 4999.8 258
1774370134112 4999.8 259
1774370144125 4999.8 260
1774370154138 4999.8 261
1774370164150 4999.8 262
1774370174163 4999.8 263
1774370184176 4999.8 264
1774370194190 4999.8 265
1774370204203 4999.8 266
1774370214220 4999.8 267
1774370224234 4999.8 268
1774370234250 4999.8 269
1774370244264 4999.8 270
1774370254283 4999.8 271
1774370264296 4999.8 272
1774370274310 4999.8 273
1774370284323 4999.8 274
1774370294338 4999.8 275
1774370304353 4999.8 276
1774370314366 4999.8 277
1774370324380 4999.8 278
1774370334400 4999.8 279
1774370344425 4999.8 280
1774370354439 4999.8 281
1774370364452 4999.8 282
1774370374471 4999.8 283
1774370384485 4999.8 284
1774370394504 4999.8 285
1774370404517 4999.8 286
1774370414532 4999.8 287
1774370424546 4999.8 288
1774370434561 4999.8 289
1774370444575 4999.8 290
1774370454587 4999.8 291
1774370464601 4999.8 292
