1774275205722 185.46786761283875 0
1774275215220 124.34086847305298 1
1774275224783 103.40622568130493 2
1774275234482 95.89722192287445 3
1774275244017 85.79511618614197 4
1774275253627 78.27602356672287 5
1774275263233 73.4944036602974 6
1774275272909 68.41395336389542 7
1774275282550 67.20004719495773 8
1774275292190 62.45225143432617 9
1774275301747 59.576015293598175 10
1774275311345 56.09195977449417 11
1774275320939 57.351375460624695 12
1774275330505 53.32268249988556 13
1774275340138 50.53714194893837 14
1774275349610 50.07369577884674 15
1774275359219 46.59831038117409 16
1774275368812 45.20390206575394 17
1774275378404 47.23213332891464 18
1774275387974 48.49306100606918 19
1774275397598 44.477031737565994 20
1774275407146 42.59468191862106 21
1774275416748 38.38042289018631 22
1774275426449 37.05167010426521 23
1774275436063 37.05493298172951 24
1774275445586 33.49641343951225 25
1774275455213 39.86978122591972 26
1774275464771 37.298453122377396 27
1774275474379 31.42950001358986 28
1774275484025 29.18275135755539 29
1774275493604 27.30387642979622 30
1774275503215 27.01301769912243 31
1774275512789 27.381131261587143 32
1774275522413 23.991949170827866 33
1774275532109 24.30735093355179 34
1774275541729 24.861607879400253 35
