1774812087498 0.49906191369606 0
1774812087980 0.5004690431519699 1
1774812088652 0.50093808630394 2
1774812089134 0.501641651031895 3
1774812089612 0.5674249530956847 4
1774812090250 0.6295731707317073 5
1774812090766 0.6255863039399625 6
1774812091445 0.6374296435272045 7
1774812091949 0.6333255159474672 8
1774812092661 0.6070590994371482 9
1774812093399 0.6570121951219512 10
1774812093865 0.6717870544090057 11
1774812094360 0.6468105065666041 12
1774812095014 0.6797607879924953 13
1774812095514 0.6780018761726079 14
1774812096050 0.68843808630394 15
1774812096719 0.698874296435272 16
1774812097191 0.6897279549718575 17
1774812097698 0.6996951219512195 18
1774812098356 0.6946529080675422 19
1774812098886 0.7018058161350844 20
1774812099386 0.6961772983114447 21
1774812100093 0.7033302063789869 22
1774812100766 0.7115384615384616 23
1774812101463 0.7151735459662288 24
1774812102020 0.7144699812382739 25
1774812102532 0.7103658536585366 26
1774812103198 0.7148217636022514 27
1774812103736 0.7150562851782364 28
1774812104269 0.7243198874296435 29
1774812104935 0.724671669793621 30
1774812105513 0.7155253283302064 31
1774812106038 0.7277204502814258 32
1774812106724 0.7326454033771107 33
1774812107282 0.7231472795497186 34
1774812107797 0.7286585365853658 35
1774812108467 0.7245544090056285 36
1774812109183 0.7305347091932458 37
1774812109736 0.7300656660412758 38
1774812110399 0.7318245778611632 39
1774812110960 0.7361632270168855 40
1774812111498 0.739329268292683 41
1774812112166 0.7429643527204502 42
1774812112719 0.7319418386491557 43
1774812113256 0.7401500938086304 44
1774812113972 0.7286585365853658 45
1774812114521 0.7399155722326454 46
1774812115068 0.7464821763602252 47
1774812115775 0.7325281425891182 48
1774812116329 0.7457786116322702 49
1774812116861 0.7439024390243902 50
1774812117667 0.7433161350844277 51
1774812118223 0.7487101313320825 52
1774812118743 0.749765478424015 53
1774812119457 0.7400328330206379 54
1774812119968 0.7462476547842402 55
1774812120490 0.7437851782363978 56
1774812121177 0.750703564727955 57
1774812121690 0.7453095684803002 58
1774812122211 0.7549249530956847 59
1774812122903 0.7599671669793621 60
1774812123498 0.7566838649155723 61
1774812124024 0.7514071294559099 62
1774812124729 0.7488273921200751 63
1774812125252 0.7525797373358349 64
1774812126017 0.7522279549718575 65
1774812126742 0.751641651031895 66
1774812127292 0.7526969981238274 67
1774812127836 0.764188555347092 68
1774812128519 0.7541041275797373 69
1774812129116 0.7570356472795498 70
1774812129673 0.764188555347092 71
1774812130460 0.7584427767354597 72
1774812131021 0.7422607879924953 73
1774812131556 0.7530487804878049 74
1774812132290 0.7444887429643527 75
1774812132846 0.7672373358348968 76
1774812133406 0.760905253283302 77
1774812134097 0.7543386491557224 78
1774812134812 0.7589118198874296 79
1774812135396 0.7457786116322702 80
1774812136123 0.765126641651032 81
1774812136689 0.7553939962476548 82
1774812137240 0.7671200750469043 83
1774812137955 0.762312382739212 84
1774812138504 0.7714587242026266 85
