1774812087494 0.9180023407399319 0
1774812087975 0.6932437828065754 1
1774812088643 0.6883547845074652 2
1774812089129 0.6842272430378769 3
1774812089605 0.6824356871071721 4
1774812090243 0.6736526943281936 5
1774812090762 0.6636682420018466 6
1774812091439 0.6548793508232646 7
1774812091943 0.6543632015502028 8
1774812092655 0.6586360253715158 9
1774812093393 0.6419798973353674 10
1774812093860 0.6393595824322155 11
1774812094350 0.6363138678373583 12
1774812095009 0.6239172532231901 13
1774812095508 0.6150049860213532 14
1774812096037 0.6094358903382107 15
1774812096712 0.6029461500344984 16
1774812097185 0.6040181705473064 17
1774812097692 0.5968472968793944 18
1774812098349 0.6003233759085636 19
1774812098880 0.5915882831219214 20
1774812099379 0.5872688190574717 21
1774812100087 0.5832578318427696 22
1774812100753 0.5769916015762773 23
1774812101456 0.5722658684508661 24
1774812102013 0.574105688152349 25
1774812102523 0.5696310078896456 26
1774812103192 0.5668401260760667 27
1774812103729 0.5644179169948285 28
1774812104256 0.5587045326689171 29
1774812104921 0.5593309230249773 30
1774812105500 0.5653520047552814 31
1774812106031 0.5511235376683677 32
1774812106717 0.5484556777168618 33
1774812107275 0.5517860279745277 34
1774812107790 0.5493031136314149 35
1774812108460 0.5476420575413874 36
1774812109169 0.5445978737682607 37
1774812109722 0.5414290196676416 38
1774812110392 0.5402929450736484 39
1774812110953 0.5364918586908094 40
1774812111490 0.535155996372731 41
1774812112152 0.5292287570674244 42
1774812112712 0.5404141601210016 43
1774812113245 0.52956708499683 44
1774812113958 0.5365343323120704 45
1774812114507 0.5312800758551478 46
1774812115054 0.5253673222677793 47
1774812115760 0.5327045101162193 48
1774812116314 0.5214639307186706 49
1774812116853 0.5279729921531499 50
1774812117658 0.5205239199563217 51
1774812118216 0.5192201778320613 52
1774812118735 0.5219956881333471 53
1774812119446 0.5221834674785106 54
1774812119961 0.5232066327590656 55
1774812120478 0.515168165400149 56
1774812121169 0.5103532183237416 57
1774812121682 0.5145544292331861 58
1774812122203 0.5099884449429181 59
1774812122895 0.5085279025682589 60
1774812123488 0.5061443706390781 61
1774812124016 0.5061146642097165 62
1774812124719 0.5123372823838669 63
1774812125244 0.5120081655527369 64
1774812126005 0.5052893140526248 65
1774812126734 0.505674292289741 66
1774812127283 0.5028311992675681 67
1774812127828 0.4994014785616304 68
1774812128511 0.5030260939311803 69
1774812129108 0.498023779038864 70
1774812129664 0.4972629882604946 71
1774812130452 0.5016171975833613 72
1774812131005 0.5057845802289236 73
1774812131548 0.5093118821814181 74
1774812132277 0.504749191411217 75
1774812132829 0.498927261883054 76
1774812133389 0.49606103750599256 77
1774812134089 0.4957912617955378 78
1774812134799 0.5111425160019751 79
1774812135382 0.504364896279115 80
1774812136114 0.4902844273015214 81
1774812136676 0.4958172093301061 82
1774812137231 0.4881939383653494 83
1774812137947 0.4905258142031156 84
1774812138496 0.4831848069046944 85
