1773963795678 0.21179367902585852 0
1773963821609 0.41961964701053495 1
1773963848077 0.5195649199616911 2
1773963874460 0.5515118347243125 3
1773963900712 0.5915309891914079 4
1773963927011 0.6391435216855931 5
1773963953448 0.6600766178683815 6
1773963979957 0.6673963606512519 7
1773964006345 0.7050896155424818 8
1773964032523 0.7334108633191955 9
1773964058962 0.7536598713914352 10
1773964085574 0.7667943631139691 11
1773964111824 0.7773293200164181 12
1773964138179 0.8016144479408948 13
1773964164708 0.8189902859488302 14
1773964191061 0.8238473115337256 15
1773964217246 0.8166643863729648 16
1773964243557 0.8440279107949104 17
1773964270081 0.8274729785196333 18
1773964296314 0.8516896976330551 19
1773964322702 0.8741961964701054 20
1773964349110 0.8784375427555069 21
1773964375638 0.8919140785333151 22
1773964402161 0.9048433438226844 23
1773964428428 0.9028594883020933 24
1773964454614 0.9114105896839513 25
1773964480953 0.9203037351210835 26
1773964507389 0.9202353263100287 27
