1768604222485 1.7211074092381955 0
1768604228580 1.044543132375539 1
1768604234647 0.8164015763320354 2
1768604240741 0.6693831332520268 3
1768604246833 0.5435722621721223 4
1768604252953 0.4440646719909722 5
1768604259074 0.38061522562879924 6
1768604265186 0.3244585225562225 7
1768604271257 0.25156354497649763 8
1768604277351 0.23188430418686365 9
1768604283494 0.18867769758276287 10
1768604289617 0.16460367463114225 11
1768604295737 0.15281215184612204 12
1768604301846 0.1357503181150371 13
1768604307934 0.12385498482684526 14
1768604314077 0.10993061780843938 15
1768604320202 0.10944843956662163 16
1768604326308 0.09727108723144147 17
1768604332416 0.08566328384800737 18
1768604338525 0.07926738774512238 19
1768604344645 0.07491520369308953 20
1768604350774 0.07564299816426508 21
1768604356881 0.06557186118333834 22
1768604362974 0.07194980232098316 23
1768604369082 0.05671356076099165 24
1768604375261 0.060838763708984465 25
1768604381390 0.0576055278255669 26
1768604387522 0.05734489846453203 27
1768604393636 0.05112092262486913 28
1768604399759 0.048825063535127874 29
1768604405884 0.04885707099083951 30
1768604412018 0.04837918072587363 31
