1774348374911 34.8 0
1774348384920 37.9 1
1774348394928 38.5 2
1774348404935 38.5 3
1774348414941 39.5 4
1774348424948 38.4 5
1774348434957 38.5 6
1774348444969 38.5 7
1774348454975 38.8 8
1774348464984 38.6 9
1774348474992 38.5 10
1774348485001 38.9 11
1774348495008 38.8 12
1774348505019 38.6 13
1774348515026 38.7 14
1774348525034 38.7 15
1774348535043 38.6 16
1774348545051 39.3 17
1774348555059 38.7 18
1774348565067 38.7 19
1774348575079 38.7 20
1774348585086 38.9 21
1774348595094 38.8 22
1774348605101 38.8 23
1774348615108 38.8 24
1774348625116 38.7 25
1774348635123 38.8 26
1774348645132 40.5 27
1774348655144 38.8 28
1774348665155 38.8 29
1774348675170 38.8 30
1774348685178 38.8 31
1774348695192 38.8 32
1774348705199 38.9 33
1774348715208 38.9 34
1774348725216 38.9 35
1774348735231 38.9 36
1774348745238 38.9 37
1774348755245 38.9 38
1774348765253 38.9 39
1774348775261 40.3 40
1774348785269 38.9 41
1774348795284 39.0 42
1774348805295 39.0 43
1774348815303 39.4 44
1774348825313 39.0 45
1774348835320 39.0 46
1774348845334 39.0 47
1774348855348 39.3 48
1774348865358 39.0 49
1774348875368 39.1 50
1774348885376 39.1 51
1774348895386 39.1 52
1774348905395 40.1 53
1774348915409 39.1 54
1774348925417 39.1 55
1774348935428 39.2 56
1774348945436 39.1 57
1774348955447 39.1 58
1774348965458 39.1 59
1774348975475 39.2 60
1774348985485 39.7 61
1774348995494 39.1 62
1774349005502 39.2 63
1774349015511 38.7 64
1774349025519 38.7 65
1774349035528 39.0 66
1774349045541 38.8 67
1774349055556 38.8 68
1774349065566 38.8 69
1774349075578 38.8 70
1774349085587 38.8 71
1774349095601 38.8 72
1774349105610 38.8 73
1774349115619 38.9 74
1774349125632 38.9 75
1774349135644 40.4 76
1774349145655 38.8 77
1774349155664 38.8 78
1774349165673 38.9 79
1774349175682 38.9 80
1774349185697 39.0 81
1774349195707 38.9 82
1774349205719 38.9 83
1774349215732 38.9 84
1774349225742 39.4 85
1774349235753 39.0 86
1774349245769 39.4 87
1774349255783 39.4 88
1774349265796 40.5 89
1774349275810 39.0 90
