1774348374911 5803.3 0
1774348384920 6315.4 1
1774348394928 6414.4 2
1774348404935 6418.7 3
1774348414941 6586.0 4
1774348424948 6412.3 5
1774348434957 6421.9 6
1774348444969 6415.3 7
1774348454975 6476.7 8
1774348464984 6433.8 9
1774348474992 6419.7 10
1774348485001 6484.0 11
1774348495008 6475.2 12
1774348505019 6443.8 13
1774348515026 6456.0 14
1774348525034 6454.1 15
1774348535043 6446.8 16
1774348545051 6563.7 17
1774348555059 6455.7 18
1774348565067 6459.1 19
1774348575079 6461.0 20
1774348585086 6482.9 21
1774348595094 6476.3 22
1774348605101 6467.9 23
1774348615108 6466.9 24
1774348625116 6462.5 25
1774348635123 6468.5 26
1774348645132 6749.2 27
1774348655144 6473.2 28
1774348665155 6472.0 29
1774348675170 6471.2 30
1774348685178 6479.1 31
1774348695192 6476.2 32
1774348705199 6486.1 33
1774348715208 6490.4 34
1774348725216 6487.0 35
1774348735231 6483.2 36
1774348745238 6486.8 37
1774348755245 6492.8 38
1774348765253 6491.0 39
1774348775261 6721.3 40
1774348785269 6492.9 41
1774348795284 6501.1 42
1774348805295 6500.3 43
1774348815303 6564.4 44
1774348825313 6505.0 45
1774348835320 6507.6 46
1774348845334 6503.9 47
1774348855348 6552.4 48
1774348865358 6497.4 49
1774348875368 6527.0 50
1774348885376 6521.9 51
1774348895386 6527.8 52
1774348905395 6683.2 53
1774348915409 6524.8 54
1774348925417 6522.3 55
1774348935428 6533.6 56
1774348945436 6516.3 57
1774348955447 6514.8 58
1774348965458 6524.9 59
1774348975475 6532.0 60
1774348985485 6619.0 61
1774348995494 6527.6 62
1774349005502 6534.4 63
1774349015511 6462.7 64
1774349025519 6462.6 65
1774349035528 6499.4 66
1774349045541 6475.8 67
1774349055556 6471.4 68
1774349065566 6470.1 69
1774349075578 6465.7 70
1774349085587 6477.5 71
1774349095601 6470.1 72
1774349105610 6480.1 73
1774349115619 6485.6 74
1774349125632 6480.9 75
1774349135644 6738.0 76
1774349145655 6478.8 77
1774349155664 6477.5 78
1774349165673 6480.6 79
1774349175682 6486.4 80
1774349185697 6498.2 81
1774349195707 6488.3 82
1774349205719 6489.2 83
1774349215732 6490.7 84
1774349225742 6570.5 85
1774349235753 6499.9 86
1774349245769 6567.6 87
1774349255783 6577.8 88
1774349265796 6752.8 89
1774349275810 6498.4 90
