1774348288922 0.49953095684803 0
1774348289334 0.5034005628517824 1
1774348289922 0.4998827392120075 2
1774348290379 0.500234521575985 3
1774348290784 0.5059803001876173 4
1774348291334 0.6428236397748592 5
1774348291742 0.7360459662288931 6
1774348292314 0.788344277673546 7
1774348292713 0.8156660412757973 8
1774348293107 0.8340759849906192 9
1774348293887 0.8542448405253283 10
1774348294313 0.8725375234521576 11
1774348294708 0.8835600375234521 12
1774348295268 0.8934099437148217 13
1774348295665 0.9045497185741088 14
1774348296082 0.9077157598499062 15
1774348296674 0.9118198874296435 16
1774348297101 0.9210834896810507 17
1774348297522 0.9214352720450282 18
1774348298121 0.9283536585365854 19
1774348298553 0.9325750469043153 20
1774348298974 0.9338649155722326 21
1774348299558 0.9394934333958724 22
1774348300140 0.9390243902439024 23
1774348300560 0.9466463414634146 24
