1774198331630 232.4023369550705 0
1774198339232 154.986980676651 1
1774198346793 130.37875974178314 2
1774198354330 115.40946531295776 3
1774198361805 109.56795036792755 4
1774198369338 99.09135949611664 5
1774198376887 89.7196918129921 6
1774198384481 83.51890987157822 7
1774198391923 78.41286405920982 8
1774198399593 70.94721859693527 9
1774198407251 63.172783732414246 10
1774198414854 59.60412600636482 11
1774198422447 54.799528151750565 12
1774198429950 50.99364420771599 13
1774198437539 48.70209443569183 14
1774198444946 47.07656453549862 15
1774198452390 41.6107197701931 16
1774198459956 37.145346000790596 17
1774198467443 31.63894110918045 18
1774198475081 30.157466918230057 19
1774198482406 26.71069049835205 20
1774198489737 27.99877341091633 21
1774198497085 27.301348447799683 22
1774198504603 25.45756109803915 23
1774198512091 19.172625496983528 24
1774198519515 18.018422536551952 25
1774198527053 15.449926406145096 26
1774198534645 16.654760390520096 27
1774198542178 12.976265657693148 28
1774198549807 14.785082653164864 29
1774198557398 13.587988659739494 30
1774198564955 10.577205212786794 31
1774198572613 12.791041046380997 32
1774198579999 15.140058510005474 33
1774198587345 11.085718713700771 34
1774198594896 14.060909733176231 35
