1768608979880 3.275424003601074 0
1768608980840 1.9041435718536377 1
1768608981799 1.718146800994873 2
1768608982760 1.6112183332443237 3
1768608983687 1.5456817150115967 4
1768608984612 1.4919848442077637 5
1768608985540 1.4284409284591675 6
1768608986469 1.3779195547103882 7
1768608987434 1.3392620086669922 8
1768608988398 1.2986990213394165 9
1768608989374 1.2500790357589722 10
1768608990351 1.211409091949463 11
1768608991327 1.183199167251587 12
1768608992305 1.1578388214111328 13
1768608993286 1.1293178796768188 14
1768608994264 1.097747564315796 15
1768608995210 1.070976972579956 16
1768608996156 1.0482969284057617 17
1768608997105 1.0236382484436035 18
1768608998052 1.0020620822906494 19
1768608998996 0.9745156764984131 20
1768608999977 0.9523733258247375 21
1768609000955 0.9318028688430786 22
1768609001941 0.9046787619590759 23
1768609002928 0.8867130279541016 24
1768609003911 0.8701601028442383 25
1768609004895 0.8579107522964478 26
1768609005881 0.828685998916626 27
1768609006868 0.8139269948005676 28
1768609007859 0.7922017574310303 29
1768609008860 0.7765340209007263 30
1768609009849 0.7587430477142334 31
1768609010838 0.7457029223442078 32
1768609011830 0.7280063033103943 33
1768609012828 0.7084674835205078 34
1768609013827 0.6910769939422607 35
1768609014820 0.6765373945236206 36
1768609015814 0.6623920798301697 37
1768609016813 0.6452283263206482 38
1768609017804 0.6272563934326172 39
1768609018798 0.6110607981681824 40
1768609019796 0.6013973951339722 41
1768609020790 0.58060222864151 42
1768609021785 0.5693516731262207 43
1768609022782 0.5562934279441833 44
1768609023781 0.5385531187057495 45
1768609024742 0.5230406522750854 46
1768609025739 0.5094172358512878 47
1768609026706 0.4989202320575714 48
1768609027705 0.4832494556903839 49
1768609028707 0.46957892179489136 50
1768609029709 0.45616787672042847 51
1768609030675 0.4442228376865387 52
1768609031676 0.4350740909576416 53
1768609032649 0.4189843237400055 54
1768609033622 0.4050806164741516 55
1768609034589 0.39983561635017395 56
1768609035559 0.3876584768295288 57
1768609036564 0.36933809518814087 58
1768609037580 0.3618215322494507 59
1768609038592 0.3519768714904785 60
1768609039599 0.3398045599460602 61
1768609040572 0.33210405707359314 62
1768609041545 0.31910237669944763 63
1768609042517 0.3121475577354431 64
1768609043491 0.3007190525531769 65
1768609044470 0.2938343584537506 66
1768609045451 0.28466856479644775 67
1768609046433 0.277150422334671 68
1768609047414 0.2645367681980133 69
1768609048388 0.25982898473739624 70
1768609049367 0.2524223327636719 71
1768609050347 0.23850663006305695 72
1768609051324 0.23473773896694183 73
1768609052306 0.22739186882972717 74
1768609053284 0.2190537303686142 75
