1774347317794 0.4996482176360225 0
1774347317989 0.8479127579737336 1
1774347318166 0.8557692307692307 2
1774347318343 0.8629221388367729 3
1774347318520 0.8696060037523452 4
1774347318706 0.8764071294559099 5
1774347318909 0.8810975609756098 6
1774347319111 0.887781425891182 7
1774347319315 0.8922373358348968 8
1774347319520 0.8946998123827392 9
1774347319723 0.900328330206379 10
1774347319928 0.9034943714821764 11
1774347320133 0.9081848030018762 12
1774347320341 0.9118198874296435 13
1774347320547 0.9145168855534709 14
1774347320754 0.9168621013133208 15
1774347320940 0.9217870544090057 16
1774347321125 0.9246013133208255 17
1774347321310 0.9289399624765479 18
1774347321496 0.9306988742964353 19
1774347321687 0.9338649155722326 20
1774347321878 0.9392589118198874 21
1774347322068 0.9421904315196998 22
1774347322259 0.9457082551594747 23
1774347322452 0.948170731707317 24
1774347322648 0.9515712945590994 25
1774347322849 0.9548545966228893 26
1774347323050 0.9586069418386491 27
1774347323253 0.9613039399624765 28
1774347323451 0.9631801125703565 29
