1774347317791 0.8438516855239868 0
1774347317985 0.45268380641937256 1
1774347318162 0.4178376793861389 2
1774347318339 0.393494188785553 3
1774347318516 0.3763182461261749 4
1774347318702 0.36383724212646484 5
1774347318904 0.35331517457962036 6
1774347319107 0.3438095152378082 7
1774347319311 0.33490505814552307 8
1774347319515 0.32593896985054016 9
1774347319719 0.31871113181114197 10
1774347319923 0.3105289936065674 11
1774347320129 0.30296218395233154 12
1774347320337 0.295407772064209 13
1774347320543 0.2884608507156372 14
1774347320750 0.27999624609947205 15
1774347320936 0.272458553314209 16
1774347321121 0.26522862911224365 17
1774347321306 0.25706222653388977 18
1774347321491 0.25030288100242615 19
1774347321682 0.2429424524307251 20
1774347321873 0.23488456010818481 21
1774347322063 0.22693198919296265 22
1774347322254 0.21933825314044952 23
1774347322446 0.21067582070827484 24
1774347322642 0.20379061996936798 25
1774347322843 0.1970965564250946 26
1774347323045 0.18866334855556488 27
1774347323248 0.1826399266719818 28
1774347323446 0.1755361407995224 29
