1773963748487 0.49917705149306374 0
1773963749063 0.5109334587350106 1
1773963749634 0.6261462497060898 2
1773963750212 0.7196096872795673 3
1773963750792 0.7740418528097813 4
1773963751373 0.8095462026804608 5
1773963751942 0.8364683752645191 6
1773963752515 0.8588055490242182 7
1773963753098 0.8750293910181048 8
1773963753669 0.8854925934634376 9
1773963754247 0.8990124617916765 10
1773963754820 0.913943098988949 11
1773963755395 0.9184105337408888 12
1773963755971 0.9246414295791207 13
1773963756546 0.9353397601692922 14
1773963757142 0.940042323066071 15
1773963757733 0.9480366799905948 16
1773963758318 0.9486245003526922 17
1773963758909 0.9527392428873737 18
1773963759501 0.95132847401834 19
1773963760269 0.9584998824359275 20
1773963761057 0.9627321890430285 21
1773963761651 0.9688455208088408 22
1773963762466 0.9664942393604514 23
1773963763088 0.9710792381848107 24
1773963763689 0.9677874441570656 25
