1773963748483 0.713057348455173 0
1773963749059 0.6968124203616918 1
1773963749630 0.6554679355003569 2
1773963750206 0.5815581525602594 3
1773963750788 0.5013915133243613 4
1773963751368 0.4392341789135842 5
1773963751938 0.3887993277744941 6
1773963752511 0.3321718729273897 7
1773963753094 0.29908959314931344 8
1773963753664 0.26083322367246586 9
1773963754243 0.2430773205177492 10
1773963754815 0.20946371522043386 11
1773963755390 0.19966383008936728 12
1773963755966 0.18521780299420024 13
1773963756540 0.15994875799437958 14
1773963757137 0.1486104473159814 15
1773963757727 0.13587587846361157 16
1773963758313 0.12220407377550974 17
1773963758904 0.12208008830291704 18
1773963759495 0.11907536985276869 19
1773963760263 0.1059153819683998 20
1773963761051 0.0959804355204736 21
1773963761645 0.08864336765649149 22
1773963762459 0.0861316420052042 23
1773963763081 0.08119801031335813 24
1773963763683 0.08336897294590845 25
