1774585342906 346.9839005470276 0
1774585398900 335.98342847824097 1
1774585454453 313.0773341655731 2
1774585510046 279.74629378318787 3
1774585566023 252.06419837474823 4
1774585620683 228.6227911710739 5
1774585674274 211.71340095996857 6
1774585728856 195.7580828666687 7
1774585783259 185.16822063922882 8
1774585840441 176.82303702831268 9
1774585895153 163.90633010864258 10
1774585950764 152.99132084846497 11
1774586004522 140.84011912345886 12
1774586059651 132.79468220472336 13
1774586114498 122.9749664068222 14
1774586169917 117.55869060754776 15
1774586226154 112.18085372447968 16
1774586281481 100.7489065527916 17
1774586336304 93.77604204416275 18
1774586392795 97.7083632349968 19
1774586445129 84.87743327021599 20
1774586499797 78.7382989525795 21
1774586556150 69.83979493379593 22
1774586612271 70.38342961668968 23
1774586668984 62.759019404649734 24
1774586725749 63.09105208516121 25
1774586782841 52.361903458833694 26
1774586836506 48.003960996866226 27
1774586891378 44.39945924282074 28
1774586946104 41.3093543946743 29
1774587003214 37.424224734306335 30
1774587059118 40.14073580503464 31
1774587113861 35.25189583003521 32
1774587169782 32.57639516890049 33
1774587226660 29.322171837091446 34
1774587281799 30.25199456512928 35
1774587336939 26.408300630748272 36
1774587392014 25.134876266121864 37
1774587445178 28.383805379271507 38
1774587500493 24.85580698400736 39
1774587553418 22.037150859832764 40
1774587609348 20.678946398198605 41
1774587661995 20.75065965950489 42
1774587716286 23.546966433525085 43
1774587772294 18.51356343179941 44
1774587828205 19.68374317511916 45
1774587884817 16.74719649925828 46
1774587938741 16.000254321843386 47
1774587994263 15.953382343053818 48
