1774592504974 286.9741920232773 0
1774592519958 193.0987492799759 1
1774592534929 169.02712726593018 2
1774592549874 153.7454869747162 3
1774592564973 144.5757749080658 4
1774592580025 139.09445291757584 5
1774592595049 135.49433755874634 6
1774592610130 128.91483175754547 7
1774592625178 123.99649578332901 8
1774592640227 121.22849297523499 9
1774592655155 120.8404837846756 10
1774592670252 116.12567776441574 11
1774592685296 113.3704623579979 12
1774592700258 111.48766219615936 13
1774592715309 107.98756951093674 14
1774592730355 107.33217829465866 15
1774592745455 108.01270425319672 16
1774592760617 105.16548454761505 17
1774592775652 104.25690126419067 18
1774592790802 101.07266390323639 19
1774592805884 99.06690889596939 20
1774592820804 98.51380378007889 21
1774592835871 95.51700043678284 22
1774592850882 94.41762053966522 23
1774592865943 96.3102962076664 24
1774592881044 93.94577610492706 25
1774592896137 112.34222847223282 26
1774592911171 99.27947336435318 27
1774592926063 95.59706169366837 28
1774592941062 90.36218309402466 29
1774592956199 88.77129137516022 30
1774592971239 95.04375475645065 31
1774592986440 89.85019564628601 32
1774593001481 86.91934108734131 33
1774593016453 85.02718961238861 34
1774593031430 84.44095742702484 35
1774593046457 84.28309455513954 36
1774593061498 82.97475999593735 37
1774593076612 80.5744501054287 38
1774593091655 79.80514788627625 39
1774593106733 78.04051896929741 40
1774593121757 80.38237753510475 41
1774593136655 77.42184835672379 42
1774593151667 77.63780349493027 43
1774593166612 76.3784732222557 44
1774593181724 76.12744849920273 45
1774593196838 75.24188089370728 46
1774593211965 75.0499776005745 47
1774593227017 72.9599569439888 48
1774593242105 73.84311008453369 49
1774593257313 73.36970594525337 50
1774593272277 73.54639804363251 51
1774593287387 70.44933071732521 52
1774593302385 75.18696513772011 53
1774593317469 70.81514537334442 54
1774593332513 70.53114065527916 55
1774593347568 69.55134242773056 56
1774593362590 73.70101854205132 57
1774593377749 69.40170848369598 58
1774593392886 74.40759867429733 59
1774593407890 69.77013942599297 60
1774593422900 68.38177356123924 61
1774593437924 66.77849918603897 62
1774593452960 71.51633158326149 63
1774593467881 65.97908771038055 64
1774593482880 68.09007048606873 65
1774593498137 65.32125380635262 66
1774593513141 62.850958585739136 67
1774593528158 63.180209428071976 68
1774593543066 61.64895045757294 69
1774593558170 61.70978635549545 70
1774593573147 65.05079472064972 71
1774593588345 62.430040061473846 72
1774593603449 61.40285363793373 73
1774593618578 64.1187071800232 74
1774593633591 62.287702679634094 75
1774593648783 62.37074491381645 76
1774593663814 61.55367782711983 77
1774593678771 59.615762770175934 78
1774593693703 57.84194475412369 79
1774593708857 58.97896930575371 80
1774593723947 58.322290509939194 81
