1774592504979 0.23266954081981797 0
1774592519963 0.4605488263874632 1
1774592534933 0.5288441798398686 2
1774592549879 0.5691507561760076 3
1774592564978 0.6018613563265586 4
1774592580030 0.615547799904195 5
1774592595054 0.6236912338328885 6
1774592610136 0.6495586121946212 7
1774592625183 0.659275987134743 8
1774592640233 0.6689249298569767 9
1774592655160 0.6713884897009512 10
1774592670257 0.6829535345240539 11
1774592685301 0.692055019503182 12
1774592700264 0.6943817149113802 13
1774592715315 0.7047149798124958 14
1774592730361 0.7031410388010676 15
1774592745461 0.7049887086840485 16
1774592760622 0.713132142612742 17
1774592775657 0.7185382878259085 18
1774592790808 0.7228495175528639 19
1774592805890 0.7276397728050367 20
1774592820810 0.7273660439334839 21
1774592835877 0.733456511325532 22
1774592850888 0.7439950728803121 23
1774592865949 0.7357832067337302 24
1774592881050 0.7463902005063984 25
1774592896144 0.6959556559228085 26
1774592911178 0.7305139259563402 27
1774592926069 0.7361938000410593 28
1774592941069 0.7523438034626703 29
1774592956205 0.7537124478204339 30
1774592971246 0.7436529117908711 31
1774592986447 0.7496065147471429 32
1774593001489 0.7604188051734757 33
1774593016460 0.7630876616711147 34
1774593031437 0.7660302470403065 35
1774593046464 0.7653459248614247 36
1774593061505 0.7702046123314856 37
1774593076619 0.7746527064942175 38
1774593091663 0.7758844864162048 39
1774593106740 0.7812906316293711 40
1774593121764 0.7762950797235338 41
1774593136662 0.7836857592554575 42
1774593151675 0.7852597002668856 43
1774593166620 0.7835488948196812 44
1774593181732 0.7857387257921029 45
1774593196845 0.7914870320947102 46
1774593211972 0.7901183877369465 47
1774593227024 0.7952508040785602 48
1774593242113 0.7934031341955793 49
1774593257321 0.7979880927940874 50
1774593272285 0.7936084308492438 51
1774593287395 0.8029152124820366 52
1774593302393 0.7868336412783138 53
1774593317477 0.7977143639225347 54
1774593332522 0.8014781359063847 55
1774593347576 0.8048313145829056 56
1774593362599 0.7940874563744611 57
1774593377757 0.8044207212755765 58
1774593392894 0.790665845480052 59
1774593407898 0.8051050434544583 60
1774593422908 0.8078423321699856 61
1774593437933 0.8101005953602957 62
1774593452970 0.8003832204201738 63
1774593467889 0.8144802573051393 64
1774593482888 0.8075001710805447 65
1774593498146 0.8174228426743311 66
1774593513150 0.8224183945801683 67
1774593528167 0.820776021350852 68
1774593543075 0.8270717853965647 69
1774593558185 0.8270033531786766 70
1774593573157 0.8163279271881202 71
1774593588354 0.8229658523232738 72
1774593603459 0.8272086498323411 73
1774593618588 0.8215972079655102 74
1774593633600 0.8251556832956957 75
1774593648794 0.8276876753575584 76
1774593663823 0.8244713611168139 77
1774593678784 0.8311092862519674 78
1774593693713 0.8362417025935811 79
1774593708867 0.834736193800041 80
1774593723964 0.8378840758228974 81
