1774805541401 0.0 0
1774805551409 93.0 1
1774805561422 93.0 2
1774805571429 90.0 3
1774805581440 91.0 4
1774805591447 94.0 5
1774805601454 94.0 6
1774805611461 91.0 7
1774805621470 93.0 8
1774805631480 92.0 9
1774805641488 94.0 10
1774805651496 90.0 11
1774805661504 94.0 12
1774805671513 91.0 13
1774805681526 94.0 14
1774805691539 94.0 15
1774805701546 94.0 16
1774805711555 89.0 17
1774805721569 91.0 18
1774805731577 94.0 19
1774805741584 82.0 20
1774805751592 94.0 21
1774805761601 92.0 22
1774805771609 94.0 23
1774805781616 93.0 24
1774805791624 94.0 25
1774805801632 90.0 26
1774805811640 94.0 27
1774805821651 90.0 28
1774805831661 93.0 29
1774805841669 91.0 30
1774805851676 94.0 31
1774805861686 94.0 32
1774805871698 94.0 33
1774805881706 90.0 34
1774805891714 94.0 35
1774805901723 92.0 36
1774805911733 94.0 37
1774805921744 94.0 38
1774805931759 91.0 39
1774805941768 94.0 40
1774805951776 92.0 41
1774805961789 94.0 42
1774805971798 94.0 43
1774805981806 94.0 44
1774805991814 93.0 45
1774806001829 71.0 46
1774806011837 92.0 47
1774806021848 94.0 48
1774806031856 75.0 49
1774806041869 92.0 50
1774806051878 89.0 51
1774806061885 90.0 52
1774806071902 94.0 53
1774806081912 94.0 54
1774806091923 93.0 55
1774806101938 94.0 56
1774806111957 94.0 57
1774806121965 93.0 58
1774806131973 90.0 59
1774806141981 92.0 60
1774806151993 94.0 61
1774806162007 94.0 62
1774806172019 94.0 63
1774806182029 93.0 64
1774806192038 94.0 65
1774806202047 93.0 66
1774806212056 89.0 67
1774806222065 94.0 68
1774806232075 93.0 69
1774806242084 90.0 70
1774806252092 92.0 71
1774806262100 92.0 72
1774806272114 94.0 73
1774806282126 90.0 74
1774806292139 93.0 75
1774806302154 94.0 76
1774806312170 93.0 77
1774806322179 65.0 78
1774806332188 94.0 79
1774806342202 94.0 80
1774806352217 93.0 81
1774806362225 94.0 82
1774806372238 93.0 83
1774806382247 91.0 84
1774806392255 94.0 85
1774806402264 90.0 86
1774806412273 94.0 87
1774806422283 92.0 88
1774806432298 94.0 89
1774806442313 90.0 90
