1774805541401 22.1 0
1774805551409 52.4 1
1774805561422 50.8 2
1774805571429 52.8 3
1774805581440 55.3 4
1774805591447 50.3 5
1774805601454 50.1 6
1774805611461 44.7 7
1774805621470 51.4 8
1774805631480 60.3 9
1774805641488 58.9 10
1774805651496 53.9 11
1774805661504 57.4 12
1774805671513 54.3 13
1774805681526 50.8 14
1774805691539 52.8 15
1774805701546 53.4 16
1774805711555 49.0 17
1774805721569 54.1 18
1774805731577 52.9 19
1774805741584 57.5 20
1774805751592 50.8 21
1774805761601 52.6 22
1774805771609 51.2 23
1774805781616 58.7 24
1774805791624 50.6 25
1774805801632 50.8 26
1774805811640 48.2 27
1774805821651 48.8 28
1774805831661 55.2 29
1774805841669 50.7 30
1774805851676 51.9 31
1774805861686 51.1 32
1774805871698 60.8 33
1774805881706 61.0 34
1774805891714 59.5 35
1774805901723 54.2 36
1774805911733 57.5 37
1774805921744 59.6 38
1774805931759 72.1 39
1774805941768 44.9 40
1774805951776 53.0 41
1774805961789 52.0 42
1774805971798 58.9 43
1774805981806 50.9 44
1774805991814 56.0 45
1774806001829 49.2 46
1774806011837 53.2 47
1774806021848 50.7 48
1774806031856 47.0 49
1774806041869 53.6 50
1774806051878 62.2 51
1774806061885 49.0 52
1774806071902 51.1 53
1774806081912 54.9 54
1774806091923 52.5 55
1774806101938 50.5 56
1774806111957 55.3 57
1774806121965 51.7 58
1774806131973 50.7 59
1774806141981 51.1 60
1774806151993 52.1 61
1774806162007 55.5 62
1774806172019 51.6 63
1774806182029 57.3 64
1774806192038 45.9 65
1774806202047 54.7 66
1774806212056 49.4 67
1774806222065 49.9 68
1774806232075 52.3 69
1774806242084 52.9 70
1774806252092 52.9 71
1774806262100 51.2 72
1774806272114 51.6 73
1774806282126 51.3 74
1774806292139 60.8 75
1774806302154 61.9 76
1774806312170 68.7 77
1774806322179 58.6 78
1774806332188 52.6 79
1774806342202 50.1 80
1774806352217 52.6 81
1774806362225 50.7 82
1774806372238 50.8 83
1774806382247 51.8 84
1774806392255 52.0 85
1774806402264 60.4 86
1774806412273 50.8 87
1774806422283 52.6 88
1774806432298 62.3 89
1774806442313 66.4 90
