1774805541401 3213.3 0
1774805551409 3733.7 1
1774805561422 3826.3 2
1774805571429 3828.2 3
1774805581440 3835.3 4
1774805591447 3968.1 5
1774805601454 3849.7 6
1774805611461 3843.3 7
1774805621470 3840.4 8
1774805631480 3844.3 9
1774805641488 3842.3 10
1774805651496 3844.2 11
1774805661504 3854.9 12
1774805671513 3848.9 13
1774805681526 3846.9 14
1774805691539 3846.7 15
1774805701546 3841.0 16
1774805711555 3840.7 17
1774805721569 3894.1 18
1774805731577 3905.9 19
1774805741584 3848.4 20
1774805751592 3844.9 21
1774805761601 3871.2 22
1774805771609 3851.2 23
1774805781616 3852.1 24
1774805791624 3847.5 25
1774805801632 3850.4 26
1774805811640 3852.0 27
1774805821651 4142.2 28
1774805831661 3852.4 29
1774805841669 3862.0 30
1774805851676 3857.5 31
1774805861686 3842.0 32
1774805871698 3848.8 33
1774805881706 3842.5 34
1774805891714 3847.6 35
1774805901723 3850.0 36
1774805911733 3852.8 37
1774805921744 3857.4 38
1774805931759 3863.0 39
1774805941768 3859.6 40
1774805951776 4066.8 41
1774805961789 3852.5 42
1774805971798 3849.6 43
1774805981806 3847.3 44
1774805991814 3855.1 45
1774806001829 3853.0 46
1774806011837 3853.9 47
1774806021848 3858.7 48
1774806031856 3847.8 49
1774806041869 3859.6 50
1774806051878 3853.8 51
1774806061885 3857.4 52
1774806071902 3858.9 53
1774806081912 4006.1 54
1774806091923 3850.0 55
1774806101938 3853.8 56
1774806111957 3851.2 57
1774806121965 3857.7 58
1774806131973 3853.3 59
1774806141981 3852.4 60
1774806151993 3851.9 61
1774806162007 3856.6 62
1774806172019 3853.0 63
1774806182029 3852.1 64
1774806192038 3860.5 65
1774806202047 3855.7 66
1774806212056 3954.8 67
1774806222065 3851.7 68
1774806232075 3854.0 69
1774806242084 3841.7 70
1774806252092 3855.0 71
1774806262100 3853.7 72
1774806272114 3848.6 73
1774806282126 3849.2 74
1774806292139 3852.6 75
1774806302154 3859.0 76
1774806312170 4126.2 77
1774806322179 3860.3 78
1774806332188 3864.4 79
1774806342202 3852.2 80
1774806352217 3863.2 81
1774806362225 3853.9 82
1774806372238 3852.3 83
1774806382247 3859.3 84
1774806392255 3861.8 85
1774806402264 3854.9 86
1774806412273 3859.0 87
1774806422283 3858.2 88
1774806432298 3849.3 89
1774806442313 4087.7 90
