1774707315026 42.37095299363136 0
1774707315938 34.87556028366089 1
1774707316818 33.50613296031952 2
1774707317690 32.94155514240265 3
1774707318588 31.697754353284836 4
1774707319467 31.070034444332123 5
1774707320354 30.598623901605606 6
1774707321224 30.086689591407776 7
1774707322190 29.282984495162964 8
1774707323054 29.53481614589691 9
1774707323990 28.82026243209839 10
1774707324937 27.935419976711273 11
1774707325808 27.49702039361 12
1774707326681 27.166062653064728 13
1774707327564 26.46954670548439 14
1774707328481 25.30916279554367 15
1774707329364 25.696453332901 16
1774707330248 25.202484041452408 17
1774707331129 24.294136106967926 18
1774707332045 23.51778855919838 19
1774707332921 23.344191402196884 20
1774707333793 21.911094665527344 21
1774707334668 21.51848356425762 22
1774707335541 21.510652750730515 23
1774707336413 20.617389157414436 24
1774707337287 20.275230914354324 25
1774707338151 19.748257488012314 26
1774707339123 18.771881252527237 27
1774707340021 18.695532843470573 28
1774707340903 18.68840391933918 29
1774707341817 17.63211101293564 30
1774707342720 17.00813055038452 31
1774707343652 17.144616916775703 32
1774707344619 17.025967568159103 33
1774707345543 15.975014969706535 34
1774707346496 16.026025630533695 35
1774707347389 14.920602560043335 36
1774707348255 15.162478148937225 37
1774707349138 14.109429985284805 38
1774707350032 14.284053944051266 39
1774707350986 13.093097567558289 40
1774707351927 12.880898244678974 41
1774707352802 12.245242156088352 42
1774707353753 12.499092996120453 43
1774707354671 12.104251235723495 44
1774707355548 12.144282169640064 45
1774707356419 12.096832111477852 46
1774707357306 11.963522665202618 47
1774707358189 11.469825647771358 48
