1774388162791 1.0053818241516599 0
1774388163180 0.6887707782954704 1
1774388163728 0.6836116956948787 2
1774388164159 0.6458979662766376 3
1774388164574 0.6171279331532921 4
1774388165124 0.5890982227074943 5
1774388165535 0.5516705656141099 6
1774388166101 0.5095754417312973 7
1774388166519 0.4802354686591236 8
1774388166924 0.4411409157302098 9
1774388167698 0.41111985497582026 10
1774388168107 0.3828532089659242 11
1774388168516 0.36036558351418313 12
1774388169086 0.33768404480663966 13
1774388169462 0.3225209849972215 14
1774388169874 0.30569893910111 15
1774388170448 0.2873098348698965 16
1774388170823 0.2736790138829716 17
1774388171211 0.2613489302137332 18
1774388171775 0.25171190880476646 19
1774388172188 0.23780260820773486 20
