1774543381400 3.3206698894500732 0
1774543382271 1.8434137105941772 1
1774543383122 1.6760202646255493 2
1774543383971 1.5853620767593384 3
1774543384822 1.538792610168457 4
1774543385673 1.44904625415802 5
1774543386523 1.4008225202560425 6
1774543387376 1.3589192628860474 7
1774543388227 1.3157187700271606 8
1774543389079 1.2780693769454956 9
1774543389931 1.2375534772872925 10
1774543390824 1.1960309743881226 11
1774543391717 1.166613221168518 12
1774543392611 1.1316534280776978 13
1774543393506 1.1077255010604858 14
1774543394402 1.077043056488037 15
1774543395305 1.0477558374404907 16
1774543396178 1.0229558944702148 17
1774543397049 0.999891459941864 18
1774543397929 0.9771711230278015 19
1774543398833 0.9463282227516174 20
1774543399736 0.9260626435279846 21
1774543400640 0.9015635251998901 22
1774543401547 0.8838104009628296 23
1774543402449 0.8577578663825989 24
1774543403356 0.8397272229194641 25
1774543404259 0.8187695741653442 26
1774543405164 0.7992867827415466 27
1774543406079 0.7823799848556519 28
1774543406995 0.7616891860961914 29
1774543407906 0.7364785671234131 30
1774543408812 0.7188336253166199 31
1774543409719 0.7036168575286865 32
1774543410627 0.6867955327033997 33
1774543411536 0.6710464954376221 34
1774543412445 0.6487034559249878 35
1774543413355 0.6278531551361084 36
1774543414267 0.6175097227096558 37
1774543415177 0.6010783910751343 38
1774543416092 0.5857228636741638 39
1774543417004 0.5660667419433594 40
1774543417915 0.5470000505447388 41
1774543418828 0.5318480730056763 42
1774543419739 0.5194032788276672 43
1774543420653 0.5028927326202393 44
1774543421567 0.4879862070083618 45
1774543422481 0.47360101342201233 46
1774543423396 0.459357351064682 47
1774543424312 0.4413995146751404 48
1774543425226 0.42771822214126587 49
1774543426146 0.41696465015411377 50
1774543427033 0.40003877878189087 51
1774543427921 0.3883618414402008 52
1774543428815 0.3782382905483246 53
1774543429737 0.3627898693084717 54
1774543430662 0.3480589985847473 55
1774543431586 0.34062260389328003 56
1774543432477 0.32568803429603577 57
1774543433371 0.31402403116226196 58
1774543434263 0.30668097734451294 59
1774543435158 0.2937012314796448 60
1774543436049 0.28276532888412476 61
1774543436944 0.27299419045448303 62
1774543437839 0.2642398178577423 63
1774543438733 0.254488468170166 64
1774543439643 0.2440483272075653 65
1774543440548 0.23753809928894043 66
1774543441445 0.2306164801120758 67
1774543442341 0.21889348328113556 68
1774543443241 0.20751361548900604 69
1774543444138 0.20431049168109894 70
