1774185540275 16.791408360004425 0
1774185540554 13.971033960580826 1
1774185540831 11.873217850923538 2
1774185541106 10.036758542060852 3
1774185541383 8.419216230511665 4
1774185541656 7.059810772538185 5
1774185541932 5.875018015503883 6
1774185542213 4.979397237300873 7
1774185542501 4.314559519290924 8
1774185542786 3.956765204668045 9
1774185543067 3.184731550514698 10
1774185543358 2.4052229151129723 11
1774185543642 1.651458103209734 12
1774185543925 1.5715068187564611 13
1774185544207 1.4858590252697468 14
1774185544503 1.448116771876812 15
