1774131029172 0.08181693802161719 0
1774131029923 0.2629634696948967 1
1774131030863 0.38630455602681624 2
1774131031617 0.4913120809960323 3
1774131032371 0.5931043918456698 4
1774131033302 0.6646600082090574 5
1774131034246 0.70857846490628 6
1774131034993 0.7396360651251881 7
1774131035937 0.7613900670406348 8
1774131036672 0.7795868107812286 9
1774131037419 0.8007935422082364 10
1774131038305 0.8164591599398002 11
1774131039096 0.826173211109591 12
1774131040030 0.8425913257627582 13
1774131040937 0.8521001504993844 14
1774131041673 0.8662607743877412 15
1774131042439 0.8779586810781229 16
1774131043355 0.8848679709946641 17
1774131044089 0.8943083869202353 18
1774131044816 0.9026542618689287 19
1774131045893 0.9083321931864824 20
1774131046620 0.9142837597482556 21
1774131047354 0.9220823642085101 22
1774131048283 0.9240662197291011 23
1774131049020 0.9317964153783007 24
1774131049755 0.9359009440415925 25
1774131050538 0.9387741141058968 26
1774131051493 0.9420577370365303 27
1774131052376 0.9430154603912984 28
1774131053294 0.9494458886304556 29
1774131054080 0.9521822410726501 30
1774131054831 0.9535504172937475 31
1774131055793 0.9562183609248871 32
1774131056564 0.9599808455329046 33
1774131057342 0.9612806129429471 34
1774131058261 0.9640169653851416 35
1774131059186 0.9659324120946778 36
1774131059934 0.9655903680394035 37
1774131060866 0.9680530852373785 38
1774131061608 0.9705158024353536 39
1774131062364 0.9716103434122315 40
1774131063318 0.9722260227117253 41
1774131064248 0.974893966342865 42
1774131065003 0.9748255575318101 43
1774131065771 0.9762621425639623 44
1774131066718 0.9761937337529074 45
1774131067496 0.9761253249418526 46
