1774132687676 0.060955518945634266 0
1774132691848 0.1471718835804503 1
1774132695852 0.18176825919824272 2
1774132700069 0.2542559033498078 3
1774132704211 0.29983525535420097 4
1774132708251 0.33498077979132346 5
1774132712387 0.34980779791323446 6
1774132716519 0.414607358594179 7
1774132720652 0.4464579901153213 8
1774132724826 0.48489840746842394 9
1774132728966 0.4964305326743548 10
1774132733116 0.5332235035694673 11
1774132737248 0.5683690280065898 12
1774132741484 0.5842943437671609 13
1774132745499 0.6210873146622735 14
1774132749726 0.6254805052169138 15
1774132753805 0.6699615595826469 16
1774132757918 0.6814936847885777 17
1774132762094 0.6957715540911587 18
1774132766339 0.7089511257550797 19
1774132770558 0.7193849533223503 20
1774132774745 0.7386051619989017 21
1774132778691 0.771004942339374 22
1774132782887 0.800109829763866 23
1774132786936 0.7995606809445359 24
1774132791102 0.8077979132344866 25
1774132795204 0.8303130148270181 26
1774132799424 0.8478857770455793 27
1774132803605 0.85612300933553 28
1774132807695 0.8742449203734212 29
1774132811953 0.8764415156507414 30
1774132816164 0.8890719384953323 31
1774132820316 0.8769906644700713 32
1774132824487 0.8841295991213619 33
1774132828812 0.8023064250411862 34
1774132832896 0.8132894014277869 35
1774132837151 0.8599670510708401 36
