1774201546598 40.71740397810936 0
1774201547015 33.700691014528275 1
1774201547409 31.827246725559235 2
1774201547810 30.14429074525833 3
1774201548219 28.580237478017807 4
1774201548613 26.94796559214592 5
1774201549021 24.479766190052032 6
1774201549436 22.77019089460373 7
1774201549829 20.429543435573578 8
1774201550386 18.02167221903801 9
1774201550774 14.625281035900116 10
1774201551159 12.996646478772163 11
1774201551562 10.879874587059021 12
1774201552018 9.487846806645393 13
1774201552402 8.309069816023111 14
1774201552804 8.058975901454687 15
1774201553189 6.195536088198423 16
1774201553563 5.732131008058786 17
1774201553974 6.1958161778748035 18
