1774801573866 0.21925023943083868 0
1774801589172 0.44527295115610893 1
1774801604369 0.5230537693254891 2
1774801619487 0.5561636338760433 3
1774801634798 0.5820221644547817 4
1774801650111 0.6111643179641538 5
1774801665385 0.6292926528936927 6
1774801680771 0.6375017102202764 7
1774801696082 0.6492680257217129 8
1774801711372 0.6725954302914215 9
1774801726739 0.6699274866602818 10
1774801741985 0.6783417704200301 11
1774801757185 0.6844985634149678 12
1774801772589 0.6900396771104118 13
1774801787878 0.6976330551375017 14
1774801803202 0.7042687098098235 15
1774801818517 0.7073471063072924 16
1774801833862 0.6976330551375017 17
1774801849176 0.7175400191544671 18
1774801864551 0.7184977425092351 19
1774801879905 0.7306061020659461 20
1774801895189 0.7318374606649336 21
1774801910537 0.7342317690518538 22
1774801925797 0.7392940210699138 23
1774801941065 0.737173347927213 24
1774801956370 0.7490080722397044 25
1774801971787 0.7495553427281434 26
1774801987090 0.7527021480366671 27
1774802002391 0.7450403611985223 28
1774802017704 0.7581748529210562 29
1774802032958 0.7573539471883979 30
1774802048252 0.7592009850868792 31
1774802063541 0.7611164317964154 32
1774802078942 0.7676152688466275 33
1774802094284 0.7761663702284854 34
1774802109539 0.7722670679983582 35
1774802124828 0.7815022574907649 36
1774802140089 0.783417704200301 37
1774802155355 0.78143384867971 38
1774802170695 0.786974962375154 39
1774802186070 0.785469968531947 40
1774802201253 0.7901217676836777 41
1774802216627 0.7901217676836777 42
1774802231992 0.7891640443289095 43
1774802247247 0.7977151457107675 44
1774802262472 0.8007251333971815 45
1774802277751 0.8016828567519496 46
1774802293023 0.8036667122725407 47
1774802308310 0.8085921466684909 48
1774802323548 0.8018196743740594 49
1774802338857 0.8083869202353263 50
1774802354281 0.8076344233137228 51
1774802369384 0.8074976056916131 52
1774802384705 0.8129019017649474 53
1774802399978 0.8161855246955808 54
1774802415333 0.8166643863729648 55
1774802430586 0.8128334929538925 56
1774802446003 0.8167327951840198 57
1774802461289 0.822068682446299 58
1774802476725 0.8183746066493365 59
1774802491933 0.8224791353126283 60
1774802507290 0.807566014502668 61
1774802522487 0.8187850595156656 62
1774802537857 0.7025584895334519 63
1774802553125 0.7482555753181009 64
1774802568404 0.7650157340265427 65
1774802583803 0.7776029552606376 66
1774802599001 0.7809549870023259 67
1774802614367 0.7891640443289095 68
1774802629593 0.7935422082364209 69
1774802644879 0.8029826241619921 70
1774802660195 0.7980571897660419 71
1774802675586 0.8044192091941442 72
1774802690890 0.8096182788343138 73
