1774801573861 290.58201241493225 0
1774801589167 197.73787081241608 1
1774801604363 168.93341886997223 2
1774801619482 157.45188701152802 3
1774801634793 149.10031068325043 4
1774801650105 139.45784533023834 5
1774801665380 134.64417481422424 6
1774801680765 129.590381026268 7
1774801696077 127.12661617994308 8
1774801711366 120.68873989582062 9
1774801726733 120.49873423576355 10
1774801741980 117.06918579339981 11
1774801757179 114.90505909919739 12
1774801772583 112.41944432258606 13
1774801787872 109.72199285030365 14
1774801803196 107.19086450338364 15
1774801818512 106.48962074518204 16
1774801833856 111.2581102848053 17
1774801849170 103.40778517723083 18
1774801864545 101.75574851036072 19
1774801879899 97.46297812461853 20
1774801895183 99.54295647144318 21
1774801910531 96.75047916173935 22
1774801925790 94.61533957719803 23
1774801941058 94.05138769745827 24
1774801956363 90.99410510063171 25
1774801971780 90.33217623829842 26
1774801987083 88.59924107789993 27
1774802002384 92.24250537157059 28
1774802017698 87.07650351524353 29
1774802032951 87.9144257903099 30
1774802048245 87.29668116569519 31
1774802063534 86.38404101133347 32
1774802078935 83.40826031565666 33
1774802094277 81.38761162757874 34
1774802109532 82.62064921855927 35
1774802124821 78.91586571931839 36
1774802140082 78.70301362872124 37
1774802155348 78.58889818191528 38
1774802170688 77.93307736515999 39
1774802186063 77.22393941879272 40
1774802201246 76.33209905028343 41
1774802216619 74.48029899597168 42
1774802231984 74.50024685263634 43
1774802247233 73.03249132633209 44
1774802262464 71.61214327812195 45
1774802277743 70.69521844387054 46
1774802293015 70.20298624038696 47
1774802308297 68.28392213582993 48
1774802323540 70.69238477945328 49
1774802338849 68.4942190349102 50
1774802354272 68.85586041212082 51
1774802369376 68.02045658230782 52
1774802384697 66.10536029934883 53
1774802399970 66.31719785928726 54
1774802415325 65.79086336493492 55
1774802430577 66.88229045271873 56
1774802445994 65.21026185154915 57
1774802461281 63.70468854904175 58
1774802476716 66.31298851966858 59
1774802491924 63.67461442947388 60
1774802507281 68.89353683590889 61
1774802522478 64.26550596952438 62
1774802537848 109.97123783826828 63
1774802553116 91.51809856295586 64
1774802568395 83.93212047219276 65
1774802583794 79.15221074223518 66
1774802598992 77.80931270122528 67
1774802614358 75.55332002043724 68
1774802629584 74.34461551904678 69
1774802644870 70.72995784878731 70
1774802660185 72.63198581337929 71
1774802675576 69.83972805738449 72
1774802690881 68.05769699811935 73
