1774544134563 0.5078173858661663 0
1774544134900 0.4993746091307067 1
1774544135215 0.5112570356472795 2
1774544135722 0.5078173858661663 3
1774544136043 0.49906191369606 4
1774544136367 0.5003126954346466 5
1774544136690 0.4981238273921201 6
1774544137133 0.4981238273921201 7
1774544137437 0.4965603502188868 8
1774544137753 0.4987492182614134 9
1774544138230 0.49906191369606 10
1774544138569 0.4996873045653533 11
1774544139069 0.5 12
1774544139374 0.50093808630394 13
1774544139845 0.4996873045653533 14
1774544140183 0.5078173858661663 15
1774544140502 0.5988117573483427 16
1774544140810 0.6153846153846154 17
1774544141302 0.7629768605378362 18
1774544141622 0.7861163227016885 19
1774544141982 0.8089430894308943 20
1774544142311 0.8176985616010006 21
1774544142790 0.8058161350844277 22
1774544143163 0.8298936835522202 23
1774544143509 0.8658536585365854 24
1774544143867 0.8730456535334584 25
1774544144500 0.8811757348342715 26
1774544144873 0.8821138211382114 27
1774544145224 0.8921200750469043 28
1774544145720 0.8921200750469043 29
1774544146062 0.9049405878674172 30
1774544146405 0.9180737961225766 31
1774544146760 0.9287054409005628 32
1774544147243 0.9274546591619762 33
1774544147596 0.9299562226391495 34
1774544147948 0.9377736085053158 35
1774544148322 0.9396497811131957 36
