1773958418933 0.5111006879299562 0
1773958419434 0.5456535334584115 1
1773958419749 0.6868355222013759 2
1773958420134 0.6153846153846154 3
1773958420592 0.7701688555347092 4
1773958420929 0.798311444652908 5
1773958421278 0.8377110694183865 6
1773958421764 0.8674171357098186 7
1773958422150 0.8952470293933709 8
1773958422490 0.9165103189493433 9
1773958422952 0.9348030018761726 10
1773958423289 0.9510631644777986 11
1773958423605 0.9651344590368981 12
1773958424083 0.967948717948718 13
1773958424585 0.9785803627267042 14
1773958424922 0.9807692307692307 15
1773958425403 0.9859287054409006 16
1773958425728 0.9820200125078173 17
1773958426055 0.9874921826141339 18
1773958426535 0.9898373983739838 19
1773958426860 0.9903064415259537 20
1773958427188 0.9909318323952471 21
