1774272044118 0.274866602818443 0
1774272063472 0.5090983718702969 1
1774272082730 0.5984402791079491 2
1774272102020 0.6470789437679573 3
1774272121221 0.6907921740320153 4
1774272140424 0.7175400191544671 5
1774272159588 0.7442878642769188 6
1774272178788 0.7645368723491586 7
1774272197805 0.7841702011219045 8
1774272217029 0.8008619510192913 9
1774272236242 0.809071008345875 10
1774272255452 0.822615952934738 11
1774272274504 0.835682035846217 12
1774272293742 0.8499794773566836 13
1774272312950 0.8629771514571076 14
1774272332175 0.8622246545355041 15
1774272351293 0.8827472978519634 16
1774272370564 0.892461349021754 17
1774272389825 0.8976604186619237 18
1774272408992 0.9073744698317143 19
1774272428320 0.9071008345874949 20
1774272447489 0.9073744698317143 21
1774272466689 0.9212614584758517 22
1774272485989 0.9300177862908743 23
1774272505135 0.9310439184566972 24
1774272524439 0.9324805034888494 25
1774272543743 0.9361061704747572 26
1774272562964 0.9455465864003284 27
1774272582206 0.9404159255712136 28
1774272601414 0.9408263784375428 29
1774272620519 0.9458886304556027 30
1774272639839 0.9434943220686824 31
1774272659094 0.9474620331098645 32
1774272678483 0.955260637570119 33
1774272697436 0.9670953618826105 34
1774272716598 0.9536872349158572 35
1774272735802 0.9545765494595704 36
1774272754965 0.9673689971268299 37
1774272774185 0.9632644684635381 38
1774272793377 0.968805582158982 39
1774272812635 0.9740046517991517 40
1774272831890 0.9757148720755233 41
1774272851037 0.9768778218634561 42
1774272870179 0.9672321795047202 43
1774272889431 0.9716787522232864 44
