1767881221196 0.7988589406013489 0
1767881221913 0.47357597947120667 1
1767881222650 0.41766831278800964 2
1767881223393 0.3821837604045868 3
1767881224368 0.3603421449661255 4
1767881225106 0.34512296319007874 5
1767881225832 0.33142074942588806 6
1767881226567 0.31875941157341003 7
1767881227298 0.3089488446712494 8
1767881228008 0.2986021339893341 9
1767881228735 0.2903306186199188 10
1767881229709 0.28029799461364746 11
1767881230451 0.2716674506664276 12
1767881231199 0.2628856301307678 13
1767881231951 0.25411590933799744 14
1767881232692 0.24628356099128723 15
1767881233444 0.23829427361488342 16
1767881234202 0.22995735704898834 17
1767881234948 0.22110137343406677 18
1767881235684 0.21360176801681519 19
1767881236425 0.2055772989988327 20
1767881237171 0.1980762481689453 21
1767881237914 0.1904890090227127 22
1767881238684 0.18272390961647034 23
1767881239430 0.1761108785867691 24
1767881240297 0.1688101887702942 25
1767881241057 0.16156445443630219 26
1767881241794 0.15440942347049713 27
1767881242540 0.14866343140602112 28
1767881243296 0.1422552466392517 29
1767881244051 0.13618850708007812 30
1767881244808 0.13050870597362518 31
1767881245691 0.12514275312423706 32
1767881246449 0.11902076005935669 33
1767881247208 0.11430288851261139 34
