1774130229916 0.05356409905595841 0
1774130230886 0.5152551648652346 1
1774130231860 0.65077301956492 2
1774130232802 0.6500205226433164 3
1774130233780 0.6870980982350526 4
1774130234723 0.718087289642906 5
1774130235667 0.7543439595019839 6
1774130236614 0.7687098098235052 7
1774130237560 0.771377753454645 8
1774130238509 0.7769872759611438 9
1774130239496 0.7955944725680668 10
1774130240452 0.8072923792584484 11
1774130241408 0.8168696128061295 12
1774130242366 0.8142016691749897 13
1774130243327 0.8254891229990423 14
1774130244286 0.8285675194965112 15
1774130245245 0.8362977151457107 16
1774130246206 0.8439595019838555 17
1774130247170 0.8456013134491722 18
1774130248136 0.8522369681214941 19
1774130249110 0.8557258174852921 20
1774130250075 0.8608564783144069 21
1774130251038 0.8661239567656314 22
1774130252002 0.8685182651525516 23
1774130252970 0.8770009577233547 24
