1774701698485 5.5 0
1774701708496 100.4 1
1774701718503 86.8 2
1774701728515 77.2 3
1774701738525 95.2 4
1774701748534 67.0 5
1774701758541 84.1 6
1774701768553 78.0 7
1774701778559 75.9 8
1774701788572 73.3 9
1774701798581 82.8 10
1774701808590 80.6 11
1774701818597 78.4 12
1774701828608 74.9 13
1774701838615 77.4 14
1774701848624 85.6 15
1774701858634 86.8 16
1774701868643 72.6 17
1774701878652 100.1 18
1774701888664 105.7 19
1774701898675 78.9 20
1774701908684 95.2 21
1774701918697 79.1 22
1774701928705 84.2 23
1774701938713 76.3 24
1774701948721 95.1 25
1774701958730 79.5 26
1774701968740 91.8 27
1774701978747 74.8 28
1774701988757 72.1 29
1774701998766 80.5 30
1774702008773 67.1 31
1774702018784 89.3 32
1774702028796 96.0 33
1774702038811 92.4 34
1774702048819 68.1 35
1774702058832 78.4 36
1774702068844 86.7 37
1774702078851 84.7 38
1774702088859 73.5 39
1774702098870 66.3 40
1774702108886 84.9 41
1774702118896 96.1 42
1774702128904 97.7 43
1774702138915 83.0 44
1774702148924 85.5 45
1774702158937 79.3 46
1774702168945 79.3 47
1774702178953 76.7 48
1774702188969 88.7 49
1774702198979 98.5 50
1774702208987 91.9 51
1774702219002 80.8 52
1774702229010 79.0 53
1774702239019 81.0 54
1774702249030 81.3 55
1774702259039 79.3 56
1774702269047 79.2 57
1774702279055 78.4 58
1774702289064 72.5 59
1774702299072 79.3 60
1774702309083 75.9 61
1774702319092 76.5 62
1774702329102 80.2 63
1774702339112 81.8 64
1774702349121 73.8 65
1774702359132 79.6 66
1774702369145 62.5 67
1774702379164 103.8 68
1774702389174 79.1 69
1774702399184 99.4 70
1774702409205 93.4 71
1774702419213 85.4 72
1774702429227 78.5 73
1774702439237 78.4 74
1774702449248 89.0 75
1774702459259 90.5 76
