1774701698485 0.0 0
1774701708496 91.0 1
1774701718503 94.0 2
1774701728515 90.0 3
1774701738525 93.0 4
1774701748534 82.0 5
1774701758541 94.0 6
1774701768553 93.0 7
1774701778559 94.0 8
1774701788572 93.0 9
1774701798581 91.0 10
1774701808590 92.0 11
1774701818597 91.0 12
1774701828608 94.0 13
1774701838615 94.0 14
1774701848624 94.0 15
1774701858634 93.0 16
1774701868643 94.0 17
1774701878652 94.0 18
1774701888664 92.0 19
1774701898675 94.0 20
1774701908684 94.0 21
1774701918697 94.0 22
1774701928705 80.0 23
1774701938713 91.0 24
1774701948721 91.0 25
1774701958730 94.0 26
1774701968740 94.0 27
1774701978747 90.0 28
1774701988757 92.0 29
1774701998766 91.0 30
1774702008773 92.0 31
1774702018784 93.0 32
1774702028796 91.0 33
1774702038811 92.0 34
1774702048819 93.0 35
1774702058832 93.0 36
1774702068844 94.0 37
1774702078851 92.0 38
1774702088859 93.0 39
1774702098870 94.0 40
1774702108886 79.0 41
1774702118896 93.0 42
1774702128904 94.0 43
1774702138915 93.0 44
1774702148924 94.0 45
1774702158937 92.0 46
1774702168945 94.0 47
1774702178953 92.0 48
1774702188969 93.0 49
1774702198979 91.0 50
1774702208987 91.0 51
1774702219002 92.0 52
1774702229010 94.0 53
1774702239019 94.0 54
1774702249030 93.0 55
1774702259039 94.0 56
1774702269047 93.0 57
1774702279055 92.0 58
1774702289064 94.0 59
1774702299072 92.0 60
1774702309083 94.0 61
1774702319092 94.0 62
1774702329102 91.0 63
1774702339112 92.0 64
1774702349121 92.0 65
1774702359132 91.0 66
1774702369145 94.0 67
1774702379164 93.0 68
1774702389174 95.0 69
1774702399184 92.0 70
1774702409205 92.0 71
1774702419213 94.0 72
1774702429227 94.0 73
1774702439237 94.0 74
1774702449248 94.0 75
1774702459259 94.0 76
