1768613821350 19.0 0
1768613831365 85.6 1
1768613841372 75.2 2
1768613851381 51.1 3
1768613861397 68.5 4
1768613871411 111.3 5
1768613881421 98.5 6
1768613891429 66.1 7
1768613901438 56.5 8
1768613911446 56.1 9
1768613921453 50.3 10
1768613931461 67.5 11
1768613941476 58.2 12
1768613951483 63.4 13
1768613961492 63.9 14
1768613971500 58.8 15
1768613981511 65.6 16
1768613991518 60.5 17
1768614001526 50.6 18
1768614011536 120.6 19
1768614021544 52.7 20
1768614031551 63.6 21
1768614041559 114.9 22
1768614051573 70.5 23
1768614061585 71.1 24
1768614071597 75.7 25
1768614081604 77.0 26
1768614091623 88.8 27
1768614101631 53.5 28
1768614111638 94.0 29
1768614121646 75.5 30
1768614131675 82.8 31
1768614141693 46.3 32
1768614151702 61.3 33
1768614161730 92.8 34
1768614171745 70.2 35
1768614181753 56.8 36
1768614191761 84.6 37
1768614201769 64.5 38
1768614211779 58.2 39
1768614221793 117.4 40
1768614231806 76.3 41
1768614241815 66.0 42
1768614251829 67.5 43
1768614261846 71.9 44
1768614271860 107.9 45
1768614281868 75.0 46
1768614291876 105.4 47
1768614301884 53.5 48
1768614311892 63.0 49
1768614321900 91.7 50
1768614331915 68.0 51
1768614341923 57.8 52
1768614351944 61.3 53
1768614361962 69.8 54
1768614371972 74.5 55
1768614381980 96.4 56
1768614391993 74.5 57
1768614402005 76.8 58
1768614412014 54.9 59
1768614422034 105.7 60
1768614432042 67.9 61
1768614442051 68.7 62
1768614452060 89.5 63
1768614462069 60.7 64
1768614472080 76.0 65
1768614482105 73.2 66
1768614492113 58.7 67
1768614502130 57.4 68
1768614512144 72.3 69
1768614522153 72.3 70
1768614532161 55.2 71
1768614542179 66.4 72
1768614552188 53.8 73
1768614562203 58.0 74
1768614572239 67.9 75
1768614582259 72.3 76
1768614592268 61.6 77
1768614602281 54.7 78
1768614612294 76.6 79
1768614622309 102.4 80
1768614632318 64.3 81
1768614642331 62.2 82
1768614652340 47.4 83
1768614662349 49.6 84
1768614672363 62.5 85
1768614682381 105.9 86
1768614692408 100.6 87
1768614702418 61.5 88
1768614712440 103.0 89
1768614722449 48.8 90
1768614732458 55.5 91
1768614742468 66.4 92
1768614752477 73.0 93
1768614762594 116.8 94
