1768613821350 28.6 0
1768613831365 129.2 1
1768613841372 113.6 2
1768613851381 77.2 3
1768613861397 103.4 4
1768613871411 168.1 5
1768613881421 148.7 6
1768613891429 99.8 7
1768613901438 85.4 8
1768613911446 84.6 9
1768613921453 75.9 10
1768613931461 102.0 11
1768613941476 87.9 12
1768613951483 95.7 13
1768613961492 96.4 14
1768613971500 88.8 15
1768613981511 99.1 16
1768613991518 91.3 17
1768614001526 76.4 18
1768614011536 182.1 19
1768614021544 79.6 20
1768614031551 96.1 21
1768614041559 173.5 22
1768614051573 106.4 23
1768614061585 107.4 24
1768614071597 114.3 25
1768614081604 116.2 26
1768614091623 134.1 27
1768614101631 80.7 28
1768614111638 142.0 29
1768614121646 114.0 30
1768614131675 125.0 31
1768614141693 70.0 32
1768614151702 92.6 33
1768614161730 140.2 34
1768614171745 106.0 35
1768614181753 85.8 36
1768614191761 127.7 37
1768614201769 97.3 38
1768614211779 87.9 39
1768614221793 177.3 40
1768614231806 115.2 41
1768614241815 99.6 42
1768614251829 101.9 43
1768614261846 108.6 44
1768614271860 162.9 45
1768614281868 113.2 46
1768614291876 159.2 47
1768614301884 80.8 48
1768614311892 95.2 49
1768614321900 138.5 50
1768614331915 102.7 51
1768614341923 87.3 52
1768614351944 92.5 53
1768614361962 105.4 54
1768614371972 112.5 55
1768614381980 145.6 56
1768614391993 112.4 57
1768614402005 116.0 58
1768614412014 82.8 59
1768614422034 159.6 60
1768614432042 102.5 61
1768614442051 103.8 62
1768614452060 135.2 63
1768614462069 91.6 64
1768614472080 114.7 65
1768614482105 110.5 66
1768614492113 88.6 67
1768614502130 86.6 68
1768614512144 109.1 69
1768614522153 109.1 70
1768614532161 83.3 71
1768614542179 100.2 72
1768614552188 81.3 73
1768614562203 87.6 74
1768614572239 102.5 75
1768614582259 109.1 76
1768614592268 93.1 77
1768614602281 82.6 78
1768614612294 115.7 79
1768614622309 154.6 80
1768614632318 97.1 81
1768614642331 94.0 82
1768614652340 71.5 83
1768614662349 74.9 84
1768614672363 94.3 85
1768614682381 159.9 86
1768614692408 151.9 87
1768614702418 92.9 88
1768614712440 155.5 89
1768614722449 73.8 90
1768614732458 83.9 91
1768614742468 100.2 92
1768614752477 110.2 93
1768614762594 176.3 94
