1768613821350 3.9 0
1768613831365 46.0 1
1768613841372 46.0 2
1768613851381 46.0 3
1768613861397 46.0 4
1768613871411 46.0 5
1768613881421 46.0 6
1768613891429 46.0 7
1768613901438 46.0 8
1768613911446 46.0 9
1768613921453 46.0 10
1768613931461 46.0 11
1768613941476 46.0 12
1768613951483 46.0 13
1768613961492 46.0 14
1768613971500 46.0 15
1768613981511 46.0 16
1768613991518 46.0 17
1768614001526 46.0 18
1768614011536 46.0 19
1768614021544 46.0 20
1768614031551 46.0 21
1768614041559 46.0 22
1768614051573 46.0 23
1768614061585 46.0 24
1768614071597 46.0 25
1768614081604 46.0 26
1768614091623 46.0 27
1768614101631 46.0 28
1768614111638 46.0 29
1768614121646 46.0 30
1768614131675 46.0 31
1768614141693 46.0 32
1768614151702 46.0 33
1768614161730 46.0 34
1768614171745 46.0 35
1768614181753 46.0 36
1768614191761 46.0 37
1768614201769 46.0 38
1768614211779 46.0 39
1768614221793 46.0 40
1768614231806 46.0 41
1768614241815 46.0 42
1768614251829 46.0 43
1768614261846 46.0 44
1768614271860 46.0 45
1768614281868 46.0 46
1768614291876 46.0 47
1768614301884 46.0 48
1768614311892 46.0 49
1768614321900 46.0 50
1768614331915 46.0 51
1768614341923 46.0 52
1768614351944 46.0 53
1768614361962 46.0 54
1768614371972 46.0 55
1768614381980 46.0 56
1768614391993 46.0 57
1768614402005 46.0 58
1768614412014 46.0 59
1768614422034 46.0 60
1768614432042 46.0 61
1768614442051 46.0 62
1768614452060 46.0 63
1768614462069 46.0 64
1768614472080 46.0 65
1768614482105 46.0 66
1768614492113 46.0 67
1768614502130 46.0 68
1768614512144 46.0 69
1768614522153 46.0 70
1768614532161 46.0 71
1768614542179 46.0 72
1768614552188 46.0 73
1768614562203 46.0 74
1768614572239 46.0 75
1768614582259 46.0 76
1768614592268 46.0 77
1768614602281 46.0 78
1768614612294 46.0 79
1768614622309 46.0 80
1768614632318 46.0 81
1768614642331 46.4 82
1768614652340 46.4 83
1768614662349 46.4 84
1768614672363 46.4 85
1768614682381 46.4 86
1768614692408 46.4 87
1768614702418 46.4 88
1768614712440 46.4 89
1768614722449 46.4 90
1768614732458 46.4 91
1768614742468 46.4 92
1768614752477 46.4 93
1768614762594 46.4 94
