1768613821350 2.0 0
1768613831365 99.0 1
1768613841372 99.0 2
1768613851381 100.0 3
1768613861397 99.0 4
1768613871411 99.0 5
1768613881421 99.0 6
1768613891429 100.0 7
1768613901438 99.0 8
1768613911446 100.0 9
1768613921453 99.0 10
1768613931461 99.0 11
1768613941476 99.0 12
1768613951483 99.0 13
1768613961492 100.0 14
1768613971500 99.0 15
1768613981511 99.0 16
1768613991518 100.0 17
1768614001526 99.0 18
1768614011536 99.0 19
1768614021544 99.0 20
1768614031551 99.0 21
1768614041559 99.0 22
1768614051573 100.0 23
1768614061585 99.0 24
1768614071597 99.0 25
1768614081604 100.0 26
1768614091623 99.0 27
1768614101631 100.0 28
1768614111638 99.0 29
1768614121646 99.0 30
1768614131675 99.0 31
1768614141693 99.0 32
1768614151702 99.0 33
1768614161730 100.0 34
1768614171745 99.0 35
1768614181753 99.0 36
1768614191761 99.0 37
1768614201769 99.0 38
1768614211779 100.0 39
1768614221793 99.0 40
1768614231806 99.0 41
1768614241815 99.0 42
1768614251829 99.0 43
1768614261846 99.0 44
1768614271860 100.0 45
1768614281868 99.0 46
1768614291876 99.0 47
1768614301884 99.0 48
1768614311892 99.0 49
1768614321900 92.0 50
1768614331915 99.0 51
1768614341923 100.0 52
1768614351944 99.0 53
1768614361962 100.0 54
1768614371972 100.0 55
1768614381980 99.0 56
1768614391993 99.0 57
1768614402005 99.0 58
1768614412014 99.0 59
1768614422034 99.0 60
1768614432042 99.0 61
1768614442051 99.0 62
1768614452060 99.0 63
1768614462069 99.0 64
1768614472080 99.0 65
1768614482105 100.0 66
1768614492113 99.0 67
1768614502130 99.0 68
1768614512144 99.0 69
1768614522153 99.0 70
1768614532161 99.0 71
1768614542179 100.0 72
1768614552188 99.0 73
1768614562203 99.0 74
1768614572239 99.0 75
1768614582259 99.0 76
1768614592268 99.0 77
1768614602281 99.0 78
1768614612294 99.0 79
1768614622309 99.0 80
1768614632318 99.0 81
1768614642331 99.0 82
1768614652340 100.0 83
1768614662349 99.0 84
1768614672363 99.0 85
1768614682381 99.0 86
1768614692408 100.0 87
1768614702418 99.0 88
1768614712440 99.0 89
1768614722449 99.0 90
1768614732458 99.0 91
1768614742468 99.0 92
1768614752477 99.0 93
1768614762594 99.0 94
