1774576175252 0.0 0
1774576185267 94.0 1
1774576195277 94.0 2
1774576205298 97.0 3
1774576215306 94.0 4
1774576225312 97.0 5
1774576235319 82.0 6
1774576245326 95.0 7
1774576255333 94.0 8
1774576265340 94.0 9
1774576275347 97.0 10
1774576285354 94.0 11
1774576295362 93.0 12
1774576305371 97.0 13
1774576315378 99.0 14
1774576325387 95.0 15
1774576335394 93.0 16
1774576345403 94.0 17
1774576355416 99.0 18
1774576365426 96.0 19
1774576375433 94.0 20
1774576385441 94.0 21
1774576395449 98.0 22
1774576405469 96.0 23
1774576415478 94.0 24
1774576425489 99.0 25
1774576435503 94.0 26
1774576445515 97.0 27
1774576455522 94.0 28
1774576465530 93.0 29
1774576475537 94.0 30
1774576485549 94.0 31
1774576495556 94.0 32
1774576505564 99.0 33
1774576515576 98.0 34
1774576525589 94.0 35
1774576535597 94.0 36
1774576545605 94.0 37
1774576555615 96.0 38
1774576565622 94.0 39
1774576575636 97.0 40
1774576585643 98.0 41
1774576595662 95.0 42
1774576605669 93.0 43
1774576615677 94.0 44
1774576625688 96.0 45
1774576635696 97.0 46
1774576645709 94.0 47
1774576655717 94.0 48
1774576665725 94.0 49
1774576675733 94.0 50
1774576685743 94.0 51
1774576695755 94.0 52
1774576705764 96.0 53
1774576715771 96.0 54
1774576725779 99.0 55
1774576735796 94.0 56
1774576745810 97.0 57
1774576755819 95.0 58
1774576765828 97.0 59
1774576775842 97.0 60
1774576785856 97.0 61
1774576795883 98.0 62
1774576805896 97.0 63
1774576815905 96.0 64
1774576825913 98.0 65
1774576835922 94.0 66
1774576845938 94.0 67
1774576855953 99.0 68
1774576865962 94.0 69
1774576875970 96.0 70
1774576885983 88.0 71
1774576895992 94.0 72
1774576906008 94.0 73
1774576916018 99.0 74
1774576926031 94.0 75
1774576936045 98.0 76
1774576946057 98.0 77
1774576956071 99.0 78
1774576966081 99.0 79
1774576976090 94.0 80
1774576986099 93.0 81
1774576996108 94.0 82
1774577006118 95.0 83
1774577016127 94.0 84
1774577026136 99.0 85
1774577036151 93.0 86
1774577046161 95.0 87
1774577056169 97.0 88
1774577066178 97.0 89
1774577076194 94.0 90
1774577086218 96.0 91
1774577096231 96.0 92
1774577106239 96.0 93
1774577116248 99.0 94
1774577126263 95.0 95
1774577136273 94.0 96
1774577146285 99.0 97
1774577156295 98.0 98
1774577166307 94.0 99
1774577176318 96.0 100
1774577186328 94.0 101
1774577196340 97.0 102
1774577206358 97.0 103
1774577216375 99.0 104
1774577226387 98.0 105
1774577236403 94.0 106
1774577246413 95.0 107
1774577256423 99.0 108
1774577266435 93.0 109
1774577276444 98.0 110
1774577286454 96.0 111
1774577296463 95.0 112
1774577306472 98.0 113
1774577316484 97.0 114
1774577326493 95.0 115
1774577336509 96.0 116
1774577346518 97.0 117
1774577356531 99.0 118
1774577366542 96.0 119
1774577376555 97.0 120
1774577386565 99.0 121
1774577396574 94.0 122
1774577406585 97.0 123
1774577416598 94.0 124
1774577426613 96.0 125
1774577436625 94.0 126
1774577446646 94.0 127
1774577456657 94.0 128
1774577466668 96.0 129
1774577476680 94.0 130
1774577486695 96.0 131
1774577496705 94.0 132
1774577506714 96.0 133
1774577516723 94.0 134
1774577526734 97.0 135
1774577536745 88.0 136
1774577546758 95.0 137
1774577556774 94.0 138
1774577566794 86.0 139
1774577576804 99.0 140
1774577586818 94.0 141
