1774576175252 1.6 0
1774576185267 15.5 1
1774576195277 17.5 2
1774576205298 19.7 3
1774576215306 19.7 4
1774576225312 19.7 5
1774576235319 19.7 6
1774576245326 19.7 7
1774576255333 19.7 8
1774576265340 22.0 9
1774576275347 22.0 10
1774576285354 24.3 11
1774576295362 24.3 12
1774576305371 24.3 13
1774576315378 24.3 14
1774576325387 24.3 15
1774576335394 24.3 16
1774576345403 24.3 17
1774576355416 24.3 18
1774576365426 24.3 19
1774576375433 24.4 20
1774576385441 24.4 21
1774576395449 24.4 22
1774576405469 24.4 23
1774576415478 24.4 24
1774576425489 24.4 25
1774576435503 24.4 26
1774576445515 24.4 27
1774576455522 24.4 28
1774576465530 24.4 29
1774576475537 24.4 30
1774576485549 24.4 31
1774576495556 24.4 32
1774576505564 24.4 33
1774576515576 24.4 34
1774576525589 24.4 35
1774576535597 24.4 36
1774576545605 24.4 37
1774576555615 24.4 38
1774576565622 24.4 39
1774576575636 24.4 40
1774576585643 24.4 41
1774576595662 24.4 42
1774576605669 24.4 43
1774576615677 24.4 44
1774576625688 24.4 45
1774576635696 24.4 46
1774576645709 24.4 47
1774576655717 24.4 48
1774576665725 24.4 49
1774576675733 24.4 50
1774576685743 24.4 51
1774576695755 24.4 52
1774576705764 24.4 53
1774576715771 24.4 54
1774576725779 24.4 55
1774576735796 24.4 56
1774576745810 24.4 57
1774576755819 24.4 58
1774576765828 24.4 59
1774576775842 24.4 60
1774576785856 24.4 61
1774576795883 24.4 62
1774576805896 24.4 63
1774576815905 24.4 64
1774576825913 24.4 65
1774576835922 24.4 66
1774576845938 24.4 67
1774576855953 24.4 68
1774576865962 24.4 69
1774576875970 24.4 70
1774576885983 26.8 71
1774576895992 26.8 72
1774576906008 26.8 73
1774576916018 26.8 74
1774576926031 26.8 75
1774576936045 26.8 76
1774576946057 26.8 77
1774576956071 26.8 78
1774576966081 26.8 79
1774576976090 26.8 80
1774576986099 26.8 81
1774576996108 26.8 82
1774577006118 26.8 83
1774577016127 26.8 84
1774577026136 26.8 85
1774577036151 26.8 86
1774577046161 26.8 87
1774577056169 26.8 88
1774577066178 26.8 89
1774577076194 26.8 90
1774577086218 26.8 91
1774577096231 26.8 92
1774577106239 26.8 93
1774577116248 26.8 94
1774577126263 26.8 95
1774577136273 26.8 96
1774577146285 26.8 97
1774577156295 26.8 98
1774577166307 26.8 99
1774577176318 26.8 100
1774577186328 26.8 101
1774577196340 26.8 102
1774577206358 26.8 103
1774577216375 26.8 104
1774577226387 26.8 105
1774577236403 26.8 106
1774577246413 26.8 107
1774577256423 26.8 108
1774577266435 26.8 109
1774577276444 26.8 110
1774577286454 26.8 111
1774577296463 26.8 112
1774577306472 26.8 113
1774577316484 26.8 114
1774577326493 26.8 115
1774577336509 26.8 116
1774577346518 26.8 117
1774577356531 26.8 118
1774577366542 26.8 119
1774577376555 26.8 120
1774577386565 29.2 121
1774577396574 29.2 122
1774577406585 29.2 123
1774577416598 29.2 124
1774577426613 29.2 125
1774577436625 29.2 126
1774577446646 29.2 127
1774577456657 29.2 128
1774577466668 29.2 129
1774577476680 29.2 130
1774577486695 29.2 131
1774577496705 29.2 132
1774577506714 29.2 133
1774577516723 29.2 134
1774577526734 29.2 135
1774577536745 29.2 136
1774577546758 29.2 137
1774577556774 29.2 138
1774577566794 29.2 139
1774577576804 29.2 140
1774577586818 29.2 141
