1773972247707 0.5202488554994718 0
1773972247851 0.7728606643972297 1
1773972247985 0.7901162108228665 2
1773972248120 0.801854677779082 3
1773972248254 0.8087803732832493 4
1773972248390 0.8164103768047893 5
1773972248527 0.8199319168916539 6
1773972248665 0.827561920413194 7
1773972248812 0.8361310012912314 8
1773972248958 0.8387134640215987 9
1773972249097 0.8420002347693392 10
1773972249235 0.8459913135344524 11
1773972249372 0.8527996243690574 12
1773972249510 0.8552647024298626 13
1773972249649 0.858551473177603 14
1773972249789 0.8631294752905271 15
1773972249931 0.8689987087686348 16
1773972250071 0.8674727080643267 17
1773972250210 0.8704073248033807 18
1773972250348 0.8751027115858668 19
1773972250486 0.8768634816292992 20
1773972250630 0.8799154830379152 21
1773972250769 0.8819110224204719 22
1773972250911 0.883554407794342 23
