1774812307191 0.847732290206215 0
1774812307683 0.7018938971505156 1
1774812308348 0.6925781285337839 2
1774812308856 0.6847370307172664 3
1774812309352 0.6699451417234109 4
1774812309983 0.65559052582306 5
1774812310483 0.6506056552980004 6
1774812311168 0.6525385206456927 7
1774812311667 0.6436472191819554 8
1774812312152 0.6320002005203132 9
1774812313034 0.6233812817713109 10
1774812313540 0.6131703275453306 11
1774812314048 0.6202739338490126 12
1774812314689 0.6143199927811327 13
1774812315179 0.6011513822745204 14
1774812315687 0.6155414340867335 15
1774812316375 0.5934697481302115 16
1774812316861 0.5872547526967906 17
1774812317372 0.5796646058671246 18
1774812318058 0.581266743939992 19
1774812318567 0.5819217005769038 20
1774812319094 0.5709568195003059 21
1774812319777 0.5716959828507386 22
1774812320425 0.5722044291460492 23
1774812320956 0.5794774711020221 24
1774812321647 0.5616037276403989 25
1774812322157 0.5626372678194888 26
1774812322679 0.5613731999110997 27
1774812323394 0.5618632421260927 28
1774812323913 0.5545976607034623 29
1774812324443 0.5489014522443345 30
1774812325138 0.5489903019695748 31
1774812325671 0.5508697457877154 32
1774812326191 0.5521889677861842 33
1774812326866 0.5528281082802821 34
1774812327391 0.5445353282549145 35
1774812327930 0.5418469021289031 36
1774812328762 0.53580671738952 37
1774812329287 0.5365483933049787 38
1774812329798 0.5347435473277466 39
1774812330472 0.5370278328265751 40
1774812330986 0.5342083632610528 41
1774812331500 0.5356045661679352 42
1774812332151 0.5284046641433887 43
1774812332665 0.528108083620304 44
1774812333364 0.5325107378762838 45
1774812333891 0.5240799943456954 46
1774812334408 0.5301921082482329 47
1774812335108 0.5242880840015233 48
1774812335655 0.529491958989435 49
1774812336201 0.5271109471177965 50
1774812336873 0.5224484320429431 51
1774812337583 0.522391774640969 52
1774812338085 0.5201702465706873 53
1774812338817 0.5117882163618563 54
1774812339357 0.5112484583376049 55
1774812339896 0.5072297069189919 56
1774812340612 0.5083783779985238 57
1774812341161 0.5113625408449047 58
1774812341695 0.5041904697163244 59
1774812342230 0.5141537157053349 60
1774812342931 0.5070505251244801 61
1774812343460 0.5013714693277012 62
1774812344149 0.5001936304412684 63
1774812344661 0.49015259468756744 64
1774812345323 0.495222552184987 65
1774812346061 0.48884227883077697 66
1774812346579 0.49107244046052 67
1774812347114 0.48177884393293013 68
1774812347631 0.4750689506307105 69
1774812348326 0.4731665121681471 70
1774812348848 0.4759283780380664 71
1774812349547 0.482490573323019 72
1774812350067 0.4754318167188154 73
1774812350586 0.480118646183336 74
1774812351297 0.4773169140878359 75
1774812351814 0.4852683953451618 76
1774812352339 0.477461242373844 77
1774812352881 0.4699792399527208 78
1774812353751 0.475608341689405 79
1774812354284 0.4642371457021187 80
