1774349416865 0.8196593523025513 0
1774349417051 0.482756644487381 1
1774349417223 0.427082896232605 2
1774349417395 0.3981289565563202 3
1774349417566 0.37944838404655457 4
1774349417737 0.3658296763896942 5
1774349417912 0.354663610458374 6
1774349418088 0.34422844648361206 7
1774349418265 0.3358573913574219 8
1774349418443 0.3273102045059204 9
1774349418622 0.3196265995502472 10
1774349418802 0.311698853969574 11
1774349418983 0.3034513294696808 12
1774349419164 0.2957460880279541 13
1774349419345 0.2888154983520508 14
1774349419528 0.28103727102279663 15
1774349419731 0.2736438512802124 16
1774349419923 0.2663722634315491 17
1774349420129 0.259631872177124 18
1774349420338 0.25294065475463867 19
1774349420546 0.24573950469493866 20
1774349420739 0.2393036186695099 21
1774349420949 0.23294474184513092 22
1774349421159 0.22551229596138 23
1774349421345 0.21924720704555511 24
1774349421551 0.2121385633945465 25
1774349421743 0.2056976556777954 26
1774349421926 0.19922402501106262 27
1774349422108 0.1935276836156845 28
1774349422292 0.18684200942516327 29
1774349422480 0.18043668568134308 30
1774349422669 0.17548547685146332 31
1774349422854 0.16886118054389954 32
1774349423038 0.16341140866279602 33
1774349423224 0.1573723405599594 34
1774349423410 0.15225014090538025 35
1774349423596 0.14666509628295898 36
1774349423783 0.1415116935968399 37
1774349423971 0.13662753999233246 38
1774349424158 0.13098934292793274 39
1774349424346 0.12569573521614075 40
