1774349416868 0.4977720450281426 0
1774349417056 0.8372420262664165 1
1774349417227 0.8480300187617261 2
1774349417399 0.8555347091932458 3
1774349417570 0.8638602251407129 4
1774349417741 0.8701923076923077 5
1774349417916 0.8779315196998124 6
1774349418092 0.8841463414634146 7
1774349418270 0.8878986866791745 8
1774349418448 0.8918855534709194 9
1774349418626 0.8951688555347092 10
1774349418807 0.8985694183864915 11
1774349418987 0.9004455909943715 12
1774349419169 0.9077157598499062 13
1774349419350 0.9105300187617261 14
1774349419533 0.9156894934333959 15
1774349419736 0.9186210131332082 16
1774349419928 0.9226078799249531 17
1774349420134 0.925891181988743 18
1774349420343 0.9276500938086304 19
1774349420551 0.9328095684803002 20
1774349420744 0.9325750469043153 21
1774349420954 0.9349202626641651 22
1774349421164 0.93937617260788 23
1774349421350 0.9412523452157598 24
1774349421556 0.9451219512195121 25
1774349421748 0.9469981238273921 26
1774349421931 0.9529784240150094 27
1774349422112 0.9527439024390244 28
1774349422298 0.9564962476547842 29
1774349422485 0.9584896810506567 30
1774349422674 0.9604831144465291 31
1774349422859 0.9631801125703565 32
1774349423043 0.9670497185741088 33
1774349423229 0.9679878048780488 34
1774349423415 0.9698639774859287 35
1774349423601 0.9708020637898687 36
1774349423788 0.9734990619136961 37
1774349423976 0.975140712945591 38
1774349424164 0.9761960600375235 39
1774349424352 0.9773686679174484 40
