1774194525834 22.1 0
1774194535842 47.0 1
1774194545854 46.7 2
1774194555863 45.0 3
1774194565871 48.8 4
1774194575877 76.3 5
1774194585884 55.1 6
1774194595890 52.8 7
1774194605896 64.2 8
1774194615903 50.1 9
1774194625909 72.5 10
1774194635916 64.0 11
1774194645929 49.9 12
1774194655936 46.8 13
1774194665944 46.7 14
1774194675951 64.8 15
1774194685964 49.1 16
1774194695971 63.8 17
1774194705979 44.1 18
1774194715987 52.1 19
1774194726000 52.4 20
1774194736007 47.3 21
1774194746014 50.7 22
1774194756028 71.6 23
1774194766039 47.0 24
1774194776047 72.0 25
1774194786056 38.9 26
1774194796076 56.3 27
