1774194525834 239.7 0
1774194535842 1814.6 1
1774194545854 1980.3 2
1774194555863 2146.0 3
1774194565871 2328.4 4
1774194575877 2328.4 5
1774194585884 2328.4 6
1774194595890 2328.4 7
1774194605896 2328.4 8
1774194615903 2328.4 9
1774194625909 2328.4 10
1774194635916 2328.4 11
1774194645929 2328.4 12
1774194655936 2328.4 13
1774194665944 2328.4 14
1774194675951 2328.4 15
1774194685964 2328.4 16
1774194695971 2328.4 17
1774194705979 2328.4 18
1774194715987 2328.4 19
1774194726000 2328.4 20
1774194736007 2328.4 21
1774194746014 2328.4 22
1774194756028 2328.4 23
1774194766039 2328.4 24
1774194776047 2328.4 25
1774194786056 2328.4 26
1774194796076 2328.4 27
