1774194525834 5476.9 0
1774194535842 6062.9 1
1774194545854 6067.7 2
1774194555863 6074.2 3
1774194565871 6069.0 4
1774194575877 6099.1 5
1774194585884 6386.2 6
1774194595890 6095.3 7
1774194605896 6088.9 8
1774194615903 6122.8 9
1774194625909 6112.0 10
1774194635916 6124.8 11
1774194645929 6124.4 12
1774194655936 6127.3 13
1774194665944 6123.8 14
1774194675951 6166.2 15
1774194685964 6121.8 16
1774194695971 6187.5 17
1774194705979 6153.3 18
1774194715987 6360.4 19
1774194726000 6150.6 20
1774194736007 6159.8 21
1774194746014 6158.9 22
1774194756028 6159.4 23
1774194766039 6153.6 24
1774194776047 6152.2 25
1774194786056 6090.3 26
1774194796076 6118.6 27
