1774256866091 251.08066534996033 0
1774256885464 166.28425133228302 1
1774256904634 141.79810237884521 2
1774256923881 126.82713568210602 3
1774256943045 114.0844731926918 4
1774256962406 103.95393937826157 5
1774256981617 95.69621020555496 6
1774257000774 88.6639415025711 7
1774257019919 81.94040629267693 8
1774257039202 77.64055719971657 9
1774257058347 69.69569379091263 10
1774257077591 65.87799540162086 11
1774257096702 60.83453130722046 12
1774257115852 57.34480118751526 13
1774257135014 51.07199802994728 14
1774257154059 47.813470631837845 15
1774257173146 46.57785752415657 16
1774257192370 45.95229151844978 17
1774257211524 43.76006753742695 18
1774257230846 37.65037998557091 19
1774257250094 32.112509816884995 20
1774257269275 30.146229468286037 21
1774257288479 27.44651149958372 22
1774257307637 29.592963844537735 23
1774257326806 27.195056423544884 24
1774257346049 24.184789769351482 25
1774257365226 20.332163497805595 26
1774257384419 22.922973584383726 27
1774257403485 25.28360717743635 28
1774257422767 18.80986374616623 29
1774257441850 18.529617629945278 30
1774257461215 20.565530255436897 31
1774257480476 16.930782422423363 32
1774257499687 14.385215070098639 33
1774257518948 12.452702721580863 34
1774257538187 13.185001820325851 35
1774257557273 14.14780411310494 36
1774257576414 10.467352204024792 37
1774257595658 17.207583487033844 38
1774257614809 21.264926351606846 39
1774257634019 11.394677651580423 40
1774257653157 9.333692785352468 41
1774257672429 8.527376970276237 42
1774257691689 10.429654130712152 43
1774257710825 10.723221346735954 44
1774257730152 10.910644754767418 45
1774257749304 9.175830855499953 46
1774257768581 8.514074110426009 47
1774257787874 7.951862692832947 48
1774257807094 6.8123555248603225 49
1774257826343 9.008743328973651 50
1774257845557 10.003608848899603 51
1774257864788 8.82919792458415 52
1774257884061 7.428461113013327 53
1774257903283 8.314818672835827 54
1774257922388 7.293804692104459 55
1774257941625 8.392723233439028 56
1774257960983 7.943665159866214 57
1774257980176 6.890402385033667 58
1774257999385 7.65701066236943 59
1774258018651 5.706147746182978 60
