1774256866096 0.2775345464495827 0
1774256885469 0.5056779313175537 1
1774256904640 0.5898207689150362 2
1774256923887 0.6422903269941168 3
1774256943050 0.6821042550280476 4
1774256962412 0.7112464085374196 5
1774256981626 0.730127240388562 6
1774257000780 0.7542071418798741 7
1774257019925 0.7765768230948146 8
1774257039208 0.7832124777671364 9
1774257058354 0.8068819263921193 10
1774257077598 0.8172116568614037 11
1774257096709 0.83417704200301 12
1774257115858 0.8422492817074839 13
1774257135020 0.8594883020933096 14
1774257154066 0.8676973594198932 15
1774257173152 0.8700916678068135 16
1774257192377 0.8720071145163497 17
1774257211531 0.8787111779997263 18
1774257230853 0.8950608838418388 19
1774257250101 0.9116842249281707 20
1774257269282 0.9161992064577917 21
1774257288487 0.9265289369270762 22
1774257307645 0.921124640853742 23
1774257326813 0.9250239430838691 24
1774257346057 0.9337802708988918 25
1774257365233 0.9475988507319743 26
1774257384426 0.9360377616637023 27
1774257403493 0.9309071008345875 28
1774257422774 0.9499247503078396 29
1774257441857 0.9504720207962786 30
1774257461223 0.9455465864003284 31
1774257480484 0.9558763168696128 32
1774257499695 0.9629908332193187 33
1774257518956 0.9686003557258175 34
1774257538195 0.9651799151730743 35
1774257557281 0.9617594746203311 36
1774257576422 0.9727048843891093 37
1774257595667 0.9542345054042961 38
1774257614818 0.9415788753591463 39
1774257634027 0.9710630729237926 40
1774257653165 0.9774935011629498 41
1774257672438 0.9793405390614311 42
1774257691698 0.972841702011219 43
1774257710834 0.9724312491448899 44
1774257730161 0.9714735257901218 45
1774257749313 0.9766725954302914 46
1774257768590 0.9779723628403338 47
1774257787883 0.9803666712272541 48
1774257807104 0.9843343822684362 49
1774257826352 0.9779723628403338 50
1774257845566 0.9739362429880969 51
1774257864798 0.9785196333287728 52
1774257884071 0.9816664386372965 53
1774257903293 0.9780407716513887 54
1774257922397 0.9818032562594062 55
1774257941636 0.9787932685729922 56
1774257960993 0.9803666712272541 57
1774257980185 0.9830346148583937 58
1774257999395 0.9800246271719798 59
1774258018662 0.985907784922698 60
