1774219573717 0.6665091553455404 0
1774219574196 0.7338452451269935 1
1774219574647 0.7403425871234495 2
1774219575100 0.7620791494388659 3
1774219575545 0.7643236857649144 4
1774219575985 0.7790903721204961 5
1774219576476 0.7937389249852334 6
1774219576916 0.8070880094506793 7
1774219577385 0.8230360307147077 8
1774219577866 0.8434731246308328 9
1774219578382 0.8590667454223272 10
1774219578872 0.8773774365032486 11
1774219579322 0.890253987005316 12
1774219579785 0.9092734790313054 13
1774219580230 0.9160070880094506 14
1774219580659 0.9383343177790904 15
1774219581103 0.9432959243945659 16
1774219581539 0.9423508564678086 17
1774219581978 0.951801535735381 18
1774219582422 0.9536916715888955 19
