1774219573713 40.62763378024101 0
1774219574189 35.32991597056389 1
1774219574643 34.48632675409317 2
1774219575094 32.747287184000015 3
1774219575541 31.57787111401558 4
1774219575979 30.180195808410645 5
1774219576468 28.73627844452858 6
1774219576912 27.41073077917099 7
1774219577380 25.411302119493484 8
1774219577862 22.918108820915222 9
1774219578377 20.2778107970953 10
1774219578866 18.48318976163864 11
1774219579316 16.70574027299881 12
1774219579780 14.11378825455904 13
1774219580223 13.212847881019115 14
1774219580655 9.972725465893745 15
1774219581096 9.256423942744732 16
1774219581534 9.04421927779913 17
1774219581973 7.718074753880501 18
1774219582417 7.1753692291677 19
