1774144514073 0.518957624134288 0
1774144514214 0.7826035919708886 1
1774144514347 0.7915248268576124 2
1774144514479 0.8043197558398874 3
1774144514611 0.8101889893179951 4
1774144514751 0.8186406855264703 5
1774144514898 0.8238056109872051 6
1774144515040 0.8289705364479399 7
1774144515176 0.8360136166216692 8
1774144515311 0.8384786946824745 9
1774144515447 0.8420002347693392 10
1774144515583 0.8492780842821928 11
1774144515719 0.8531517783777439 12
1774144515856 0.8559690104472356 13
1774144516001 0.8618382439253434 14
1774144516144 0.8628947059514027 15
