1774364484300 0.6284005628517824 0
1774364485244 0.7351078799249531 1
1774364486151 0.7489446529080676 2
1774364487061 0.7590290806754222 3
1774364487924 0.7686444652908068 4
1774364488786 0.7708724202626641 5
1774364489677 0.776735459662289 6
1774364490539 0.7849437148217636 7
1774364491401 0.7872889305816135 8
1774364492266 0.7942073170731707 9
1774364493137 0.7966697936210131 10
1774364494001 0.7957317073170732 11
1774364494927 0.8067542213883677 12
1774364495787 0.8163696060037523 13
1774364496660 0.8147279549718575 14
1774364497540 0.8256332082551595 15
1774364498444 0.8237570356472795 16
1774364499391 0.8280956848030019 17
1774364500313 0.8374765478424016 18
1774364501200 0.8428705440900562 19
1774364502095 0.837593808630394 20
1774364502976 0.8527204502814258 21
1774364503933 0.8487335834896811 22
1774364504887 0.8544793621013134 23
1774364505786 0.8592870544090057 24
1774364506665 0.8689024390243902 25
1774364507536 0.8638602251407129 26
1774364508437 0.8776969981238274 27
1774364509319 0.8734756097560976 28
1774364510185 0.8773452157598499 29
1774364511064 0.8874296435272045 30
1774364512018 0.8935272045028143 31
1774364512958 0.8910647279549718 32
1774364513867 0.9020872420262664 33
1774364514778 0.900093808630394 34
1774364515682 0.9025562851782364 35
1774364516610 0.9071294559099438 36
1774364517546 0.9088883677298312 37
1774364518478 0.9087711069418386 38
1774364519359 0.9112335834896811 39
