1774592498833 140.4 0
1774592508842 866.1 1
1774592518849 866.1 2
1774592528856 866.1 3
1774592538863 866.1 4
1774592548877 866.1 5
1774592558896 866.1 6
1774592568907 973.0 7
1774592578920 973.0 8
1774592588931 973.0 9
1774592598939 973.0 10
1774592608946 973.0 11
1774592618960 973.0 12
1774592628967 973.0 13
1774592638984 973.0 14
1774592648994 975.1 15
1774592659005 975.1 16
1774592669012 975.1 17
1774592679022 975.1 18
1774592689029 975.1 19
1774592699042 975.1 20
1774592709050 975.1 21
1774592719057 975.1 22
1774592729064 975.1 23
1774592739071 975.1 24
1774592749078 1090.5 25
1774592759092 1090.5 26
1774592769100 1090.5 27
1774592779108 1090.5 28
1774592789120 1090.5 29
1774592799127 1090.5 30
1774592809139 1090.5 31
1774592819147 1090.5 32
1774592829157 1090.5 33
1774592839164 1090.5 34
1774592849174 1090.5 35
1774592859195 1090.5 36
1774592869208 1090.5 37
1774592879223 1090.5 38
1774592889231 1090.5 39
1774592899244 1090.5 40
1774592909252 1090.5 41
1774592919260 1090.5 42
1774592929272 1090.5 43
1774592939281 1090.5 44
1774592949290 1090.5 45
1774592959297 1090.5 46
1774592969305 1090.5 47
1774592979313 1090.5 48
1774592989322 1090.5 49
1774592999336 1090.5 50
1774593009344 1090.5 51
1774593019353 1090.5 52
1774593029361 1090.5 53
1774593039370 1090.5 54
1774593049383 1090.5 55
1774593059391 1090.5 56
1774593069399 1090.5 57
1774593079408 1090.5 58
1774593089416 1090.5 59
1774593099425 1090.5 60
1774593109435 1090.5 61
1774593119443 1090.5 62
1774593129455 1090.5 63
1774593139470 1090.5 64
1774593149482 1090.5 65
1774593159496 1090.5 66
1774593169506 1090.5 67
1774593179518 1090.5 68
1774593189530 1090.5 69
1774593199540 1090.5 70
1774593209550 1090.5 71
1774593219559 1090.5 72
1774593229568 1090.5 73
1774593239578 1090.5 74
1774593249586 1090.5 75
1774593259595 1090.5 76
1774593269606 1090.5 77
1774593279616 1090.5 78
1774593289624 1090.5 79
1774593299633 1090.5 80
1774593309641 1090.5 81
1774593319659 1090.5 82
1774593329669 1090.5 83
1774593339678 1090.5 84
1774593349686 1090.5 85
1774593359695 1090.5 86
1774593369704 1090.5 87
1774593379715 1090.5 88
1774593389731 1090.5 89
1774593399741 1090.5 90
1774593409752 1090.5 91
1774593419763 1090.5 92
1774593429773 1090.5 93
1774593439782 1090.5 94
1774593449793 1090.5 95
1774593459803 1090.5 96
1774593469814 1090.5 97
1774593479823 1090.5 98
1774593489844 1090.5 99
1774593499853 1090.5 100
1774593509864 1090.5 101
1774593519877 1090.5 102
1774593529886 1090.5 103
1774593539900 1090.5 104
1774593549913 1090.5 105
1774593559924 1090.5 106
1774593569938 1090.5 107
1774593579950 1090.5 108
1774593589962 1090.5 109
1774593599973 1090.5 110
1774593609989 1090.5 111
1774593619999 1090.5 112
1774593630009 1090.5 113
1774593640019 1090.5 114
1774593650031 1090.5 115
1774593660044 1090.5 116
1774593670058 1090.5 117
1774593680068 1090.5 118
1774593690078 1090.5 119
1774593700088 1090.5 120
1774593710097 1090.5 121
1774593720109 1090.5 122
