1774592498833 6.6 0
1774592508842 65.7 1
1774592518849 77.9 2
1774592528856 77.5 3
1774592538863 79.4 4
1774592548877 82.6 5
1774592558896 85.3 6
1774592568907 83.3 7
1774592578920 77.9 8
1774592588931 77.9 9
1774592598939 75.1 10
1774592608946 80.2 11
1774592618960 76.6 12
1774592628967 80.6 13
1774592638984 89.6 14
1774592648994 81.2 15
1774592659005 92.6 16
1774592669012 78.3 17
1774592679022 90.5 18
1774592689029 80.5 19
1774592699042 83.4 20
1774592709050 67.0 21
1774592719057 81.7 22
1774592729064 97.0 23
1774592739071 76.4 24
1774592749078 79.8 25
1774592759092 77.2 26
1774592769100 74.6 27
1774592779108 85.7 28
1774592789120 78.9 29
1774592799127 80.1 30
1774592809139 82.9 31
1774592819147 75.3 32
1774592829157 77.8 33
1774592839164 68.3 34
1774592849174 79.4 35
1774592859195 82.3 36
1774592869208 84.7 37
1774592879223 87.8 38
1774592889231 78.6 39
1774592899244 76.4 40
1774592909252 76.5 41
1774592919260 83.0 42
1774592929272 90.8 43
1774592939281 99.2 44
1774592949290 74.6 45
1774592959297 83.0 46
1774592969305 80.1 47
1774592979313 78.4 48
1774592989322 77.1 49
1774592999336 77.5 50
1774593009344 84.1 51
1774593019353 90.3 52
1774593029361 81.4 53
1774593039370 80.7 54
1774593049383 84.2 55
1774593059391 80.2 56
1774593069399 77.5 57
1774593079408 82.6 58
1774593089416 66.6 59
1774593099425 79.6 60
1774593109435 84.0 61
1774593119443 79.9 62
1774593129455 76.5 63
1774593139470 69.7 64
1774593149482 88.3 65
1774593159496 78.1 66
1774593169506 79.0 67
1774593179518 75.8 68
1774593189530 73.5 69
1774593199540 84.1 70
1774593209550 98.2 71
1774593219559 78.5 72
1774593229568 76.3 73
1774593239578 72.8 74
1774593249586 75.6 75
1774593259595 80.2 76
1774593269606 78.9 77
1774593279616 98.5 78
1774593289624 97.7 79
1774593299633 83.7 80
1774593309641 82.1 81
1774593319659 77.4 82
1774593329669 70.7 83
1774593339678 79.6 84
1774593349686 77.7 85
1774593359695 83.9 86
1774593369704 77.7 87
1774593379715 79.9 88
1774593389731 80.1 89
1774593399741 80.6 90
1774593409752 99.1 91
1774593419763 72.4 92
1774593429773 66.1 93
1774593439782 80.1 94
1774593449793 78.2 95
1774593459803 89.2 96
1774593469814 81.8 97
1774593479823 84.1 98
1774593489844 105.5 99
1774593499853 80.2 100
1774593509864 76.9 101
1774593519877 78.6 102
1774593529886 80.2 103
1774593539900 74.4 104
1774593549913 89.3 105
1774593559924 84.6 106
1774593569938 84.7 107
1774593579950 80.5 108
1774593589962 95.2 109
1774593599973 84.5 110
1774593609989 78.5 111
1774593619999 81.2 112
1774593630009 79.6 113
1774593640019 63.4 114
1774593650031 77.1 115
1774593660044 79.4 116
1774593670058 77.4 117
1774593680068 79.8 118
1774593690078 80.2 119
1774593700088 80.8 120
1774593710097 76.5 121
1774593720109 93.6 122
