1774585295702 0.0 0
1774585305710 100.0 1
1774585315717 100.0 2
1774585325724 94.0 3
1774585335732 91.0 4
1774585345740 87.0 5
1774585355753 95.0 6
1774585365761 100.0 7
1774585375768 94.0 8
1774585385775 100.0 9
1774585395784 100.0 10
1774585405792 89.0 11
1774585415799 100.0 12
1774585425810 90.0 13
1774585435817 93.0 14
1774585445825 94.0 15
1774585455832 89.0 16
1774585465840 98.0 17
1774585475847 100.0 18
1774585485854 99.0 19
1774585495867 100.0 20
1774585505877 99.0 21
1774585515885 100.0 22
1774585525892 92.0 23
1774585535899 88.0 24
1774585545907 100.0 25
1774585555914 94.0 26
1774585565925 91.0 27
1774585575933 84.0 28
1774585585940 100.0 29
1774585595947 96.0 30
1774585605959 87.0 31
1774585615966 90.0 32
1774585625973 91.0 33
1774585635981 99.0 34
1774585645989 96.0 35
1774585655997 93.0 36
1774585666005 83.0 37
1774585676018 100.0 38
1774585686027 94.0 39
1774585696034 91.0 40
1774585706042 93.0 41
1774585716050 85.0 42
1774585726057 100.0 43
1774585736065 100.0 44
1774585746072 100.0 45
1774585756082 91.0 46
1774585766092 100.0 47
1774585776099 96.0 48
1774585786111 97.0 49
1774585796119 100.0 50
1774585806127 100.0 51
1774585816135 100.0 52
1774585826145 100.0 53
1774585836152 99.0 54
1774585846163 92.0 55
1774585856173 100.0 56
1774585866181 100.0 57
1774585876193 100.0 58
1774585886201 99.0 59
1774585896211 100.0 60
1774585906220 100.0 61
1774585916228 86.0 62
1774585926236 100.0 63
1774585936246 88.0 64
1774585946255 96.0 65
1774585956282 83.0 66
1774585966291 100.0 67
1774585976303 96.0 68
1774585986310 100.0 69
1774585996333 94.0 70
1774586006363 90.0 71
1774586016374 100.0 72
1774586026388 100.0 73
1774586036396 100.0 74
1774586046404 99.0 75
1774586056413 92.0 76
1774586066424 100.0 77
1774586076436 98.0 78
1774586086447 93.0 79
1774586096456 87.0 80
1774586106464 100.0 81
1774586116476 100.0 82
1774586126486 100.0 83
1774586136495 97.0 84
1774586146506 94.0 85
1774586156519 94.0 86
1774586166532 90.0 87
1774586176540 96.0 88
1774586186549 92.0 89
1774586196558 100.0 90
1774586206578 99.0 91
1774586216601 96.0 92
1774586226610 94.0 93
1774586236618 100.0 94
1774586246630 84.0 95
1774586256640 97.0 96
1774586266650 91.0 97
1774586276663 92.0 98
1774586286672 100.0 99
1774586296680 100.0 100
1774586306689 85.0 101
1774586316700 100.0 102
1774586326709 95.0 103
1774586336719 100.0 104
1774586346728 99.0 105
1774586356738 96.0 106
1774586366752 92.0 107
1774586376762 100.0 108
1774586386779 95.0 109
1774586396789 86.0 110
1774586406799 100.0 111
1774586416808 100.0 112
1774586426817 100.0 113
1774586436830 100.0 114
1774586446839 99.0 115
1774586456855 87.0 116
1774586466867 86.0 117
1774586476877 100.0 118
1774586486886 92.0 119
1774586496896 96.0 120
1774586506905 90.0 121
1774586516915 89.0 122
1774586526926 96.0 123
1774586536936 100.0 124
1774586546945 92.0 125
1774586556955 93.0 126
1774586566968 100.0 127
1774586576984 89.0 128
1774586586997 99.0 129
1774586597009 98.0 130
1774586607019 91.0 131
1774586617029 99.0 132
1774586627039 93.0 133
1774586637055 92.0 134
1774586647064 86.0 135
1774586657079 100.0 136
1774586667089 100.0 137
1774586677098 92.0 138
1774586687113 100.0 139
1774586697121 95.0 140
1774586707130 97.0 141
1774586717142 100.0 142
1774586727153 99.0 143
1774586737162 90.0 144
1774586747179 95.0 145
1774586757201 89.0 146
1774586767216 100.0 147
1774586777226 88.0 148
1774586787235 100.0 149
1774586797249 94.0 150
1774586807259 94.0 151
1774586817271 95.0 152
1774586827281 100.0 153
1774586837294 100.0 154
1774586847310 94.0 155
1774586857320 92.0 156
1774586867329 100.0 157
1774586877339 90.0 158
1774586887352 100.0 159
1774586897362 99.0 160
1774586907378 100.0 161
1774586917389 100.0 162
1774586927401 87.0 163
1774586937412 100.0 164
1774586947423 100.0 165
1774586957434 94.0 166
1774586967453 97.0 167
1774586977464 100.0 168
1774586987475 92.0 169
1774586997484 91.0 170
1774587007497 91.0 171
1774587017508 100.0 172
1774587027518 92.0 173
1774587037531 87.0 174
1774587047542 100.0 175
1774587057557 86.0 176
1774587067573 97.0 177
1774587077590 92.0 178
1774587087603 100.0 179
1774587097613 100.0 180
1774587107624 100.0 181
1774587117635 85.0 182
1774587127647 95.0 183
1774587137657 100.0 184
1774587147669 100.0 185
1774587157681 95.0 186
1774587167692 95.0 187
1774587177704 89.0 188
1774587187715 91.0 189
1774587197726 98.0 190
1774587207738 100.0 191
1774587217749 92.0 192
1774587227760 98.0 193
1774587237772 100.0 194
1774587247812 97.0 195
1774587257827 100.0 196
1774587267838 90.0 197
1774587277849 88.0 198
1774587287871 94.0 199
1774587297882 93.0 200
1774587307900 100.0 201
1774587317913 92.0 202
1774587327924 100.0 203
1774587337935 91.0 204
1774587347949 100.0 205
1774587357965 99.0 206
1774587367977 100.0 207
1774587377988 100.0 208
1774587388009 95.0 209
1774587398022 92.0 210
1774587408034 99.0 211
1774587418045 100.0 212
1774587428057 89.0 213
1774587438069 100.0 214
1774587448080 92.0 215
1774587458092 88.0 216
1774587468104 100.0 217
1774587478119 94.0 218
1774587488131 99.0 219
1774587498144 99.0 220
1774587508155 100.0 221
1774587518168 96.0 222
1774587528181 100.0 223
1774587538207 89.0 224
1774587548224 100.0 225
1774587558236 98.0 226
1774587568257 85.0 227
1774587578269 89.0 228
1774587588281 100.0 229
1774587598298 94.0 230
1774587608311 93.0 231
1774587618323 77.0 232
1774587628337 100.0 233
1774587638353 84.0 234
1774587648373 93.0 235
1774587658386 94.0 236
1774587668398 92.0 237
1774587678410 99.0 238
1774587688425 88.0 239
1774587698441 100.0 240
1774587708454 100.0 241
1774587718467 100.0 242
1774587728480 100.0 243
1774587738494 88.0 244
1774587748511 99.0 245
1774587758523 94.0 246
1774587768536 100.0 247
1774587778548 100.0 248
1774587788564 95.0 249
1774587798580 92.0 250
1774587808593 100.0 251
1774587818606 89.0 252
1774587828625 87.0 253
1774587838644 100.0 254
1774587848666 95.0 255
1774587858678 100.0 256
1774587868693 100.0 257
1774587878708 100.0 258
1774587888721 100.0 259
1774587898733 100.0 260
1774587908746 89.0 261
1774587918759 100.0 262
1774587928774 100.0 263
1774587938795 100.0 264
1774587948815 68.0 265
1774587958828 89.0 266
1774587968841 95.0 267
1774587978854 100.0 268
1774587988866 96.0 269
