1774585295702 26.7 0
1774585305710 52.2 1
1774585315717 52.3 2
1774585325724 43.3 3
1774585335732 28.9 4
1774585345740 53.0 5
1774585355753 59.2 6
1774585365761 53.0 7
1774585375768 52.9 8
1774585385775 53.1 9
1774585395784 53.1 10
1774585405792 32.7 11
1774585415799 53.2 12
1774585425810 46.5 13
1774585435817 45.9 14
1774585445825 52.2 15
1774585455832 63.3 16
1774585465840 52.2 17
1774585475847 53.0 18
1774585485854 53.5 19
1774585495867 53.2 20
1774585505877 53.1 21
1774585515885 53.3 22
1774585525892 53.2 23
1774585535899 54.7 24
1774585545907 53.1 25
1774585555914 60.8 26
1774585565925 53.7 27
1774585575933 40.4 28
1774585585940 37.0 29
1774585595947 38.2 30
1774585605959 47.6 31
1774585615966 54.0 32
1774585625973 50.0 33
1774585635981 52.8 34
1774585645989 53.1 35
1774585655997 47.4 36
1774585666005 53.5 37
1774585676018 53.4 38
1774585686027 52.9 39
1774585696034 62.2 40
1774585706042 38.1 41
1774585716050 53.2 42
1774585726057 72.2 43
1774585736065 53.2 44
1774585746072 53.1 45
1774585756082 53.6 46
1774585766092 77.6 47
1774585776099 58.2 48
1774585786111 53.5 49
1774585796119 53.3 50
1774585806127 53.2 51
1774585816135 53.2 52
1774585826145 44.7 53
1774585836152 50.5 54
1774585846163 52.6 55
1774585856173 52.2 56
1774585866181 53.1 57
1774585876193 53.1 58
1774585886201 53.3 59
1774585896211 52.9 60
1774585906220 53.5 61
1774585916228 53.0 62
1774585926236 53.1 63
1774585936246 50.6 64
1774585946255 48.9 65
1774585956282 49.9 66
1774585966291 53.2 67
1774585976303 53.3 68
1774585986310 53.5 69
1774585996333 48.2 70
1774586006363 40.6 71
1774586016374 53.2 72
1774586026388 53.1 73
1774586036396 58.6 74
1774586046404 43.6 75
1774586056413 63.4 76
1774586066424 53.5 77
1774586076436 69.7 78
1774586086447 44.5 79
1774586096456 63.0 80
1774586106464 50.0 81
1774586116476 52.8 82
1774586126486 53.5 83
1774586136495 54.7 84
1774586146506 31.3 85
1774586156519 53.0 86
1774586166532 53.2 87
1774586176540 53.0 88
1774586186549 53.0 89
1774586196558 40.7 90
1774586206578 46.6 91
1774586216601 50.6 92
1774586226610 60.0 93
1774586236618 53.5 94
1774586246630 58.6 95
1774586256640 32.4 96
1774586266650 53.3 97
1774586276663 77.8 98
1774586286672 53.1 99
1774586296680 53.1 100
1774586306689 43.5 101
1774586316700 53.3 102
1774586326709 53.3 103
1774586336719 53.8 104
1774586346728 64.1 105
1774586356738 36.6 106
1774586366752 62.6 107
1774586376762 53.2 108
1774586386779 33.9 109
1774586396789 30.5 110
1774586406799 52.0 111
1774586416808 53.5 112
1774586426817 42.5 113
1774586436830 53.2 114
1774586446839 39.8 115
1774586456855 46.6 116
1774586466867 65.5 117
1774586476877 53.2 118
1774586486886 53.5 119
1774586496896 37.3 120
1774586506905 53.0 121
1774586516915 53.7 122
1774586526926 36.6 123
1774586536936 53.3 124
1774586546945 60.8 125
1774586556955 66.3 126
1774586566968 53.3 127
1774586576984 53.1 128
1774586586997 69.1 129
1774586597009 53.6 130
1774586607019 54.3 131
1774586617029 65.8 132
1774586627039 52.5 133
1774586637055 59.7 134
1774586647064 80.3 135
1774586657079 53.2 136
1774586667089 53.4 137
1774586677098 70.3 138
1774586687113 53.2 139
1774586697121 53.0 140
1774586707130 53.2 141
1774586717142 53.3 142
1774586727153 49.6 143
1774586737162 51.9 144
1774586747179 78.5 145
1774586757201 75.2 146
1774586767216 53.3 147
1774586777226 46.1 148
1774586787235 50.2 149
1774586797249 66.0 150
1774586807259 53.9 151
1774586817271 30.9 152
1774586827281 53.3 153
1774586837294 53.3 154
1774586847310 53.7 155
1774586857320 53.2 156
1774586867329 53.3 157
1774586877339 54.8 158
1774586887352 53.2 159
1774586897362 51.2 160
1774586907378 42.9 161
1774586917389 53.2 162
1774586927401 48.4 163
1774586937412 53.2 164
1774586947423 53.2 165
1774586957434 54.9 166
1774586967453 60.9 167
1774586977464 53.3 168
1774586987475 52.1 169
1774586997484 53.5 170
1774587007497 54.3 171
1774587017508 53.3 172
1774587027518 51.0 173
1774587037531 68.4 174
1774587047542 53.3 175
1774587057557 51.0 176
1774587067573 53.4 177
1774587077590 40.9 178
1774587087603 53.3 179
1774587097613 53.2 180
1774587107624 53.4 181
1774587117635 61.5 182
1774587127647 53.4 183
1774587137657 53.5 184
1774587147669 53.1 185
1774587157681 56.4 186
1774587167692 56.4 187
1774587177704 52.7 188
1774587187715 34.7 189
1774587197726 31.5 190
1774587207738 53.7 191
1774587217749 33.7 192
1774587227760 41.7 193
1774587237772 53.4 194
1774587247812 61.3 195
1774587257827 53.1 196
1774587267838 52.9 197
1774587277849 32.4 198
1774587287871 79.4 199
1774587297882 52.3 200
1774587307900 55.8 201
1774587317913 53.1 202
1774587327924 53.2 203
1774587337935 53.0 204
1774587347949 53.3 205
1774587357965 53.1 206
1774587367977 53.2 207
1774587377988 53.5 208
1774587388009 58.8 209
1774587398022 53.9 210
1774587408034 38.1 211
1774587418045 53.1 212
1774587428057 68.7 213
1774587438069 53.8 214
1774587448080 53.9 215
1774587458092 58.8 216
1774587468104 53.1 217
1774587478119 53.3 218
1774587488131 38.0 219
1774587498144 53.0 220
1774587508155 53.1 221
1774587518168 54.9 222
1774587528181 53.0 223
1774587538207 44.1 224
1774587548224 42.9 225
1774587558236 70.4 226
1774587568257 60.5 227
1774587578269 61.7 228
1774587588281 53.1 229
1774587598298 30.1 230
1774587608311 53.3 231
1774587618323 58.3 232
1774587628337 53.1 233
1774587638353 53.6 234
1774587648373 54.3 235
1774587658386 35.2 236
1774587668398 59.6 237
1774587678410 53.0 238
1774587688425 53.4 239
1774587698441 53.5 240
1774587708454 53.3 241
1774587718467 49.0 242
1774587728480 53.0 243
1774587738494 57.1 244
1774587748511 28.4 245
1774587758523 72.8 246
1774587768536 53.4 247
1774587778548 52.6 248
1774587788564 54.7 249
1774587798580 53.4 250
1774587808593 53.7 251
1774587818606 47.4 252
1774587828625 52.0 253
1774587838644 53.1 254
1774587848666 53.5 255
1774587858678 53.3 256
1774587868693 53.8 257
1774587878708 53.1 258
1774587888721 53.5 259
1774587898733 53.1 260
1774587908746 65.6 261
1774587918759 53.1 262
1774587928774 53.4 263
1774587938795 53.1 264
1774587948815 27.2 265
1774587958828 53.5 266
1774587968841 53.0 267
1774587978854 53.1 268
1774587988866 53.1 269
