1774585295702 1.6 0
1774585305710 75.5 1
1774585315717 88.2 2
1774585325724 88.3 3
1774585335732 59.4 4
1774585345740 59.4 5
1774585355753 59.4 6
1774585365761 59.4 7
1774585375768 59.4 8
1774585385775 59.4 9
1774585395784 59.4 10
1774585405792 59.4 11
1774585415799 59.4 12
1774585425810 59.4 13
1774585435817 59.4 14
1774585445825 59.4 15
1774585455832 59.4 16
1774585465840 59.4 17
1774585475847 59.4 18
1774585485854 59.4 19
1774585495867 59.4 20
1774585505877 59.4 21
1774585515885 59.4 22
1774585525892 59.4 23
1774585535899 59.4 24
1774585545907 59.4 25
1774585555914 59.4 26
1774585565925 59.4 27
1774585575933 59.4 28
1774585585940 59.4 29
1774585595947 59.4 30
1774585605959 59.4 31
1774585615966 59.4 32
1774585625973 59.4 33
1774585635981 59.4 34
1774585645989 59.4 35
1774585655997 59.4 36
1774585666005 59.4 37
1774585676018 59.4 38
1774585686027 59.4 39
1774585696034 59.4 40
1774585706042 59.4 41
1774585716050 59.4 42
1774585726057 59.4 43
1774585736065 59.4 44
1774585746072 59.4 45
1774585756082 59.4 46
1774585766092 59.4 47
1774585776099 59.4 48
1774585786111 59.4 49
1774585796119 59.4 50
1774585806127 59.4 51
1774585816135 59.4 52
1774585826145 59.4 53
1774585836152 59.4 54
1774585846163 59.4 55
1774585856173 59.4 56
1774585866181 59.4 57
1774585876193 59.4 58
1774585886201 59.4 59
1774585896211 59.4 60
1774585906220 59.4 61
1774585916228 59.4 62
1774585926236 59.4 63
1774585936246 59.4 64
1774585946255 59.4 65
1774585956282 59.4 66
1774585966291 59.4 67
1774585976303 59.4 68
1774585986310 59.4 69
1774585996333 59.4 70
1774586006363 59.4 71
1774586016374 59.4 72
1774586026388 59.4 73
1774586036396 59.4 74
1774586046404 59.4 75
1774586056413 59.4 76
1774586066424 59.4 77
1774586076436 59.4 78
1774586086447 59.4 79
1774586096456 59.4 80
1774586106464 59.4 81
1774586116476 59.4 82
1774586126486 59.4 83
1774586136495 59.4 84
1774586146506 59.4 85
1774586156519 59.4 86
1774586166532 59.4 87
1774586176540 59.4 88
1774586186549 59.4 89
1774586196558 59.4 90
1774586206578 59.4 91
1774586216601 59.4 92
1774586226610 59.4 93
1774586236618 59.4 94
1774586246630 59.4 95
1774586256640 59.4 96
1774586266650 59.4 97
1774586276663 59.4 98
1774586286672 59.4 99
1774586296680 59.4 100
1774586306689 59.4 101
1774586316700 59.4 102
1774586326709 59.4 103
1774586336719 59.4 104
1774586346728 59.4 105
1774586356738 59.4 106
1774586366752 59.4 107
1774586376762 59.4 108
1774586386779 59.4 109
1774586396789 59.4 110
1774586406799 59.4 111
1774586416808 59.4 112
1774586426817 59.4 113
1774586436830 59.4 114
1774586446839 59.4 115
1774586456855 59.4 116
1774586466867 59.4 117
1774586476877 59.4 118
1774586486886 59.4 119
1774586496896 59.4 120
1774586506905 59.4 121
1774586516915 59.4 122
1774586526926 59.4 123
1774586536936 59.4 124
1774586546945 59.4 125
1774586556955 59.4 126
1774586566968 59.4 127
1774586576984 59.4 128
1774586586997 59.4 129
1774586597009 59.4 130
1774586607019 59.4 131
1774586617029 59.4 132
1774586627039 59.4 133
1774586637055 59.4 134
1774586647064 59.4 135
1774586657079 59.4 136
1774586667089 59.4 137
1774586677098 59.4 138
1774586687113 59.4 139
1774586697121 59.4 140
1774586707130 59.4 141
1774586717142 59.4 142
1774586727153 59.4 143
1774586737162 59.4 144
1774586747179 59.4 145
1774586757201 59.4 146
1774586767216 59.4 147
1774586777226 59.4 148
1774586787235 59.4 149
1774586797249 59.4 150
1774586807259 59.4 151
1774586817271 59.4 152
1774586827281 59.4 153
1774586837294 59.4 154
1774586847310 59.4 155
1774586857320 59.4 156
1774586867329 59.4 157
1774586877339 59.4 158
1774586887352 59.4 159
1774586897362 59.4 160
1774586907378 59.4 161
1774586917389 59.4 162
1774586927401 59.4 163
1774586937412 59.4 164
1774586947423 59.4 165
1774586957434 59.4 166
1774586967453 59.4 167
1774586977464 59.4 168
1774586987475 59.4 169
1774586997484 59.4 170
1774587007497 59.4 171
1774587017508 59.4 172
1774587027518 59.4 173
1774587037531 59.4 174
1774587047542 59.4 175
1774587057557 59.4 176
1774587067573 59.4 177
1774587077590 59.4 178
1774587087603 59.4 179
1774587097613 59.4 180
1774587107624 59.4 181
1774587117635 59.4 182
1774587127647 59.4 183
1774587137657 59.4 184
1774587147669 59.4 185
1774587157681 59.4 186
1774587167692 59.4 187
1774587177704 59.4 188
1774587187715 59.4 189
1774587197726 59.4 190
1774587207738 59.4 191
1774587217749 59.4 192
1774587227760 59.4 193
1774587237772 59.4 194
1774587247812 59.4 195
1774587257827 59.4 196
1774587267838 59.4 197
1774587277849 59.4 198
1774587287871 59.4 199
1774587297882 59.4 200
1774587307900 59.4 201
1774587317913 59.4 202
1774587327924 59.4 203
1774587337935 59.4 204
1774587347949 59.4 205
1774587357965 59.4 206
1774587367977 59.4 207
1774587377988 59.4 208
1774587388009 59.4 209
1774587398022 59.4 210
1774587408034 59.4 211
1774587418045 59.4 212
1774587428057 59.4 213
1774587438069 59.4 214
1774587448080 59.4 215
1774587458092 59.4 216
1774587468104 59.4 217
1774587478119 59.4 218
1774587488131 59.4 219
1774587498144 59.4 220
1774587508155 59.4 221
1774587518168 59.4 222
1774587528181 59.4 223
1774587538207 59.4 224
1774587548224 59.4 225
1774587558236 59.4 226
1774587568257 59.4 227
1774587578269 59.4 228
1774587588281 59.4 229
1774587598298 59.4 230
1774587608311 59.4 231
1774587618323 59.4 232
1774587628337 59.4 233
1774587638353 59.4 234
1774587648373 59.4 235
1774587658386 59.4 236
1774587668398 59.4 237
1774587678410 59.4 238
1774587688425 59.4 239
1774587698441 59.4 240
1774587708454 59.4 241
1774587718467 59.4 242
1774587728480 59.4 243
1774587738494 59.4 244
1774587748511 59.4 245
1774587758523 59.4 246
1774587768536 59.4 247
1774587778548 59.4 248
1774587788564 59.4 249
1774587798580 59.4 250
1774587808593 59.4 251
1774587818606 59.4 252
1774587828625 59.4 253
1774587838644 59.4 254
1774587848666 59.4 255
1774587858678 59.4 256
1774587868693 59.4 257
1774587878708 59.4 258
1774587888721 59.4 259
1774587898733 59.4 260
1774587908746 59.4 261
1774587918759 59.4 262
1774587928774 59.4 263
1774587938795 59.4 264
1774587948815 59.4 265
1774587958828 59.4 266
1774587968841 59.4 267
1774587978854 59.4 268
1774587988866 59.4 269
