1774582877134 0.8269672393798828 0
1774582877320 0.47376391291618347 1
1774582877494 0.42854803800582886 2
1774582877667 0.40013375878334045 3
1774582877839 0.3805922865867615 4
1774582878011 0.36553919315338135 5
1774582878187 0.3544962406158447 6
1774582878363 0.3444276452064514 7
1774582878539 0.3357725143432617 8
1774582878717 0.32741591334342957 9
1774582878896 0.31900185346603394 10
1774582879072 0.31084707379341125 11
1774582879248 0.30305907130241394 12
1774582879424 0.29596003890037537 13
1774582879600 0.287336528301239 14
1774582879779 0.2805781662464142 15
