1774204081839 179.18030655384064 0
1774204087257 125.26421296596527 1
1774204092685 105.61008405685425 2
1774204098319 97.24596726894379 3
1774204103797 85.05658841133118 4
1774204109271 79.00363105535507 5
1774204114680 72.3576945066452 6
1774204120175 67.0424171090126 7
1774204125683 62.37669974565506 8
1774204131284 57.93900811672211 9
1774204136823 54.46044307947159 10
1774204142313 50.46704739332199 11
1774204147801 49.92403420805931 12
1774204153312 46.182048976421356 13
1774204158818 41.849299907684326 14
1774204164310 38.1591312289238 15
1774204169896 36.001514464616776 16
1774204175332 32.48012486100197 17
1774204180708 30.488396555185318 18
1774204186105 32.19787248969078 19
1774204191640 29.76234257221222 20
1774204197051 24.859978094697 21
1774204202543 21.995364740490913 22
1774204208026 23.097921773791313 23
1774204213526 22.50053319334984 24
1774204219042 18.205030485987663 25
1774204224575 17.65554252266884 26
1774204230069 17.819579653441906 27
1774204235541 17.063274383544922 28
1774204241088 15.340997405350208 29
1774204246738 12.44799442961812 30
1774204252303 10.920500196516514 31
1774204257645 10.378586515784264 32
1774204263055 15.723378024995327 33
1774204268663 13.89565970748663 34
1774204274069 10.190659746527672 35
1774204279531 8.422006603330374 36
1774204284975 8.177965277805924 37
1774204290482 9.081622708588839 38
1774204296024 9.04949739575386 39
1774204301463 7.406647238880396 40
1774204306917 6.78429982624948 41
1774204312423 6.826535530388355 42
1774204317896 7.0940191596746445 43
1774204323368 7.173355724662542 44
1774204328880 9.748487651348114 45
