1767626243346 3.0033709373949558 0
1767626333513 3.0107552073894497 1
1767626433991 2.951636956708352 2
1767626525509 2.8809558997600146 3
1767626617439 2.847863628924035 4
1767626709965 2.87408870998169 5
1767626805643 2.870594924574044 6
1767626899093 2.8872685277652956 7
1767626993271 2.8684361714251594 8
1767627089518 2.925036838192351 9
1767627193722 2.9264868008910456 10
1767627287406 2.903665640220155 11
1767627389514 2.908911889070637 12
1767627490953 2.9494381743975517 13
1767627583009 2.8959180573655234 14
