1767626243352 0.054552912223133715 0
1767626333520 0.06043204812687995 1
1767626433998 0.07136997538966366 2
1767626525516 0.08517910855892809 3
1767626617445 0.08996445173639596 4
1767626709972 0.08866557287394039 5
1767626805650 0.0881870385561936 6
1767626899100 0.08900738310090238 7
1767626993278 0.08791359037462401 8
1767627089526 0.0769756631118403 9
1767627193728 0.07178014766201805 10
1767627287414 0.08538419469510528 11
1767627389522 0.0840853158326497 12
1767627490960 0.07656549083948591 13
1767627583017 0.08606781514902925 14
