1774582353774 0.5556988742964353 0
1774582354904 0.6690900562851783 1
1774582356008 0.7679409005628518 2
1774582357085 0.8218808630393997 3
1774582358139 0.8659709193245778 4
1774582359197 0.9011491557223265 5
1774582360253 0.924718574108818 6
1774582361312 0.9352720450281425 7
1774582362378 0.9492260787992496 8
1774582363446 0.9541510318949343 9
1774582364508 0.9579033771106942 10
1774582365567 0.9613039399624765 11
1774582366684 0.9627110694183865 12
1774582367812 0.9638836772983115 13
1774582368897 0.9611866791744841 14
1774582370052 0.9670497185741088 15
1774582371136 0.9692776735459663 16
1774582372234 0.9657598499061913 17
1774582373340 0.9708020637898687 18
1774582374419 0.9724437148217636 19
1774582375529 0.9679878048780488 20
