1774582353770 47.498534202575684 0
1774582354898 40.87216657400131 1
1774582356000 32.76847314834595 2
1774582357079 26.331579715013504 3
1774582358135 21.31231701374054 4
1774582359193 16.033051043748856 5
1774582360249 12.896475538611412 6
1774582361308 10.908199585974216 7
1774582362373 9.23779047653079 8
1774582363441 8.159341702237725 9
1774582364503 7.416209816932678 10
1774582365562 7.037667993456125 11
1774582366679 6.969256639480591 12
1774582367804 6.451743174344301 13
1774582368891 6.8556225541979074 14
1774582370043 6.321136333048344 15
1774582371131 5.906369278207421 16
1774582372229 5.909581718966365 17
1774582373335 5.388382043689489 18
1774582374414 5.237652795389295 19
1774582375520 5.9254953153431416 20
