1773973729875 0.49970653832609463 0
1773973730807 0.489376687404625 1
1773973731732 0.49653715224791645 2
1773973732659 0.48832022537856556 3
1773973733587 0.4941894588566733 4
1773973734516 0.5000586923347811 5
1773973735442 0.49630238290879214 6
1773973736371 0.5011151543608404 7
1773973737317 0.4932503815001761 8
1773973738269 0.5014673083695269 9
1773973739215 0.5020542317173378 10
1773973740163 0.606643972297218 11
1773973741130 0.7161638689987088 12
1773973742083 0.7791994365535861 13
1773973743030 0.8220448409437727 14
1773973743991 0.8535039323864303 15
1773973745047 0.8725202488554995 16
1773973746136 0.8806197910552882 17
1773973747379 0.8908322573071957 18
1773973748336 0.8996361075243573 19
1773973749286 0.9056227256720273 20
1773973750243 0.9147787298978753 21
1773973751231 0.9245216574715343 22
1773973752189 0.9248738114802206 23
1773973753147 0.9261650428454044 24
1773973754104 0.9287475055757718 25
1773973755071 0.9381382791407442 26
1773973756047 0.9401338185233008 27
1773973757043 0.938725202488555 28
1773973758029 0.9472942833665923 29
1773973758994 0.9494072074187111 30
1773973759953 0.9497593614273976 31
1773973760914 0.9526939781664515 32
