1774577601681 34.0 0
1774577611691 61.1 1
1774577621698 71.4 2
1774577631705 68.8 3
1774577641713 83.9 4
1774577651727 80.7 5
1774577661736 79.0 6
1774577671749 79.0 7
1774577681758 79.6 8
1774577691764 87.4 9
1774577701771 78.9 10
1774577711781 78.9 11
1774577721795 77.8 12
1774577731802 80.0 13
1774577741815 78.9 14
1774577751822 85.3 15
1774577761832 78.8 16
1774577771844 78.7 17
1774577781853 80.9 18
1774577791863 78.9 19
1774577801871 77.3 20
1774577811880 83.6 21
1774577821887 65.1 22
1774577831897 79.0 23
1774577841906 65.9 24
1774577851918 78.9 25
1774577861925 79.2 26
1774577871933 79.2 27
1774577881941 79.2 28
1774577891950 78.7 29
1774577901959 79.2 30
1774577911970 79.5 31
1774577921979 67.9 32
1774577931988 86.2 33
1774577942000 83.5 34
1774577952008 78.9 35
1774577962015 78.9 36
1774577972025 79.0 37
1774577982034 79.4 38
1774577992042 74.7 39
1774578002050 79.3 40
1774578012061 62.5 41
1774578022069 76.5 42
1774578032076 79.0 43
1774578042086 79.1 44
1774578052095 79.4 45
1774578062108 61.8 46
1774578072123 79.1 47
1774578082136 79.0 48
1774578092146 79.0 49
1774578102155 85.0 50
