1774580821060 0.05404296073334246 0
1774580837487 0.055411136954439735 1
1774580853921 0.05397455192228759 2
1774580870330 0.06108906827199343 3
1774580886882 0.06300451498152962 4
1774580903249 0.06553564099055958 5
1774580919797 0.06950335203174168 6
1774580936230 0.06998221370912573 7
1774580952720 0.07825967984676427 8
1774580969012 0.08106444110001368 9
1774580985321 0.0868791900396771 10
1774581001728 0.09714051169790669 11
1774581018164 0.10117663155014366 12
1774581034595 0.10931728006567246 13
1774581050920 0.11800519906964017 14
1774581067208 0.12860856478314406 15
1774581083649 0.13695443973183746 16
1774581100088 0.14324805034888494 17
1774581116590 0.1554248187166507 18
1774581133023 0.17102202763715968 19
1774581149441 0.18183061978382817 20
1774581165828 0.1908605828430702 21
1774581182350 0.20132713093446436 22
1774581198889 0.20385825694349433 23
1774581215336 0.2059789300861951 24
1774581231725 0.21576139006704065 25
1774581248115 0.23334245450814065 26
1774581264555 0.24538240525379668 27
1774581280954 0.25270214803666713 28
1774581297388 0.26699958954713365 29
1774581313862 0.2692570803119442 30
1774581330239 0.2795868107812286 31
1774581346589 0.2932685729922014 32
1774581362983 0.309549870023259 33
1774581379405 0.31208099603228895 34
