1774580821055 349.12315487861633 0
1774580837482 347.6877222061157 1
1774580853915 346.5577144622803 2
1774580870325 345.9734191894531 3
1774580886877 345.3796546459198 4
1774580903244 344.7131779193878 5
1774580919792 343.3625717163086 6
1774580936224 343.0098192691803 7
1774580952715 341.72295022010803 8
1774580969007 341.0311303138733 9
1774580985315 339.9879403114319 10
1774581001722 338.2417643070221 11
1774581018159 337.8603639602661 12
1774581034589 336.64077162742615 13
1774581050914 334.9051570892334 14
1774581067202 333.4284734725952 15
1774581083643 331.7510509490967 16
1774581100082 330.5289669036865 17
1774581116584 328.56824374198914 18
1774581133017 326.20737051963806 19
1774581149435 323.2888832092285 20
1774581165822 320.60801911354065 21
1774581182344 316.01489901542664 22
1774581198883 308.71239018440247 23
1774581215329 302.5913999080658 24
1774581231719 298.3397686481476 25
1774581248109 292.50993967056274 26
1774581264548 289.3061947822571 27
1774581280948 285.2625434398651 28
1774581297381 281.0823333263397 29
1774581313855 277.1325652599335 30
1774581330232 273.3694396018982 31
1774581346582 270.21595001220703 32
1774581362975 264.6173195838928 33
1774581379398 261.55864810943604 34
