1774565988728 0.0 0
1774565998735 93.0 1
1774566008743 93.0 2
1774566018750 94.0 3
1774566028761 92.0 4
1774566038767 70.0 5
1774566048775 92.0 6
1774566058784 94.0 7
1774566068790 94.0 8
1774566078797 94.0 9
1774566088806 95.0 10
1774566098822 92.0 11
1774566108829 91.0 12
1774566118836 94.0 13
1774566128847 94.0 14
1774566138853 92.0 15
1774566148860 92.0 16
1774566158872 94.0 17
1774566168878 94.0 18
1774566178887 91.0 19
1774566188905 91.0 20
1774566198911 92.0 21
1774566208921 94.0 22
1774566218929 83.0 23
1774566228936 93.0 24
1774566238945 94.0 25
1774566248958 93.0 26
1774566258973 92.0 27
1774566268984 91.0 28
1774566278996 91.0 29
1774566289009 94.0 30
1774566299027 93.0 31
1774566309033 94.0 32
1774566319051 92.0 33
1774566329058 94.0 34
1774566339066 94.0 35
1774566349080 92.0 36
1774566359087 92.0 37
1774566369095 94.0 38
1774566379103 93.0 39
1774566389111 91.0 40
1774566399130 93.0 41
1774566409138 94.0 42
1774566419146 91.0 43
1774566429153 92.0 44
1774566439162 94.0 45
1774566449170 74.0 46
1774566459180 92.0 47
1774566469193 94.0 48
1774566479211 93.0 49
1774566489222 92.0 50
1774566499229 91.0 51
1774566509241 92.0 52
1774566519249 94.0 53
1774566529259 92.0 54
1774566539271 93.0 55
1774566549279 92.0 56
1774566559287 92.0 57
1774566569296 93.0 58
1774566579304 93.0 59
1774566589316 92.0 60
1774566599325 93.0 61
1774566609338 93.0 62
1774566619351 94.0 63
1774566629360 92.0 64
1774566639370 92.0 65
1774566649386 92.0 66
1774566659397 94.0 67
1774566669406 92.0 68
1774566679414 95.0 69
1774566689422 93.0 70
1774566699430 94.0 71
1774566709441 94.0 72
1774566719449 94.0 73
1774566729462 92.0 74
1774566739474 92.0 75
1774566749487 94.0 76
1774566759503 91.0 77
1774566769513 94.0 78
1774566779522 92.0 79
1774566789530 94.0 80
1774566799540 92.0 81
1774566809549 92.0 82
