1774569401861 3.093599693183779 0
1774569403346 2.7222908728914397 1
1774569405043 2.209394172337561 2
1774569406539 1.8104949660985574 3
1774569408041 1.513403714070129 4
1774569409754 1.3034966805187063 5
1774569411471 1.1186879048156322 6
1774569413001 0.9627830514194766 7
1774569414728 0.834384751851589 8
1774569416244 0.730083839032829 9
1774569417783 0.644664896098839 10
1774569419513 0.5726401982677344 11
1774569421026 0.5048236058950261 12
1774569422718 0.4517988006945331 13
1774569424458 0.39542370604447746 14
1774569426043 0.3632018294041159 15
1774569427590 0.3223707415341907 16
1774569429302 0.29216155731118576 17
1774569430819 0.27349364737558174 18
1774569432326 0.2518161941543456 19
1774569434026 0.22286301017631208 20
1774569435732 0.20888020798313192 21
1774569437284 0.19206457681019143 22
1774569438999 0.17901288785365557 23
1774569440532 0.16640196706580307 24
1774569442050 0.1526169537384772 25
1774569443580 0.14585846834387267 26
1774569445298 0.13709343054019274 27
1774569446979 0.13006653284297495 28
1774569448511 0.12425538579674553 29
1774569450227 0.1160208298708137 30
1774569451761 0.11256006826314184 31
1774569453307 0.1005323066449162 32
1774569455018 0.09873435970557373 33
1774569456574 0.09376933709661585 34
1774569458282 0.08935828433246061 35
1774569460018 0.08869548241752723 36
1774569461568 0.07996753224727637 37
1774569463133 0.08180144231958614 38
1774569464858 0.07807339167632422 39
1774569466380 0.07076686116633459 40
1774569467905 0.06652725522096384 41
1774569469854 0.06395300218517175 42
1774569471416 0.06506482892289894 43
1774569472985 0.06530600970613269 44
1774569474728 0.06037112453870627 45
1774569476267 0.05924342059333961 46
1774569477783 0.05700881061862702 47
1774569479510 0.055012664642097815 48
1774569481021 0.05717064594888935 49
1774569482709 0.04908948683980503 50
1774569484413 0.05127175330793601 51
1774569485937 0.04740815421925441 52
1774569487499 0.048742677381865905 53
1774569489361 0.04726995177437545 54
1774569490898 0.047073238939943904 55
1774569492588 0.04491469963063928 56
1774569494271 0.043533636298082094 57
1774569495826 0.045099532148354944 58
1774569497356 0.04288377788160972 59
1774569499137 0.035156493184646906 60
