1773589540428 0.6102487483137836 0
1773589540700 0.4958513193191597 1
1773589540949 0.42273499019393185 2
1773589541196 0.3824223634805955 3
1773589541436 0.3404990489864641 4
1773589541682 0.3285357251451516 5
1773589541923 0.3005235174698407 6
1773589542176 0.2988219062510642 7
1773589542417 0.2784155728485958 8
1773589542658 0.2610124959304925 9
1773589543140 0.2527811830881313 10
1773589543390 0.23807693222200846 11
1773589543636 0.22597856635686345 12
1773589543882 0.22566992378700151 13
1773589544130 0.22073221477850055 14
1773589544589 0.19987528005782615 15
1773589544840 0.20544233846714882 16
