1773589540432 0.672348930166941 0
1773589540704 0.7611098048436398 1
1773589540954 0.8043733834940042 2
1773589541200 0.8315306842229014 3
1773589541441 0.8524570891135669 4
1773589541687 0.8573947801551846 5
1773589541928 0.8720902892076181 6
1773589542182 0.872795673642135 7
1773589542422 0.8826710557253703 8
1773589542663 0.8900775922877968 9
1773589543145 0.8944274629673172 10
1773589543395 0.9003056665882906 11
1773589543641 0.909945920526687 12
1773589543887 0.908182459440395 13
1773589544135 0.909945920526687 14
1773589544594 0.923230660710087 15
1773589544845 0.9173524570891136 16
