1774573205159 0.05924203037351211 0
1774573221722 0.10931728006567246 1
1774573238132 0.18162539335066358 2
1774573254490 0.2672732247913531 3
1774573270904 0.3209057326583664 4
1774573287375 0.37720618415651935 5
1774573303805 0.39902859488302095 6
1774573320129 0.4479408947872486 7
1774573336555 0.47947735668354086 8
1774573353042 0.5127924476672595 9
1774573369441 0.5406348337665892 10
1774573386002 0.5666301819674374 11
1774573402371 0.588931454371323 12
1774573418733 0.611027500342044 13
1774573435184 0.6302503762484608 14
1774573451528 0.6618552469558079 15
1774573467977 0.6778629087426461 16
1774573484417 0.6932548912299904 17
1774573500923 0.7193870570529484 18
1774573517437 0.7343001778629087 19
1774573533822 0.7473662607743877 20
1774573550099 0.7607059789300862 21
1774573566388 0.7691886715008893 22
1774573582797 0.7815022574907649 23
1774573599141 0.8129019017649474 24
1774573615636 0.8107812286222466 25
1774573632029 0.7967574223559994 26
1774573648454 0.841223149541661 27
1774573664775 0.8534683267204816 28
1774573681155 0.8562046791626762 29
1774573697560 0.8743330140922151 30
1774573714030 0.8508003830893419 31
1774573730346 0.8349979477356684 32
1774573746804 0.877890272267068 33
1774573763098 0.8956765631413326 34
1774573779424 0.9034067587905322 35
1774573795660 0.921603502531126 36
1774573812040 0.9252975783280887 37
1774573828513 0.9250239430838691 38
1774573844993 0.9263921193049665 39
1774573861466 0.9339854973320564 40
1774573877868 0.9404159255712136 41
1774573894183 0.9384320700506226 42
1774573910669 0.9470515802435354 43
1774573926999 0.9545765494595704 44
1774573943556 0.9618962922424408 45
1774573959948 0.9617594746203311 46
1774573976329 0.96230674510877 47
1774573992749 0.9644274182514708 48
1774574009109 0.96230674510877 49
1774574025335 0.9235189492406622 50
1774574041630 0.946230674510877 51
1774574058040 0.9506088384183883 52
1774574074497 0.9662060473388973 53
1774574090807 0.9699685319469148 54
1774574107119 0.9684635381037078 55
1774574123603 0.9605965248323984 56
1774574139933 0.9696264878916404 57
