1774574293002 46.8070632815361 0
1774574294063 45.155487418174744 1
1774574295139 43.44511902332306 2
1774574296243 41.83155691623688 3
1774574297373 39.81381458044052 4
1774574298445 37.81431579589844 5
1774574299543 36.21081009507179 6
1774574300625 33.967862874269485 7
1774574301717 32.86848732829094 8
1774574302787 31.444947600364685 9
1774574303855 29.39776661992073 10
1774574304937 27.867188453674316 11
1774574305999 25.913741439580917 12
1774574307121 24.96590730547905 13
1774574308185 23.05583246052265 14
1774574309251 22.142978221178055 15
1774574310352 20.17640843987465 16
1774574311464 19.804921492934227 17
1774574312540 17.95259627699852 18
1774574313607 17.170794263482094 19
1774574314676 16.6470268368721 20
1774574315752 15.366158068180084 21
1774574316818 13.934739753603935 22
1774574317900 13.578345894813538 23
1774574319015 12.306137435138226 24
1774574320156 11.1726591065526 25
1774574321247 10.798066653311253 26
1774574322327 10.089156411588192 27
1774574323403 10.005706243216991 28
1774574324529 9.417269669473171 29
1774574325679 9.012291796505451 30
1774574326811 8.113101415336132 31
1774574327881 7.729873616248369 32
1774574328951 6.535879120230675 33
1774574330013 6.644018214195967 34
1774574331122 6.408317014575005 35
1774574332205 5.926178719848394 36
1774574333296 5.769547000527382 37
1774574334391 5.410950971767306 38
1774574335462 5.177713209763169 39
1774574336531 5.356103494763374 40
1774574337598 4.474605161696672 41
1774574338667 4.153979558497667 42
1774574339733 4.655003188177943 43
1774574340803 4.754173711873591 44
1774574341875 4.05953833181411 45
1774574342953 3.5259723775088787 46
