1768650807094 63.60165071487427 0
1768650808091 46.88728356361389 1
1768650809090 38.381374537944794 2
1768650810092 34.64913159608841 3
1768650811086 32.533733397722244 4
1768650812082 31.145426630973816 5
1768650813074 29.558935523033142 6
1768650814069 27.171466380357742 7
1768650815070 25.17848852276802 8
1768650816069 21.894642055034637 9
1768650817073 19.353115618228912 10
1768650818076 16.994858466088772 11
1768650819091 14.974487885832787 12
1768650820105 12.42777556926012 13
1768650821120 10.559038940817118 14
1768650822142 10.840339839458466 15
1768650823164 8.338847450911999 16
1768650824187 7.453460332006216 17
