1768650807098 0.4909475664237009 0
1768650808095 0.5279802492358335 1
1768650809093 0.7140841758758524 2
1768650810095 0.7505290383258876 3
1768650811090 0.7712203150717141 4
1768650812086 0.7873265929931813 5
1768650813078 0.8009640253938396 6
1768650814073 0.821890430284505 7
1768650815073 0.8365859393369386 8
1768650816074 0.8653891370797084 9
1768650817077 0.8861979778979544 10
1768650818080 0.9070068187162004 11
1768650819096 0.9201739948271808 12
1768650820110 0.9372207853280038 13
1768650821125 0.9527392428873737 14
1768650822147 0.9499177051493064 15
1768650823169 0.9642605219844815 16
1768650824193 0.9697860333881966 17
