1774543156012 0.5678549093183239 0
1774543156377 0.6632270168855535 1
1774543156741 0.724202626641651 2
1774543157112 0.7451532207629769 3
1774543157473 0.7435897435897436 4
1774543157878 0.7626641651031895 5
1774543158251 0.7754846779237023 6
1774543158617 0.782989368355222 7
1774543158987 0.7892432770481551 8
1774543159350 0.7792370231394622 9
1774543159719 0.7948717948717948 10
1774543160083 0.7967479674796748 11
1774543160448 0.799249530956848 12
1774543160812 0.8105065666041276 13
1774543161178 0.8183239524702939 14
1774543161543 0.8255159474671669 15
1774543161908 0.8339587242026266 16
1774543162288 0.8236397748592871 17
1774543162661 0.8258286429018137 18
1774543163027 0.8552220137585991 19
1774543163394 0.8502188868042526 20
1774543163762 0.8564727954971857 21
1774543164125 0.8652282676672921 22
1774543164491 0.8642901813633521 23
1774543164859 0.8774233896185115 24
1774543165227 0.8849280800500313 25
1774543165624 0.8864915572232646 26
1774543165998 0.8889931207004378 27
1774543166369 0.8918073796122576 28
1774543166736 0.9002501563477173 29
