1773957548149 0.35038993022301274 0
1773957554455 0.6203995074565604 1
1773957560778 0.7245177178820632 2
1773957567079 0.7824599808455329 3
1773957573375 0.825625940621152 4
1773957579702 0.861814201669175 5
1773957585995 0.8815159392529758 6
1773957592323 0.9033383499794774 7
1773957598619 0.9201669174989738 8
1773957604942 0.9352168559310439 9
1773957611256 0.9402791079491039 10
1773957617573 0.9486249828977973 11
1773957623909 0.9501299767410042 12
1773957630228 0.9575865371459844 13
1773957636534 0.9611437953208373 14
1773957642888 0.9655219592283486 15
1773957649259 0.9627856067861541 16
1773957655579 0.9668901354494459 17
1773957661863 0.9660692297167875 18
1773957668141 0.9716103434122315 19
1773957674456 0.9683951292926529 20
1773957680842 0.9682583116705432 21
1773957687165 0.9694212614584758 22
1773957693480 0.9683951292926529 23
1773957699781 0.9748255575318101 24
1773957706097 0.9702421671911342 25
1773957712436 0.973388972499658 26
1773957718758 0.9729101108222739 27
1773957725080 0.973867834177042 28
1773957731343 0.9740046517991517 29
1773957737653 0.9725680667669996 30
