1774597051079 0.8558493479543255 0
1774597051424 0.690097873179514 1
1774597051935 0.688656106069176 2
1774597052287 0.6844013530227567 3
1774597052622 0.6684855547563457 4
1774597053133 0.6408553315475916 5
1774597053496 0.6188927946610925 6
1774597053876 0.5935027082191197 7
1774597054408 0.5661961309578513 8
1774597054784 0.5407548367963128 9
1774597055131 0.52063068006842 10
1774597055627 0.49852921490862095 11
1774597055944 0.4800907094675374 12
1774597056285 0.46981045908572505 13
1774597056936 0.4470265020756281 14
1774597057287 0.4390073951247045 15
1774597057608 0.4251365603039524 16
1774597058127 0.4155616612678804 17
1774597058480 0.4098584617891229 18
1774597058861 0.389893386620733 19
1774597059393 0.3789053399745588 20
1774597059772 0.3691379881426499 21
1774597060157 0.36299370905104567 22
1774597060675 0.3592555126301855 23
1774597061028 0.35838925328334303 24
1774597061402 0.3466470294662456 25
