1774353785639 3.1089846953707734 0
1774353787563 2.767423040682765 1
1774353789682 2.3132966906251515 2
1774353791569 1.9664916031134803 3
1774353793462 1.6781397284325603 4
1774353795548 1.4631334202257533 5
1774353797650 1.2773502589986263 6
1774353799612 1.1415614004469021 7
1774353801748 1.0109842371553062 8
1774353803693 0.8883688343469334 9
1774353805589 0.7987287923223192 10
1774353807780 0.7346325529743336 11
1774353809755 0.6597963890719317 12
1774353811841 0.5947522767896614 13
1774353813792 0.5537553241231286 14
1774353815960 0.4972024020104529 15
1774353817918 0.4521636504257199 16
1774353820064 0.4191260936950363 17
1774353822010 0.3784920786294612 18
1774353823969 0.3602661121707665 19
1774353825883 0.3437065806993286 20
1774353828179 0.3145414004477906 21
1774353830107 0.2913117158427839 22
1774353832043 0.26753112963025516 23
1774353834175 0.2564842427995437 24
1774353836115 0.23771441652648856 25
1774353838072 0.22484340519877516 26
1774353840429 0.21157686944751675 27
1774353842356 0.2019818113087937 28
1774353844288 0.19181484302605417 29
1774353846412 0.18128103930788436 30
1774353848330 0.1757333984306806 31
1774353850229 0.16498110667173846 32
1774353852390 0.1533777273821063 33
1774353854317 0.14532314067186508 34
1774353856430 0.14862971475494025 35
1774353858593 0.137804420069256 36
1774353860523 0.13057306066281202 37
1774353862464 0.1280680945857535 38
1774353864643 0.12734727588956452 39
1774353866598 0.12095956202036293 40
1774353868597 0.10893377259713703 41
1774353870932 0.10542855836816711 42
1774353872891 0.10195574827000811 43
1774353874824 0.09751969212086807 44
1774353876988 0.09573294724960482 45
1774353878975 0.09693178092457048 46
1774353880948 0.09735048580454751 47
1774353883113 0.09594815480602872 48
1774353885073 0.08391225899279435 49
