1774714831409 0.0 0
1774714841418 19.0 1
1774714851437 10.9 2
1774714861446 10.7 3
1774714871457 19.1 4
1774714881465 10.3 5
1774714891473 10.4 6
1774714901481 18.2 7
1774714911488 11.4 8
1774714921495 10.1 9
1774714931502 14.8 10
1774714941510 15.5 11
1774714951521 10.3 12
1774714961529 13.0 13
1774714971536 17.2 14
1774714981544 10.1 15
1774714991554 12.5 16
1774715001566 16.7 17
1774715011574 10.1 18
1774715021582 12.8 19
1774715031592 16.6 20
1774715041602 10.1 21
1774715051611 11.9 22
1774715061618 13.9 23
1774715071626 13.8 24
1774715081634 11.5 25
1774715091641 13.6 26
1774715101649 14.5 27
1774715111663 11.3 28
1774715121671 13.9 29
1774715131683 14.6 30
1774715141691 11.1 31
1774715151703 13.9 32
1774715161712 14.6 33
1774715171720 11.1 34
1774715181730 14.2 35
1774715191738 10.6 36
1774715201749 14.7 37
1774715211759 14.1 38
1774715221768 10.4 39
1774715231777 15.9 40
1774715241785 14.3 41
1774715251794 10.1 42
1774715261809 15.4 43
1774715271819 14.3 44
1774715281834 10.4 45
1774715291843 14.8 46
1774715301858 13.7 47
1774715311867 11.4 48
1774715321878 10.6 49
1774715331887 18.1 50
1774715341897 12.3 51
1774715351912 10.0 52
1774715361921 16.8 53
1774715371929 12.0 54
1774715381937 10.1 55
1774715391945 17.3 56
1774715401953 12.5 57
1774715411962 10.5 58
1774715421972 16.3 59
1774715431984 13.3 60
1774715441994 10.3 61
1774715452004 12.6 62
1774715462012 17.1 63
1774715472024 10.2 64
1774715482038 11.4 65
1774715492049 18.6 66
1774715502059 10.3 67
1774715512068 11.5 68
1774715522076 18.6 69
1774715532085 10.3 70
1774715542101 11.2 71
1774715552111 16.0 72
1774715562131 12.4 73
1774715572152 11.1 74
1774715582163 13.9 75
1774715592172 14.9 76
1774715602186 10.8 77
1774715612201 14.0 78
1774715622210 14.8 79
1774715632220 11.0 80
1774715642231 14.0 81
1774715652241 14.5 82
1774715662250 10.7 83
1774715672264 13.6 84
1774715682277 13.0 85
1774715692288 13.4 86
1774715702299 12.5 87
1774715712310 12.2 88
1774715722320 14.7 89
1774715732335 12.9 90
1774715742344 12.5 91
1774715752360 15.1 92
1774715762373 12.7 93
1774715772383 12.2 94
1774715782393 14.5 95
1774715792402 12.9 96
1774715802418 13.0 97
1774715812429 11.8 98
1774715822442 15.6 99
1774715832452 13.2 100
1774715842463 10.6 101
1774715852476 16.2 102
1774715862487 13.7 103
1774715872500 10.3 104
1774715882513 15.8 105
1774715892529 13.8 106
1774715902539 10.3 107
1774715912548 15.8 108
1774715922558 13.6 109
1774715932574 10.2 110
1774715942585 11.4 111
1774715952595 18.0 112
1774715962605 10.5 113
1774715972616 11.0 114
1774715982626 19.2 115
1774715992637 10.1 116
1774716002653 10.8 117
1774716012664 18.5 118
1774716022679 10.1 119
1774716032692 10.6 120
1774716042703 18.0 121
1774716052717 11.1 122
1774716062728 10.5 123
1774716072738 13.5 124
1774716082748 16.8 125
1774716092758 10.2 126
1774716102779 12.9 127
1774716112797 17.4 128
1774716122809 11.1 129
1774716132821 12.7 130
1774716142835 16.8 131
1774716152847 10.6 132
1774716162862 12.8 133
1774716172879 15.3 134
1774716182889 12.0 135
1774716192901 12.8 136
1774716202924 12.7 137
1774716212935 15.1 138
1774716222946 11.9 139
1774716232961 13.3 140
1774716242978 14.8 141
1774716252990 11.5 142
1774716263004 13.6 143
1774716273014 15.1 144
1774716283030 11.4 145
1774716293044 13.8 146
1774716303056 12.3 147
1774716313070 13.3 148
1774716323081 14.6 149
1774716333094 10.3 150
1774716343109 16.2 151
1774716353122 13.9 152
1774716363134 10.1 153
1774716373144 15.6 154
1774716383155 13.6 155
1774716393166 9.9 156
1774716403184 15.0 157
1774716413195 14.0 158
1774716423209 10.2 159
1774716433221 12.0 160
1774716443232 17.5 161
1774716453244 10.4 162
1774716463265 11.1 163
1774716473277 18.5 164
1774716483288 11.4 165
1774716493302 10.4 166
1774716503317 17.3 167
1774716513329 12.4 168
1774716523340 10.3 169
1774716533352 17.1 170
1774716543367 12.4 171
1774716553378 10.5 172
1774716563389 12.9 173
1774716573405 17.2 174
1774716583419 10.3 175
1774716593439 12.5 176
1774716603455 17.2 177
1774716613469 10.2 178
1774716623483 11.8 179
1774716633499 18.0 180
1774716643517 10.3 181
1774716653528 11.9 182
1774716663545 16.4 183
1774716673555 11.9 184
1774716683568 11.4 185
1774716693590 14.0 186
1774716703608 14.8 187
1774716713622 11.5 188
1774716723635 14.0 189
1774716733648 15.0 190
1774716743659 10.9 191
1774716753672 14.1 192
1774716763684 14.7 193
1774716773702 11.3 194
1774716783714 14.2 195
1774716793733 13.2 196
1774716803752 13.0 197
1774716813769 14.3 198
1774716823782 10.0 199
1774716833793 15.3 200
1774716843805 13.8 201
1774716853817 11.3 202
1774716863830 14.5 203
1774716873844 12.6 204
1774716883862 12.4 205
1774716893878 14.5 206
1774716903894 12.5 207
1774716913910 12.6 208
1774716923927 12.4 209
1774716933943 15.6 210
1774716943962 13.0 211
1774716953977 10.7 212
1774716963993 17.5 213
1774716974005 12.7 214
1774716984016 10.1 215
1774716994028 16.8 216
1774717004041 13.6 217
1774717014053 11.3 218
1774717024069 16.3 219
1774717034086 13.5 220
1774717044103 10.1 221
1774717054119 11.9 222
1774717064132 17.9 223
1774717074145 10.5 224
1774717084158 11.7 225
1774717094170 18.4 226
1774717104189 10.3 227
1774717114203 11.0 228
1774717124221 19.1 229
1774717134238 10.1 230
1774717144252 10.6 231
1774717154265 18.2 232
1774717164281 10.9 233
1774717174294 10.4 234
1774717184305 14.3 235
1774717194320 15.1 236
1774717204332 10.5 237
1774717214344 14.1 238
1774717224360 15.6 239
1774717234374 10.8 240
1774717244391 13.0 241
1774717254404 16.5 242
1774717264418 9.9 243
1774717274431 12.5 244
1774717284444 15.4 245
1774717294463 11.3 246
1774717304480 12.9 247
1774717314498 12.7 248
1774717324518 15.0 249
1774717334545 12.8 250
1774717344558 12.3 251
1774717354578 14.6 252
1774717364602 12.9 253
1774717374616 12.1 254
1774717384633 14.7 255
1774717394654 11.5 256
1774717404671 13.6 257
1774717414685 13.2 258
1774717424699 14.1 259
1774717434717 13.8 260
1774717444732 10.3 261
1774717454747 16.0 262
1774717464764 13.6 263
1774717474781 10.4 264
1774717484793 15.9 265
