1774714831409 0.0 0
1774714841418 95.0 1
1774714851437 92.0 2
1774714861446 90.0 3
1774714871457 94.0 4
1774714881465 91.0 5
1774714891473 94.0 6
1774714901481 91.0 7
1774714911488 90.0 8
1774714921495 94.0 9
1774714931502 94.0 10
1774714941510 91.0 11
1774714951521 90.0 12
1774714961529 94.0 13
1774714971536 94.0 14
1774714981544 94.0 15
1774714991554 92.0 16
1774715001566 92.0 17
1774715011574 94.0 18
1774715021582 90.0 19
1774715031592 93.0 20
1774715041602 94.0 21
1774715051611 94.0 22
1774715061618 81.0 23
1774715071626 94.0 24
1774715081634 94.0 25
1774715091641 93.0 26
1774715101649 91.0 27
1774715111663 92.0 28
1774715121671 93.0 29
1774715131683 94.0 30
1774715141691 93.0 31
1774715151703 94.0 32
1774715161712 93.0 33
1774715171720 93.0 34
1774715181730 94.0 35
1774715191738 91.0 36
1774715201749 91.0 37
1774715211759 90.0 38
1774715221768 94.0 39
1774715231777 92.0 40
1774715241785 92.0 41
1774715251794 93.0 42
1774715261809 93.0 43
1774715271819 91.0 44
1774715281834 92.0 45
1774715291843 94.0 46
1774715301858 94.0 47
1774715311867 94.0 48
1774715321878 90.0 49
1774715331887 91.0 50
1774715341897 94.0 51
1774715351912 94.0 52
1774715361921 94.0 53
1774715371929 90.0 54
1774715381937 94.0 55
1774715391945 91.0 56
1774715401953 94.0 57
1774715411962 92.0 58
1774715421972 94.0 59
1774715431984 92.0 60
1774715441994 92.0 61
1774715452004 90.0 62
1774715462012 94.0 63
1774715472024 94.0 64
1774715482038 94.0 65
1774715492049 94.0 66
1774715502059 94.0 67
1774715512068 93.0 68
1774715522076 91.0 69
1774715532085 91.0 70
1774715542101 91.0 71
1774715552111 89.0 72
1774715562131 91.0 73
1774715572152 94.0 74
1774715582163 93.0 75
1774715592172 92.0 76
1774715602186 94.0 77
1774715612201 80.0 78
1774715622210 90.0 79
1774715632220 94.0 80
1774715642231 92.0 81
1774715652241 91.0 82
1774715662250 92.0 83
1774715672264 94.0 84
1774715682277 94.0 85
1774715692288 94.0 86
1774715702299 94.0 87
1774715712310 93.0 88
1774715722320 93.0 89
1774715732335 91.0 90
1774715742344 91.0 91
1774715752360 94.0 92
1774715762373 94.0 93
1774715772383 94.0 94
1774715782393 94.0 95
1774715792402 94.0 96
1774715802418 93.0 97
1774715812429 92.0 98
1774715822442 94.0 99
1774715832452 92.0 100
1774715842463 94.0 101
1774715852476 94.0 102
1774715862487 90.0 103
1774715872500 94.0 104
1774715882513 93.0 105
1774715892529 89.0 106
1774715902539 90.0 107
1774715912548 91.0 108
1774715922558 94.0 109
1774715932574 93.0 110
1774715942585 91.0 111
1774715952595 94.0 112
1774715962605 94.0 113
1774715972616 94.0 114
1774715982626 94.0 115
1774715992637 94.0 116
1774716002653 94.0 117
1774716012664 94.0 118
1774716022679 91.0 119
1774716032692 91.0 120
1774716042703 91.0 121
1774716052717 94.0 122
1774716062728 93.0 123
1774716072738 95.0 124
1774716082748 91.0 125
1774716092758 92.0 126
1774716102779 91.0 127
1774716112797 92.0 128
1774716122809 90.0 129
1774716132821 94.0 130
1774716142835 94.0 131
1774716152847 94.0 132
1774716162862 94.0 133
1774716172879 94.0 134
1774716182889 91.0 135
1774716192901 94.0 136
1774716202924 94.0 137
1774716212935 94.0 138
1774716222946 94.0 139
1774716232961 91.0 140
1774716242978 94.0 141
1774716252990 94.0 142
1774716263004 94.0 143
1774716273014 94.0 144
1774716283030 93.0 145
1774716293044 91.0 146
1774716303056 94.0 147
1774716313070 94.0 148
1774716323081 93.0 149
1774716333094 94.0 150
1774716343109 94.0 151
1774716353122 90.0 152
1774716363134 92.0 153
1774716373144 90.0 154
1774716383155 94.0 155
1774716393166 90.0 156
1774716403184 94.0 157
1774716413195 92.0 158
1774716423209 91.0 159
1774716433221 93.0 160
1774716443232 93.0 161
1774716453244 93.0 162
1774716463265 94.0 163
1774716473277 93.0 164
1774716483288 90.0 165
1774716493302 94.0 166
1774716503317 93.0 167
1774716513329 90.0 168
1774716523340 93.0 169
1774716533352 94.0 170
1774716543367 90.0 171
1774716553378 93.0 172
1774716563389 89.0 173
1774716573405 94.0 174
1774716583419 94.0 175
1774716593439 94.0 176
1774716603455 94.0 177
1774716613469 92.0 178
1774716623483 94.0 179
1774716633499 92.0 180
1774716643517 90.0 181
1774716653528 82.0 182
1774716663545 91.0 183
1774716673555 93.0 184
1774716683568 94.0 185
1774716693590 94.0 186
1774716703608 94.0 187
1774716713622 94.0 188
1774716723635 94.0 189
1774716733648 94.0 190
1774716743659 94.0 191
1774716753672 92.0 192
1774716763684 91.0 193
1774716773702 91.0 194
1774716783714 94.0 195
1774716793733 93.0 196
1774716803752 90.0 197
1774716813769 91.0 198
1774716823782 92.0 199
1774716833793 94.0 200
1774716843805 93.0 201
1774716853817 91.0 202
1774716863830 91.0 203
1774716873844 92.0 204
1774716883862 90.0 205
1774716893878 90.0 206
1774716903894 93.0 207
1774716913910 74.0 208
1774716923927 94.0 209
1774716933943 93.0 210
1774716943962 94.0 211
1774716953977 92.0 212
1774716963993 94.0 213
1774716974005 92.0 214
1774716984016 94.0 215
1774716994028 94.0 216
1774717004041 94.0 217
1774717014053 94.0 218
1774717024069 94.0 219
1774717034086 94.0 220
1774717044103 90.0 221
1774717054119 91.0 222
1774717064132 94.0 223
1774717074145 91.0 224
1774717084158 94.0 225
1774717094170 94.0 226
1774717104189 94.0 227
1774717114203 90.0 228
1774717124221 92.0 229
1774717134238 91.0 230
1774717144252 94.0 231
1774717154265 94.0 232
1774717164281 94.0 233
1774717174294 82.0 234
1774717184305 93.0 235
1774717194320 94.0 236
1774717204332 94.0 237
1774717214344 94.0 238
1774717224360 94.0 239
1774717234374 91.0 240
1774717244391 94.0 241
1774717254404 94.0 242
1774717264418 94.0 243
1774717274431 94.0 244
1774717284444 94.0 245
1774717294463 94.0 246
1774717304480 94.0 247
1774717314498 91.0 248
1774717324518 94.0 249
1774717334545 94.0 250
1774717344558 93.0 251
1774717354578 91.0 252
1774717364602 91.0 253
1774717374616 95.0 254
1774717384633 91.0 255
1774717394654 91.0 256
1774717404671 94.0 257
1774717414685 92.0 258
1774717424699 91.0 259
1774717434717 80.0 260
1774717444732 94.0 261
1774717454747 94.0 262
1774717464764 91.0 263
1774717474781 94.0 264
1774717484793 94.0 265
