1774714831409 33.3 0
1774714841418 86.8 1
1774714851437 86.4 2
1774714861446 83.5 3
1774714871457 79.4 4
1774714881465 100.0 5
1774714891473 79.5 6
1774714901481 79.0 7
1774714911488 79.4 8
1774714921495 77.3 9
1774714931502 83.6 10
1774714941510 86.3 11
1774714951521 76.1 12
1774714961529 96.1 13
1774714971536 76.5 14
1774714981544 86.1 15
1774714991554 93.4 16
1774715001566 73.7 17
1774715011574 79.8 18
1774715021582 84.3 19
1774715031592 92.4 20
1774715041602 79.6 21
1774715051611 77.8 22
1774715061618 79.3 23
1774715071626 90.3 24
1774715081634 67.9 25
1774715091641 89.5 26
1774715101649 75.8 27
1774715111663 81.5 28
1774715121671 75.2 29
1774715131683 78.8 30
1774715141691 78.8 31
1774715151703 91.3 32
1774715161712 79.8 33
1774715171720 65.0 34
1774715181730 78.8 35
1774715191738 77.9 36
1774715201749 82.3 37
1774715211759 94.7 38
1774715221768 79.4 39
1774715231777 80.3 40
1774715241785 75.4 41
1774715251794 80.2 42
1774715261809 86.9 43
1774715271819 80.7 44
1774715281834 91.9 45
1774715291843 88.8 46
1774715301858 69.0 47
1774715311867 84.1 48
1774715321878 63.2 49
1774715331887 77.6 50
1774715341897 78.6 51
1774715351912 77.5 52
1774715361921 67.6 53
1774715371929 79.8 54
1774715381937 91.9 55
1774715391945 73.6 56
1774715401953 84.4 57
1774715411962 78.1 58
1774715421972 74.7 59
1774715431984 76.8 60
1774715441994 76.0 61
1774715452004 79.9 62
1774715462012 77.0 63
1774715472024 76.7 64
1774715482038 87.8 65
1774715492049 77.2 66
1774715502059 98.7 67
1774715512068 104.3 68
1774715522076 76.5 69
1774715532085 78.1 70
1774715542101 61.6 71
1774715552111 80.1 72
1774715562131 90.3 73
1774715572152 106.7 74
1774715582163 80.3 75
1774715592172 75.0 76
1774715602186 77.7 77
1774715612201 87.7 78
1774715622210 58.6 79
1774715632220 79.6 80
1774715642231 78.3 81
1774715652241 73.0 82
1774715662250 75.1 83
1774715672264 76.7 84
1774715682277 74.6 85
1774715692288 79.7 86
1774715702299 82.7 87
1774715712310 75.0 88
1774715722320 86.8 89
1774715732335 79.7 90
1774715742344 78.8 91
1774715752360 78.4 92
1774715762373 76.4 93
1774715772383 81.1 94
1774715782393 66.4 95
1774715792402 77.4 96
1774715802418 77.4 97
1774715812429 74.3 98
1774715822442 76.8 99
1774715832452 95.6 100
1774715842463 75.2 101
1774715852476 87.5 102
1774715862487 95.1 103
1774715872500 49.2 104
1774715882513 78.7 105
1774715892529 92.0 106
1774715902539 80.2 107
1774715912548 78.2 108
1774715922558 86.7 109
1774715932574 80.6 110
1774715942585 96.0 111
1774715952595 76.6 112
1774715962605 76.2 113
1774715972616 76.8 114
1774715982626 67.3 115
1774715992637 80.8 116
1774716002653 83.9 117
1774716012664 76.6 118
1774716022679 79.9 119
1774716032692 75.6 120
1774716042703 76.0 121
1774716052717 79.1 122
1774716062728 77.1 123
1774716072738 83.9 124
1774716082748 74.4 125
1774716092758 76.5 126
1774716102779 90.2 127
1774716112797 93.4 128
1774716122809 80.0 129
1774716132821 77.3 130
1774716142835 78.6 131
1774716152847 98.8 132
1774716162862 76.1 133
1774716172879 76.3 134
1774716182889 84.6 135
1774716192901 76.8 136
1774716202924 107.5 137
1774716212935 76.1 138
1774716222946 83.9 139
1774716232961 74.9 140
1774716242978 76.7 141
1774716252990 73.8 142
1774716263004 80.7 143
1774716273014 87.5 144
1774716283030 80.5 145
1774716293044 76.3 146
1774716303056 78.9 147
1774716313070 80.0 148
1774716323081 81.4 149
1774716333094 76.6 150
1774716343109 84.4 151
1774716353122 86.4 152
1774716363134 86.4 153
1774716373144 78.5 154
1774716383155 76.1 155
1774716393166 83.9 156
1774716403184 95.8 157
1774716413195 79.8 158
1774716423209 77.3 159
1774716433221 65.3 160
1774716443232 78.0 161
1774716453244 79.9 162
1774716463265 77.2 163
1774716473277 74.3 164
1774716483288 89.1 165
1774716493302 91.4 166
1774716503317 75.1 167
1774716513329 72.2 168
1774716523340 78.3 169
1774716533352 76.1 170
1774716543367 77.5 171
1774716553378 89.2 172
1774716563389 76.3 173
1774716573405 79.8 174
1774716583419 79.9 175
1774716593439 79.1 176
1774716603455 79.7 177
1774716613469 70.0 178
1774716623483 77.0 179
1774716633499 79.9 180
1774716643517 80.8 181
1774716653528 72.3 182
1774716663545 81.1 183
1774716673555 72.9 184
1774716683568 80.1 185
1774716693590 107.4 186
1774716703608 80.4 187
1774716713622 67.2 188
1774716723635 75.9 189
1774716733648 80.4 190
1774716743659 77.2 191
1774716753672 75.4 192
1774716763684 79.8 193
1774716773702 78.8 194
1774716783714 89.8 195
1774716793733 74.4 196
1774716803752 90.0 197
1774716813769 76.7 198
1774716823782 78.2 199
1774716833793 76.3 200
1774716843805 80.1 201
1774716853817 88.2 202
1774716863830 72.7 203
1774716873844 80.8 204
1774716883862 87.1 205
1774716893878 76.0 206
1774716903894 77.7 207
1774716913910 87.1 208
1774716923927 74.3 209
1774716933943 77.0 210
1774716943962 84.5 211
1774716953977 75.1 212
1774716963993 96.6 213
1774716974005 74.7 214
1774716984016 75.2 215
1774716994028 80.0 216
1774717004041 76.7 217
1774717014053 76.5 218
1774717024069 83.7 219
1774717034086 71.3 220
1774717044103 63.8 221
1774717054119 78.2 222
1774717064132 79.8 223
1774717074145 81.4 224
1774717084158 77.0 225
1774717094170 77.5 226
1774717104189 78.9 227
1774717114203 83.6 228
1774717124221 65.8 229
1774717134238 81.1 230
1774717144252 85.2 231
1774717154265 67.3 232
1774717164281 76.3 233
1774717174294 83.9 234
1774717184305 70.6 235
1774717194320 84.3 236
1774717204332 96.7 237
1774717214344 77.5 238
1774717224360 84.9 239
1774717234374 78.8 240
1774717244391 84.6 241
1774717254404 80.2 242
1774717264418 79.9 243
1774717274431 82.6 244
1774717284444 80.1 245
1774717294463 86.6 246
1774717304480 92.3 247
1774717314498 78.0 248
1774717324518 108.9 249
1774717334545 107.3 250
1774717344558 82.6 251
1774717354578 72.9 252
1774717364602 88.3 253
1774717374616 76.3 254
1774717384633 73.0 255
1774717394654 84.4 256
1774717404671 75.6 257
1774717414685 78.5 258
1774717424699 77.2 259
1774717434717 94.9 260
1774717444732 78.8 261
1774717454747 80.0 262
1774717464764 80.4 263
1774717474781 74.0 264
1774717484793 84.9 265
