1774583576788 3.0882777159444643 0
1774583578124 2.841285321956817 1
1774583579641 2.611347647009445 2
1774583581015 2.369233223951243 3
1774583582373 2.115489252452926 4
1774583583946 1.9085898707773832 5
1774583585531 1.7140980731741253 6
1774583586898 1.530897984378787 7
1774583588457 1.3824530891459428 8
1774583589829 1.2429026543710802 9
1774583591191 1.1281835262060067 10
1774583592754 1.0317816898065677 11
1774583594127 0.9276987540361444 12
1774583595659 0.8558246098231447 13
1774583597189 0.7932651949281128 14
1774583598521 0.7242241198688089 15
1774583599885 0.6638227769199548 16
1774583601459 0.6088544826433195 17
1774583602791 0.5819058485307744 18
1774583604117 0.5293804857763159 19
1774583605488 0.49551181747381984 20
1774583607179 0.4704303671281598 21
1774583608525 0.43018224527138105 22
1774583610048 0.4100287855201551 23
1774583611391 0.38135627175522396 24
1774583612742 0.36572834782894637 25
1774583614060 0.35198911638768104 26
1774583615721 0.33184790524824453 27
1774583617247 0.3189471799741122 28
1774583618631 0.2989054347074608 29
1774583620164 0.2927720152511367 30
1774583621476 0.2706092802823234 31
1774583622832 0.26757267643495597 32
1774583624392 0.25311146389689454 33
1774583625764 0.24233377538443035 34
1774583627112 0.23445547170980893 35
1774583628790 0.22672421714238225 36
1774583630161 0.21081274916452428 37
1774583631519 0.20432014612284513 38
1774583633065 0.19447984417268688 39
1774583634409 0.18890854519154668 40
1774583635790 0.18190577980153846 41
1774583637354 0.1737085714465307 42
1774583638842 0.17078016224353057 43
1774583640187 0.16558717847694074 44
1774583641742 0.16452791176982023 45
1774583643106 0.15930957248377595 46
1774583644433 0.15380259337104252 47
1774583646115 0.15450741764311426 48
1774583647456 0.15112684742543878 49
1774583649029 0.14830789619944362 50
1774583650637 0.14172953300158683 51
1774583652000 0.14017582622879524 52
1774583653376 0.1305366444581999 53
1774583654962 0.12909948499229804 54
1774583656337 0.12171187392887167 55
1774583657727 0.12405126698734105 56
1774583659258 0.11785996868291033 57
1774583660782 0.11792953567647432 58
1774583662220 0.11496299195039254 59
1774583663779 0.10486492450389935 60
1774583665153 0.1057988487603009 61
1774583666530 0.10668025228487579 62
1774583668103 0.10719133064890873 63
1774583669667 0.10391268159499457 64
1774583671057 0.10661677473472789 65
