1774583576793 0.06724586126693118 0
1774583578129 0.12580380352989465 1
1774583579646 0.16288137912163086 2
1774583581022 0.2224654535504173 3
1774583582378 0.2997674100424135 4
1774583583953 0.37193870570529486 5
1774583585540 0.4343275413873307 6
1774583586904 0.49781091804624433 7
1774583588464 0.5443289095635517 8
1774583589836 0.5976877821863456 9
1774583591197 0.6338076344233137 10
1774583592765 0.6750581474893966 11
1774583594134 0.7137775345464495 12
1774583595670 0.7364892598166644 13
1774583597196 0.7596114379532084 14
1774583598527 0.7846490627992886 15
1774583599892 0.802503762484608 16
1774583601466 0.8181693802161718 17
1774583602797 0.8250102613216582 18
1774583604123 0.8456697222602271 19
1774583605495 0.8555889998631824 20
1774583607188 0.8614037488028458 21
1774583608532 0.8782323163223423 22
1774583610055 0.8856204679162676 23
1774583611398 0.8931454371323027 24
1774583612749 0.8969079217403202 25
1774583614067 0.9011492680257217 26
1774583615728 0.9090846901080859 27
1774583617258 0.9129155835271583 28
1774583618640 0.9153783007251334 29
1774583620171 0.921603502531126 30
1774583621483 0.9292652893692708 31
1774583622839 0.9280339307702832 32
1774583624399 0.9330961827883432 33
1774583625770 0.9359693528526474 34
1774583627119 0.9387741141058968 35
1774583628797 0.9395950198385552 36
1774583630168 0.9450677247229443 37
1774583631526 0.9458202216445478 38
1774583633072 0.9510192912847175 39
1774583634416 0.9528663291831988 40
1774583635798 0.954302914215351 41
1774583637363 0.9551922287590642 42
1774583638849 0.9571760842796552 43
1774583640194 0.9571076754686003 44
1774583641751 0.9577233547680941 45
1774583643114 0.9604597072102887 46
1774583644441 0.9621015186756054 47
1774583646123 0.9605281160213436 48
1774583647464 0.9622383362977152 49
1774583649037 0.9636749213298673 50
1774583650645 0.9645642358735805 51
1774583652008 0.9655219592283486 52
1774583653384 0.9677110411821043 53
1774583654971 0.9688739909700369 54
1774583656346 0.9699685319469148 55
1774583657735 0.9700369407579696 56
1774583659266 0.9703105760021891 57
1774583660791 0.9712682993569571 58
1774583662229 0.970857846490628 59
1774583663787 0.9765357778081817 60
1774583665161 0.9750991927760295 61
1774583666538 0.9732521548775482 62
1774583668113 0.9744835134765357 63
1774583669678 0.9754412368313039 64
1774583671065 0.974346695854426 65
