1774275562282 0.2793060331353548 0
1774275575673 0.5089871834948422 1
1774275588961 0.5840106283213504 2
1774275602284 0.6323069709284151 3
1774275615505 0.6667708658955924 4
1774275628842 0.6976398874648327 5
1774275642228 0.7204595185995624 6
1774275655536 0.7391372303844952 7
1774275668869 0.7485933104095029 8
1774275682150 0.7550797124101282 9
1774275695613 0.7706314473272898 10
1774275708943 0.7757893091591123 11
1774275722336 0.7911847452328853 12
1774275735729 0.8038449515473586 13
1774275749138 0.8082994685839325 14
1774275762506 0.8036886527039699 15
1774275775840 0.833619881212879 16
1774275789246 0.8429978118161926 17
1774275802677 0.8372147546108158 18
1774275816097 0.8499531103469834 19
1774275829477 0.8502657080337606 20
1774275842821 0.8659737417943107 21
1774275856202 0.8606595811190997 22
1774275869562 0.870506408252579 23
1774275882894 0.8790246952172553 24
1774275896257 0.888715223507346 25
1774275909629 0.8991872460143795 26
1774275923096 0.8717567989996874 27
1774275936430 0.8021256642700844 28
1774275949870 0.8447170990934667 29
1774275963196 0.8719912472647703 30
1774275976592 0.868865270396999 31
1774275989864 0.8748046264457643 32
1774276003271 0.8902782119412317 33
1774276016660 0.8893404188809003 34
1774276030051 0.9033291653641763 35
1774276043406 0.9011409815567365 36
1774276056879 0.8825414191934979 37
1774276070143 0.8778524538918412 38
1774276083699 0.8868396373866834 39
1774276097034 0.8995779931228509 40
1774276110403 0.9115348546420756 41
1774276123693 0.9273210378243201 42
1774276137108 0.9316974054391998 43
1774276150570 0.9360737730540793 44
1774276163952 0.9387308533916849 45
1774276177318 0.9433416692716474 46
1774276190714 0.942950922163176 47
1774276204047 0.9460768990309472 48
1774276217274 0.9466239449828071 49
1774276230668 0.9358393247889966 50
1774276244007 0.942403876211316 51
1774276257313 0.9352141294154424 52
