1774568928867 3.1169719907095437 0
1774568930996 2.829705427961549 1
1774568933327 2.3470077657197237 2
1774568935476 1.9513145449680511 3
1774568937630 1.664894151906175 4
1774568939984 1.419854433808253 5
1774568942382 1.2209108182776887 6
1774568944557 1.0601250086393055 7
1774568946887 0.9275655066254267 8
1774568949059 0.8122020443889442 9
1774568951213 0.7223725199030695 10
1774568953588 0.6508336649382713 11
1774568955766 0.5704502919447995 12
1774568958077 0.5218853754822085 13
1774568960238 0.4592721310812042 14
1774568962572 0.4266440794167497 15
1774568964733 0.3836386061665591 16
1774568966928 0.3470839269918984 17
1774568969266 0.3166326417986909 18
1774568971433 0.2775393166437996 19
1774568973592 0.25417792668647915 20
1774568976134 0.2348635648939805 21
1774568978307 0.21311223904074322 22
1774568980487 0.2033900928992321 23
1774568982834 0.1836899571219618 24
1774568985009 0.16596564227904484 25
1774568987168 0.15692428547676454 26
1774568989515 0.15338632460535265 27
1774568991817 0.14353243133644675 28
1774568993970 0.1363994477283353 29
1774568996346 0.12330938345296616 30
1774568998551 0.11367229162374523 31
1774569000710 0.11571245627876084 32
1774569003124 0.1052812825542319 33
1774569005243 0.10502213452514406 34
1774569007362 0.09970712355320326 35
1774569009901 0.09083448349410164 36
1774569012057 0.08583007183576807 37
1774569014219 0.08233838733594025 38
1774569016578 0.08320583487208588 39
1774569018729 0.07633191692281119 40
1774569020880 0.0745454251915033 41
1774569023238 0.07232311854432294 42
1774569025556 0.06938366468280721 43
1774569027697 0.06392592560453525 44
1774569030069 0.058926675112413174 45
1774569032238 0.0669956319926049 46
1774569034413 0.06093805239729931 47
1774569036792 0.05827525720043081 48
1774569038951 0.056455129505484127 49
1774569041282 0.05436292852717608 50
1774569043419 0.05333853033745251 51
1774569045751 0.0505378536843319 52
1774569047925 0.05035471890918337 53
1774569050322 0.05184865306936972 54
1774569052491 0.04485380359504712 55
