1768613274377 31622.7 0
1768613284385 31622.5 1
1768613294393 31622.4 2
1768613304411 31622.4 3
1768613314419 31622.4 4
1768613324426 31622.4 5
1768613334437 31622.3 6
1768613344450 31622.3 7
1768613354463 31622.3 8
1768613364480 31622.3 9
1768613374487 31622.2 10
1768613384494 31622.2 11
1768613394503 31622.2 12
1768613404511 31622.2 13
1768613414534 31622.2 14
1768613424544 31622.1 15
1768613434550 31622.1 16
1768613444558 31622.1 17
1768613454566 31622.1 18
1768613464579 31622.1 19
1768613474587 31622.0 20
1768613484594 31622.0 21
1768613494610 31622.0 22
1768613504619 31622.0 23
1768613514630 31622.0 24
1768613524637 31621.9 25
1768613534644 31621.9 26
1768613544666 31621.9 27
1768613554674 31622.1 28
1768613564684 31622.1 29
1768613574696 31622.1 30
1768613584707 31622.1 31
1768613594715 31622.1 32
1768613604723 31622.1 33
1768613614733 31622.0 34
1768613624750 31622.0 35
1768613634772 31622.0 36
1768613644780 31622.0 37
1768613654792 31621.9 38
1768613664804 31621.9 39
1768613674817 31621.9 40
1768613684826 31621.9 41
1768613694841 31621.9 42
1768613704849 31621.9 43
1768613714860 31621.8 44
1768613724868 31621.8 45
1768613734876 31621.8 46
1768613744885 31621.8 47
1768613754898 31621.7 48
1768613764912 31621.7 49
1768613774921 31621.7 50
1768613784929 31621.7 51
1768613794940 31621.7 52
1768613804950 31621.7 53
