1768613274377 0.0 0
1768613284385 0.643753000000288 1
1768613294393 1.582921000001079 2
1768613304411 3.441848000000391 3
1768613314419 4.109741000000213 4
1768613324426 5.058262000000468 5
1768613334437 6.825685000001613 6
1768613344450 7.5233770000013465 7
1768613354463 8.455996000000596 8
1768613364480 10.250876000000062 9
1768613374487 10.949768000000404 10
1768613384494 11.852469000001292 11
1768613394503 13.632933000000776 12
1768613404511 14.334102000000712 13
1768613414534 15.291096000000834 14
1768613424544 17.088850000000093 15
1768613434550 17.809823000001415 16
1768613444558 18.741261000001032 17
1768613454566 20.481674000000567 18
1768613464579 21.199812000000748 19
1768613474587 22.15621900000042 20
1768613484594 23.956959000001007 21
1768613494610 24.66318500000125 22
1768613504619 25.425179000001663 23
1768613514630 27.35957900000176 24
1768613524637 28.07023500000105 25
1768613534644 28.85894300000109 26
1768613544666 30.810198000001037 27
1768613554674 31.575910000001386 28
1768613564684 32.330041000001074 29
1768613574696 34.2693360000012 30
1768613584707 34.978431000001365 31
1768613594715 35.7475540000014 32
1768613604723 37.66700600000149 33
1768613614733 38.37725900000078 34
1768613624750 39.21151700000155 35
1768613634772 41.14809800000148 36
1768613644780 41.84629900000073 37
1768613654792 42.64804700000059 38
1768613664804 44.580903000000035 39
1768613674817 45.34268600000178 40
1768613684826 46.076413000000684 41
1768613694841 48.02210600000035 42
1768613704849 48.72668599999997 43
1768613714860 49.51550500000121 44
1768613724868 51.479082000001654 45
1768613734876 52.18811200000164 46
1768613744885 52.93754700000136 47
1768613754898 54.885700000000725 48
1768613764912 55.590110000001005 49
1768613774921 56.35718300000008 50
1768613784929 58.2472110000017 51
1768613794940 58.97957100000167 52
1768613804950 59.713362000000416 53
