1773958458536 21.8 0
1773958468546 74.7 1
1773958478558 62.2 2
1773958488565 59.8 3
1773958498572 59.7 4
1773958508583 121.2 5
1773958518591 67.8 6
1773958528598 72.6 7
1773958538606 64.3 8
1773958548613 66.5 9
1773958558620 124.4 10
1773958568627 75.7 11
1773958578639 95.4 12
1773958588652 65.2 13
1773958598660 63.1 14
1773958608674 79.1 15
1773958618685 64.8 16
1773958628692 60.2 17
1773958638699 57.0 18
1773958648705 65.8 19
1773958658716 69.0 20
1773958668723 86.6 21
1773958678730 50.1 22
1773958688745 63.4 23
1773958698752 59.6 24
1773958708760 63.0 25
1773958718767 56.3 26
1773958728774 62.6 27
1773958738796 59.8 28
1773958748802 70.3 29
1773958758816 74.2 30
1773958768822 68.0 31
1773958778835 90.9 32
1773958788842 99.4 33
1773958798849 74.8 34
1773958808867 70.3 35
1773958818876 67.0 36
1773958828884 56.5 37
1773958838892 67.7 38
1773958848901 56.6 39
1773958858908 50.6 40
1773958868922 66.9 41
1773958878933 65.0 42
1773958888940 68.7 43
1773958898947 80.7 44
1773958908958 58.0 45
1773958918982 72.8 46
1773958928989 79.3 47
1773958939001 57.8 48
1773958949008 51.6 49
1773958959026 58.3 50
1773958969033 76.9 51
1773958979046 68.5 52
1773958989069 94.7 53
1773958999092 61.4 54
1773959009103 65.0 55
1773959019112 47.0 56
1773959029120 64.6 57
1773959039139 69.1 58
1773959049155 69.6 59
1773959059164 100.7 60
1773959069194 72.5 61
1773959079201 85.8 62
1773959089209 67.8 63
1773959099217 78.1 64
1773959109225 65.5 65
1773959119233 64.1 66
1773959129252 53.8 67
1773959139266 69.4 68
1773959149279 64.5 69
1773959159287 91.8 70
1773959169298 61.2 71
1773959179308 66.6 72
1773959189315 63.9 73
1773959199346 81.8 74
1773959209360 58.4 75
1773959219368 90.0 76
1773959229376 71.4 77
1773959239386 61.5 78
1773959249394 68.0 79
1773959259407 63.1 80
1773959269415 58.3 81
1773959279424 70.2 82
1773959289433 85.5 83
1773959299441 62.1 84
1773959309450 68.3 85
1773959319458 71.2 86
1773959329467 55.7 87
1773959339480 68.4 88
1773959349495 67.7 89
1773959359504 69.8 90
1773959369519 64.2 91
