1773958458536 25.3 0
1773958468546 28.3 1
1773958478558 28.3 2
1773958488565 28.8 3
1773958498572 28.8 4
1773958508583 28.8 5
1773958518591 28.8 6
1773958528598 28.8 7
1773958538606 29.2 8
1773958548613 28.8 9
1773958558620 28.9 10
1773958568627 28.9 11
1773958578639 28.9 12
1773958588652 28.8 13
1773958598660 28.9 14
1773958608674 28.9 15
1773958618685 28.9 16
1773958628692 29.3 17
1773958638699 30.6 18
1773958648705 28.9 19
1773958658716 28.9 20
1773958668723 28.9 21
1773958678730 29.0 22
1773958688745 28.9 23
1773958698752 29.3 24
1773958708760 29.1 25
1773958718767 29.1 26
1773958728774 29.1 27
1773958738796 28.9 28
1773958748802 29.0 29
1773958758816 29.0 30
1773958768822 30.1 31
1773958778835 29.0 32
1773958788842 29.3 33
1773958798849 29.0 34
1773958808867 29.0 35
1773958818876 29.0 36
1773958828884 29.0 37
1773958838892 29.0 38
1773958848901 29.0 39
1773958858908 29.0 40
1773958868922 29.0 41
1773958878933 29.0 42
1773958888940 29.0 43
1773958898947 29.7 44
1773958908958 29.0 45
1773958918982 29.1 46
1773958928989 29.1 47
1773958939001 28.9 48
1773958949008 29.0 49
1773958959026 29.1 50
1773958969033 29.1 51
1773958979046 29.0 52
1773958989069 29.0 53
1773958999092 29.1 54
1773959009103 29.1 55
1773959019112 29.1 56
1773959029120 29.4 57
1773959039139 29.1 58
1773959049155 29.1 59
1773959059164 29.1 60
1773959069194 29.1 61
1773959079201 29.1 62
1773959089209 29.1 63
1773959099217 29.2 64
1773959109225 29.1 65
1773959119233 29.1 66
1773959129252 30.8 67
1773959139266 29.1 68
1773959149279 29.1 69
1773959159287 29.2 70
1773959169298 29.1 71
1773959179308 29.1 72
1773959189315 29.4 73
1773959199346 29.1 74
1773959209360 29.1 75
1773959219368 29.2 76
1773959229376 29.1 77
1773959239386 29.1 78
1773959249394 29.1 79
1773959259407 30.4 80
1773959269415 29.1 81
1773959279424 29.1 82
1773959289433 29.2 83
1773959299441 29.2 84
1773959309450 29.2 85
1773959319458 29.3 86
1773959329467 29.2 87
1773959339480 29.2 88
1773959349495 29.3 89
1773959359504 29.2 90
1773959369519 29.2 91
