1774211459846 0.2574907648105076 0
1774211468424 0.49917909426734164 1
1774211477000 0.5721712956628814 2
1774211485577 0.6269667533178274 3
1774211494126 0.6619236557668627 4
1774211502614 0.6936653440963196 5
1774211511138 0.7254754412368313 6
1774211519802 0.7428512792447667 7
1774211528227 0.7631002873170064 8
1774211536634 0.7805445341359967 9
1774211545158 0.8005883157750718 10
1774211553747 0.8079080585579422 11
1774211562338 0.8279518401970174 12
1774211570832 0.8408126966753318 13
1774211579284 0.8520317416883294 14
1774211587809 0.8627035162128882 15
1774211596174 0.8704337118620878 16
1774211604618 0.8671500889314544 17
1774211613112 0.8865097824599808 18
1774211621659 0.8941715692981256 19
1774211630112 0.9097687782186346 20
1774211638662 0.914078533315091 21
1774211647330 0.9318648241893556 22
1774211655798 0.9314543713230264 23
1774211664091 0.9369270762074156 24
1774211672594 0.935695717608428 25
1774211681038 0.921124640853742 26
1774211689489 0.9512929265289369 27
1774211697768 0.9526611027500342 28
1774211706337 0.9486249828977973 29
1774211714874 0.9590231221781366 30
1774211723402 0.9682583116705432 31
1774211731844 0.9584758516896976 32
1774211740447 0.9593651662334108 33
1774211749032 0.9650430975509645 34
1774211757472 0.9609385688876727 35
1774211765886 0.9686687645368723 36
1774211774435 0.9674374059378849 37
1774211782956 0.9672321795047202 38
1774211791414 0.966342864961007 39
1774211799950 0.9795457654945957 40
1774211808471 0.9812559857709673 41
1774211817016 0.967847858804214 42
1774211825624 0.9722260227117253 43
