1774211459841 256.27757036685944 0
1774211468419 169.05818277597427 1
1774211476995 146.15267777442932 2
1774211485572 129.9286093711853 3
1774211494120 119.62000703811646 4
1774211502609 108.43444734811783 5
1774211511133 100.22619342803955 6
1774211519797 94.0835971236229 7
1774211528222 85.78880447149277 8
1774211536629 80.2905980348587 9
1774211545153 73.17928487062454 10
1774211553742 69.1762680709362 11
1774211562332 61.67263765633106 12
1774211570827 57.775622487068176 13
1774211579278 54.13150689005852 14
1774211587803 49.12381651997566 15
1774211596168 47.711640521883965 16
1774211604612 48.20548728108406 17
1774211613106 41.52705878019333 18
1774211621653 38.40956190228462 19
1774211630106 33.932411536574364 20
1774211638656 31.305262848734856 21
1774211647324 25.513830311596394 22
1774211655793 24.800269722938538 23
1774211664085 23.041459657251835 24
1774211672588 24.759717516601086 25
1774211681032 29.125994823873043 26
1774211689483 18.871422715485096 27
1774211697762 17.378621254116297 28
1774211706330 19.176499843597412 29
1774211714868 15.568263083696365 30
1774211723395 12.788059130311012 31
1774211731837 15.5094890370965 32
1774211740441 15.255255375057459 33
1774211749026 13.059847574681044 34
1774211757466 14.91337240114808 35
1774211765880 12.843920405954123 36
1774211774429 12.916174300014973 37
1774211782949 12.373634414747357 38
1774211791407 12.7588424757123 39
1774211799943 8.360246356576681 40
1774211808464 7.603539565112442 41
1774211817010 12.1185906752944 42
1774211825617 11.026193864643574 43
