1773961079483 27.6 0
1773961089491 65.4 1
1773961099497 117.0 2
1773961109510 63.0 3
1773961119523 77.4 4
1773961129535 61.0 5
1773961139542 69.1 6
1773961149548 89.7 7
1773961159555 51.4 8
1773961169561 58.1 9
1773961179574 67.0 10
1773961189581 61.2 11
1773961199588 73.0 12
1773961209595 46.5 13
1773961219607 57.7 14
1773961229613 69.7 15
1773961239620 69.0 16
1773961249627 78.1 17
1773961259635 58.3 18
1773961269655 67.8 19
1773961279670 117.2 20
1773961289679 122.5 21
1773961299705 68.5 22
1773961309719 64.2 23
1773961319749 69.8 24
1773961329757 65.6 25
1773961339787 90.3 26
1773961349794 111.7 27
1773961359805 50.1 28
1773961369817 120.9 29
1773961379824 68.1 30
1773961389843 54.9 31
1773961399857 69.9 32
1773961409864 72.4 33
1773961419874 69.7 34
1773961429881 58.7 35
1773961439890 62.9 36
1773961449908 76.1 37
1773961459916 71.8 38
1773961469923 62.3 39
1773961479936 83.8 40
1773961489943 66.1 41
1773961499949 51.8 42
1773961509966 55.4 43
1773961519973 83.9 44
1773961529981 69.8 45
1773961539993 121.5 46
1773961550008 55.5 47
1773961560030 68.3 48
1773961570058 87.6 49
1773961580071 96.9 50
1773961590086 98.6 51
1773961600099 122.6 52
1773961610107 65.4 53
1773961620115 120.6 54
1773961630123 55.1 55
1773961640130 67.6 56
1773961650137 64.4 57
1773961660144 68.2 58
1773961670169 57.6 59
1773961680178 61.1 60
1773961690186 113.3 61
1773961700197 66.4 62
1773961710206 61.4 63
1773961720214 58.7 64
1773961730240 99.7 65
1773961740248 57.1 66
1773961750256 63.1 67
1773961760285 79.0 68
1773961770295 61.0 69
1773961780304 70.5 70
1773961790312 68.4 71
1773961800328 55.2 72
1773961810336 67.8 73
1773961820364 63.4 74
1773961830385 126.3 75
