1773961079483 25.2 0
1773961089491 28.2 1
1773961099497 28.2 2
1773961109510 28.6 3
1773961119523 28.7 4
1773961129535 28.7 5
1773961139542 28.7 6
1773961149548 28.7 7
1773961159555 28.8 8
1773961169561 28.8 9
1773961179574 28.8 10
1773961189581 29.4 11
1773961199588 28.9 12
1773961209595 28.9 13
1773961219607 28.9 14
1773961229613 28.9 15
1773961239620 28.9 16
1773961249627 28.9 17
1773961259635 28.9 18
1773961269655 28.9 19
1773961279670 28.9 20
1773961289679 30.6 21
1773961299705 28.9 22
1773961309719 28.7 23
1773961319749 28.6 24
1773961329757 28.6 25
1773961339787 28.8 26
1773961349794 28.6 27
1773961359805 28.6 28
1773961369817 28.6 29
1773961379824 28.7 30
1773961389843 28.7 31
1773961399857 29.0 32
1773961409864 28.7 33
1773961419874 30.3 34
1773961429881 28.8 35
1773961439890 28.7 36
1773961449908 28.7 37
1773961459916 28.9 38
1773961469923 28.8 39
1773961479936 28.7 40
1773961489943 28.6 41
1773961499949 28.7 42
1773961509966 28.7 43
1773961519973 28.7 44
1773961529981 28.7 45
1773961539993 28.7 46
1773961550008 29.8 47
1773961560030 28.8 48
1773961570058 28.7 49
1773961580071 28.7 50
1773961590086 28.7 51
1773961600099 28.7 52
1773961610107 28.8 53
1773961620115 28.8 54
1773961630123 28.8 55
1773961640130 28.7 56
1773961650137 28.8 57
1773961660144 28.8 58
1773961670169 28.8 59
1773961680178 29.0 60
1773961690186 28.9 61
1773961700197 28.9 62
1773961710206 29.1 63
1773961720214 28.9 64
1773961730240 28.8 65
1773961740248 28.9 66
1773961750256 28.9 67
1773961760285 28.9 68
1773961770295 29.1 69
1773961780304 30.4 70
1773961790312 29.0 71
1773961800328 28.9 72
1773961810336 29.0 73
1773961820364 29.0 74
1773961830385 29.3 75
