1774364566920 46.29216241836548 0
1774364567784 45.792190968990326 1
1774364568715 44.92513942718506 2
1774364569631 43.65745222568512 3
1774364570506 40.77784180641174 4
1774364571391 37.800232857465744 5
1774364572266 37.048892080783844 6
1774364573179 35.87034747004509 7
1774364574093 35.81957671046257 8
1774364575043 35.27019676566124 9
1774364575994 34.849683970212936 10
1774364576919 34.525354504585266 11
1774364577817 34.069375187158585 12
1774364578727 34.127764135599136 13
1774364579673 33.786652624607086 14
1774364580549 33.73146402835846 15
1774364581435 33.52437210083008 16
1774364582338 33.09367072582245 17
1774364583267 33.13434883952141 18
1774364584163 33.056185215711594 19
1774364585032 32.85718283057213 20
1774364585896 32.99320065975189 21
1774364586762 32.539191633462906 22
1774364587689 32.43239897489548 23
1774364588561 32.29440850019455 24
1774364589437 32.16170686483383 25
1774364590315 32.15957698225975 26
1774364591193 31.962232291698456 27
1774364592059 31.95521381497383 28
1774364592928 31.88883277773857 29
1774364593796 31.606539011001587 30
1774364594663 31.591208040714264 31
1774364595571 30.867655873298645 32
1774364596471 31.007001519203186 33
1774364597349 31.035914093255997 34
1774364598239 30.736408591270447 35
1774364599108 30.85047835111618 36
1774364599980 30.48898109793663 37
1774364600852 30.569380670785904 38
1774364601751 30.432767897844315 39
1774364602683 30.306672781705856 40
1774364603665 30.081254839897156 41
1774364604601 30.000289916992188 42
1774364605462 29.800873935222626 43
1774364606328 30.001903742551804 44
1774364607224 29.67535635828972 45
1774364608101 29.16680884361267 46
1774364608967 29.333928495645523 47
1774364609852 29.213749945163727 48
1774364610813 28.970578759908676 49
1774364611679 29.06118056178093 50
1774364612581 28.30145651102066 51
1774364613473 28.681053966283798 52
1774364614380 28.345104157924652 53
1774364615279 27.793242871761322 54
1774364616180 28.107690542936325 55
1774364617081 27.421095728874207 56
1774364618043 28.119219094514847 57
1774364618927 27.30165445804596 58
1774364619807 28.06337770819664 59
1774364620691 27.266712725162506 60
1774364621600 27.454554796218872 61
1774364622481 26.775480717420578 62
1774364623431 27.048190146684647 63
1774364624302 27.05609554052353 64
1774364625176 26.98315590620041 65
1774364626067 25.892412215471268 66
1774364626957 25.88167479634285 67
1774364627887 25.79728463292122 68
1774364628806 25.707274436950684 69
1774364629740 25.73003199696541 70
1774364630682 25.08422189950943 71
1774364631559 25.4320507645607 72
1774364632495 25.335581302642822 73
1774364633432 24.652209252119064 74
