1768620266500 215492.2 0
1768620276509 215492.4 1
1768620286523 215492.6 2
1768620296531 215492.6 3
1768620306542 215492.6 4
1768620316577 215492.6 5
1768620326595 215492.6 6
1768620336617 215492.7 7
1768620346630 215492.7 8
1768620356653 215492.7 9
1768620366661 215492.7 10
1768620376692 215492.7 11
1768620386702 215492.8 12
1768620396754 215492.8 13
1768620406768 215492.8 14
1768620416777 215492.8 15
1768620426786 215492.8 16
1768620436796 215492.8 17
1768620446826 215492.9 18
1768620456835 215492.9 19
1768620466876 215492.9 20
1768620476891 215492.9 21
1768620486900 215492.9 22
1768620496910 215492.9 23
1768620506922 215493.0 24
