1768620266500 27114.5 0
1768620276509 27114.3 1
1768620286523 27114.2 2
1768620296531 27114.2 3
1768620306542 27114.2 4
1768620316577 27114.1 5
1768620326595 27114.1 6
1768620336617 27114.1 7
1768620346630 27114.1 8
1768620356653 27114.1 9
1768620366661 27114.1 10
1768620376692 27114.0 11
1768620386702 27114.0 12
1768620396754 27114.0 13
1768620406768 27114.0 14
1768620416777 27114.0 15
1768620426786 27114.0 16
1768620436796 27113.9 17
1768620446826 27113.9 18
1768620456835 27113.9 19
1768620466876 27113.9 20
1768620476891 27113.9 21
1768620486900 27113.9 22
1768620496910 27113.8 23
1768620506922 27113.8 24
