1768620266500 4.3 0
1768620276509 86.9 1
1768620286523 79.4 2
1768620296531 82.0 3
1768620306542 91.7 4
1768620316577 97.8 5
1768620326595 73.8 6
1768620336617 89.7 7
1768620346630 78.7 8
1768620356653 96.5 9
1768620366661 58.5 10
1768620376692 90.8 11
1768620386702 60.3 12
1768620396754 71.1 13
1768620406768 95.8 14
1768620416777 77.3 15
1768620426786 76.7 16
1768620436796 92.5 17
1768620446826 83.2 18
1768620456835 59.6 19
1768620466876 84.2 20
1768620476891 73.2 21
1768620486900 92.1 22
1768620496910 87.2 23
1768620506922 93.6 24
