1768620266500 0.0 0
1768620276509 0.9185300000008283 1
1768620286523 2.514070000001084 2
1768620296531 3.375195000000531 3
1768620306542 4.2826029999996535 4
1768620316577 5.884927000000971 5
1768620326595 6.747107000001051 6
1768620336617 7.5218150000000605 7
1768620346630 9.116530999999668 8
1768620356653 10.058616000000256 9
1768620366661 10.79591900000014 10
1768620376692 12.399767000000793 11
1768620386702 13.446350000000166 12
1768620396754 14.167919999999867 13
1768620406768 15.717201999999816 14
1768620416777 16.79816000000028 15
1768620426786 17.55006400000093 16
1768620436796 19.074587000000975 17
1768620446826 20.183305000000473 18
1768620456835 20.92952999999943 19
1768620466876 22.413065000000643 20
1768620476891 23.54813599999943 21
1768620486900 24.34896800000024 22
1768620496910 25.877168999999412 23
1768620506922 27.003733999999895 24
