1768620266500 8463.9 0
1768620276509 9874.2 1
1768620286523 10143.0 2
1768620296531 10209.0 3
1768620306542 10234.7 4
1768620316577 10267.3 5
1768620326595 10251.8 6
1768620336617 10334.7 7
1768620346630 10518.3 8
1768620356653 10314.8 9
1768620366661 10677.1 10
1768620376692 10722.7 11
1768620386702 10691.3 12
1768620396754 10689.8 13
1768620406768 10766.7 14
1768620416777 10706.5 15
1768620426786 10667.2 16
1768620436796 10717.4 17
1768620446826 10693.0 18
1768620456835 10818.8 19
1768620466876 10832.9 20
1768620476891 10860.5 21
1768620486900 10783.3 22
1768620496910 10804.4 23
1768620506922 10794.0 24
