1774273977858 0.29634696948967026 0
1774273992987 0.5219592283486113 1
1774274008176 0.5928991654125051 2
1774274023432 0.6342180872896429 3
1774274038716 0.6664386372964838 4
1774274053895 0.6877137775345464 5
1774274069033 0.7123409495142975 6
1774274084237 0.7339581338076344 7
1774274099490 0.7504446572718566 8
1774274114737 0.7622109727732932 9
1774274129776 0.7568750855110138 10
1774274144980 0.7780818169380216 11
1774274160055 0.7774661376385278 12
1774274175260 0.7920372143932138 13
1774274190449 0.794978793268573 14
1774274205497 0.8113284991106855 15
1774274220653 0.8206320974141469 16
1774274235798 0.8334929538924614 17
1774274251039 0.8401286085647831 18
1774274266237 0.842728143384868 19
1774274281549 0.8353399917909426 20
1774274296819 0.8434806403064715 21
1774274312010 0.8526474209878232 22
1774274327130 0.8712546175947462 23
1774274342362 0.8812423040087564 24
1774274357609 0.8876727322479135 25
1774274372879 0.868860309207826 26
1774274388013 0.8685866739636066 27
1774274403252 0.8751539198248734 28
1774274418552 0.8873990970036941 29
1774274433560 0.830619783828157 30
1774274448676 0.8649610069776987 31
1774274463995 0.8739909700369407 32
1774274479138 0.8739909700369407 33
1774274494301 0.8900670406348338 34
1774274509521 0.9002599534820085 35
1774274524736 0.9058694759885073 36
1774274539933 0.8927349842659734 37
1774274555135 0.9097687782186346 38
1774274570385 0.9127103570939937 39
1774274585556 0.9233137228074976 40
1774274600729 0.9229032699411684 41
1774274615868 0.9288548365029415 42
1774274631096 0.933164591599398 43
1774274646270 0.9390477493501163 44
1774274661296 0.9094951429744151 45
1774274676521 0.9237241756738268 46
1774274691527 0.9314543713230264 47
1774274706706 0.9312491448898618 48
1774274721930 0.9419209194144206 49
1774274737081 0.9488302093309618 50
1774274752438 0.9446572718566151 51
1774274767635 0.9495827062525654 52
1774274782825 0.9528663291831988 53
1774274798010 0.959296757422356 54
1774274813049 0.9574497195238747 55
1774274828387 0.9592283486113011 56
1774274843656 0.9499931591188945 57
