1774202687204 0.6758758523395251 0
1774202687722 0.7547613449329885 1
1774202688204 0.7694568539854221 2
1774202688682 0.7886197977897954 3
1774202689195 0.801551845755937 4
1774202689665 0.8285915824124148 5
1774202690139 0.8455208088408183 6
1774202690652 0.8628027274864801 7
1774202691132 0.8900775922877968 8
1774202691625 0.9054784857747472 9
1774202692103 0.9227604044204091 10
1774202692582 0.9414530919351046 11
1774202693048 0.9505055255114038 12
1774202693576 0.9566188572772161 13
1774202694078 0.9671996237949683 14
1774202694568 0.9690806489536797 15
1774202695049 0.9762520573712673 16
1774202695552 0.9790735951093346 17
