1774584570861 0.05876316869612806 0
1774584573024 0.11048022985360514 1
1774584575395 0.18860309207825968 2
1774584577591 0.2847858804213983 3
1774584579996 0.3706389382952524 4
1774584582192 0.4566972226022712 5
1774584584572 0.5252428512792447 6
1774584586763 0.5913257627582432 7
1774584588954 0.6409221507730196 8
1774584591270 0.6935969352852648 9
1774584593613 0.7284170201121904 10
1774584595803 0.769325489122999 11
1774584598250 0.7897797236284033 12
1774584600448 0.8148857572855384 13
1774584602640 0.8385552059105212 14
1774584604824 0.8598303461485839 15
1774584607168 0.8731700643042823 16
1774584609512 0.8814475304419209 17
1774584611705 0.9024490354357642 18
1774584614061 0.9114105896839513 19
1774584616244 0.9181830619783828 20
1774584618395 0.9244082637843755 21
1774584620870 0.9303598303461486 22
1774584623046 0.938705705294842 23
1774584625360 0.9408263784375428 24
1774584627766 0.9473252154877548 25
1774584629958 0.9532083732384731 26
1774584632261 0.9548501847037898 27
1774584634644 0.956765631413326 28
1774584636782 0.9618278834313859 29
1774584638982 0.9640853741961964 30
1774584641368 0.9640853741961964 31
1774584643695 0.9662060473388973 32
1774584645880 0.9709262553016829 33
1774584648254 0.9745519222875907 34
1774584650424 0.9731837460664934 35
1774584652610 0.9735941989328225 36
1774584654960 0.9768778218634561 37
1774584657136 0.9778355452182241 38
1774584659486 0.9778355452182241 39
1774584661886 0.9793405390614311 40
