1774718016519 0.6483348968105066 0
1774718018025 0.7412054409005628 1
1774718019531 0.75 2
1774718021040 0.7664165103189493 3
1774718022542 0.7722795497185742 4
1774718024046 0.7772045028142589 5
1774718025590 0.7795497185741088 6
1774718027148 0.7898686679174484 7
1774718028667 0.8003048780487805 8
1774718030183 0.7994840525328331 9
1774718031708 0.8034709193245778 10
1774718033233 0.8133208255159474 11
1774718034742 0.8154315196998124 12
1774718036289 0.8198874296435272 13
1774718037809 0.826688555347092 14
1774718039316 0.8312617260787992 15
1774718040823 0.8359521575984991 16
1774718042327 0.8422842401500938 17
1774718043832 0.8426360225140713 18
1774718045353 0.8545966228893058 19
1774718046866 0.8568245778611632 20
1774718048385 0.8603424015009381 21
1774718049886 0.8669090056285178 22
1774718051397 0.8727720450281425 23
1774718052904 0.8815666041275797 24
1774718054410 0.888250469043152 25
1774718055933 0.8894230769230769 26
1774718057473 0.8846153846153846 27
1774718059039 0.8986866791744841 28
