1774215479451 0.20591052127514023 0
1774215492260 0.40087563278150223 1
1774215505074 0.5110138185798331 2
1774215517907 0.5873580517170611 3
1774215530600 0.6297715145710767 4
1774215543340 0.6612395676563141 5
1774215555933 0.6971541934601176 6
1774215568650 0.7144616226569982 7
1774215581492 0.7295115610890682 8
1774215594365 0.7505130660829115 9
1774215607195 0.7747297851963333 10
1774215619896 0.7893008619510193 11
1774215632445 0.8041455739499247 12
1774215645297 0.8244629908332193 13
1774215658043 0.8308934190723766 14
1774215670716 0.8365029415788754 15
1774215683335 0.8182377890272267 16
1774215696031 0.8498426597345738 17
1774215708865 0.8715966616500205 18
1774215721638 0.8706389382952524 19
1774215734321 0.8836366123956766 20
1774215747038 0.8968395129292653 21
1774215759880 0.9069640169653851 22
1774215772556 0.9018333561362704 23
1774215785583 0.9159939800246272 24
1774215798197 0.9224928170748392 25
1774215811055 0.93220686824463 26
1774215823808 0.9209194144205773 27
1774215836640 0.9305650567793132 28
1774215849435 0.9340539061431112 29
1774215862232 0.9414420577370365 30
1774215875204 0.9388425229169517 31
1774215887873 0.9312491448898618 32
1774215900694 0.9431522780134082 33
1774215913405 0.9532767820495279 34
1774215926351 0.960254480777124 35
1774215939145 0.9588863045560269 36
1774215951948 0.9486249828977973 37
1774215964561 0.9515665617731563 38
1774215977421 0.9577233547680941 39
1774215989999 0.9575181283349296 40
1774216002718 0.9657271856615132 41
1774216015491 0.9687371733479272 42
1774216028225 0.9647010534956902 43
1774216040965 0.9725680667669996 44
1774216053662 0.9692844438363661 45
1774216066319 0.9716103434122315 46
1774216079038 0.965864003283623 47
1774216091688 0.9622383362977152 48
1774216104493 0.9614174305650568 49
1774216117041 0.9712682993569571 50
1774216129793 0.9729785196333288 51
1774216142524 0.9781091804624436 52
1774216155244 0.9767410042413462 53
1774216168040 0.967847858804214 54
1774216180645 0.9710630729237926 55
