1774142413439 0.048433438226843616 0
1774142414439 0.7213709125735395 1
1774142415409 0.7529757832808865 2
1774142416382 0.7713093446435901 3
1774142417350 0.7815706663018197 4
1774142418318 0.7877274592967575 5
1774142419291 0.7935422082364209 6
1774142420264 0.7973046928444384 7
1774142421237 0.805034888493638 8
1774142422210 0.8129019017649474 9
1774142423193 0.8111916814885757 10
1774142424177 0.8206320974141469 11
1774142425198 0.8258995758653714 12
1774142426182 0.8254891229990423 13
1774142427163 0.8293200164181147 14
1774142428149 0.8282938842522917 15
1774142429134 0.8359556710904364 16
1774142430121 0.834655903680394 17
1774142431108 0.8397865645095088 18
1774142432093 0.841702011219045 19
1774142433080 0.8425913257627582 20
1774142434069 0.8447804077165139 21
1774142435056 0.8476535777808182 22
1774142436044 0.8559310439184566 23
1774142437031 0.8516212888220003 24
1774142438022 0.8580517170611575 25
1774142439056 0.8611301135586263 26
1774142440083 0.8644821453003146 27
1774142441110 0.8670132713093447 28
1774142442145 0.870844164728417 29
1774142443175 0.875906416746477 30
1774142444206 0.8761116431796415 31
1774142445240 0.8815159392529758 32
1774142446278 0.8816527568750855 33
1774142447317 0.8858256943494323 34
1774142448358 0.8907511287453824 35
1774142449399 0.8934190723765221 36
1774142450436 0.8912299904227664 37
1774142451472 0.8928718018880832 38
1774142452509 0.8990285948830209 39
1774142453548 0.9003283622930633 40
1774142454583 0.9027226706799836 41
1774142455619 0.9064851552880011 42
1774142456656 0.9058694759885073 43
1774142457693 0.9133944452045424 44
1774142458732 0.9133260363934875 45
1774142459771 0.914557394992475 46
1774142460811 0.9194144205773703 47
1774142461851 0.9229716787522233 48
1774142462892 0.9225612258858941 49
1774142463933 0.9270762074155151 50
1774142464977 0.9290600629361062 51
1774142466014 0.9303598303461486 52
1774142467050 0.9350116294978793 53
1774142468088 0.9370638938295253 54
1774142469128 0.9388425229169517 55
1774142470132 0.9415788753591463 56
1774142471174 0.9413736489259816 57
1774142472216 0.9456834040224381 58
1774142473264 0.9476672595430291 59
1774142474281 0.9479408947872486 60
1774142475290 0.9496511150636202 61
1774142476299 0.9533451908605829 62
1774142477346 0.9530031468053085 63
1774142478392 0.9569708578464906 64
1774142479438 0.9584074428786428 65
1774142480453 0.9600492543439595 66
1774142481474 0.9615542481871665 67
1774142482496 0.9654535504172937 68
1774142483509 0.9656587768504583 69
1774142484526 0.9665480913941715 70
1774142485577 0.9696264878916404 71
1774142486593 0.9699001231358599 72
1774142487605 0.9720892050896155 73
1774142488620 0.9722944315227802 74
1774142489633 0.9735941989328225 75
1774142490648 0.973388972499658 76
1774142491662 0.9765357778081817 77
1774142492676 0.9761253249418526 78
1774142493690 0.97735668354084 79
1774142494709 0.977903954029279 80
1774142495726 0.9800930359830347 81
1774142496744 0.9809823505267479 82
1774142497761 0.9823505267478452 83
1774142498779 0.9822821179367902 84
1774142499799 0.9842659734573813 85
