1774365741538 3.114482967581823 0
1774365744963 2.9203068332251974 1
1774365748648 2.7512966435036166 2
1774365752011 2.437147466244882 3
1774365755346 2.0078685238156178 4
1774365759022 1.6374313161480458 5
1774365762746 1.3484353109560159 6
1774365766243 1.129857105911308 7
1774365769923 0.9772293335811794 8
1774365773396 0.8505314623531556 9
1774365776871 0.752076837975409 10
1774365780550 0.6618007211666261 11
1774365784071 0.5671856490119666 12
1774365787713 0.5035135019720947 13
1774365791398 0.4502630259982863 14
1774365794884 0.39638042753723646 15
1774365798393 0.3403043544541992 16
1774365802096 0.3000051058509768 17
1774365805599 0.27090369618563664 18
1774365809039 0.23839166636489162 19
1774365812704 0.2150830522043008 20
1774365816373 0.18749227471326507 21
1774365819843 0.1714194088517796 22
1774365823519 0.15436681839824132 23
1774365827032 0.13839390823959832 24
1774365830494 0.12955527999427516 25
1774365833975 0.11702957775972336 26
1774365837648 0.11168989142305402 27
1774365841328 0.09606258094694044 28
1774365844841 0.09630291899397331 29
1774365848556 0.08640331527854565 30
1774365852007 0.0814302947868122 31
