1774349732231 0.0 0
1774349742239 94.0 1
1774349752246 91.0 2
1774349762252 92.0 3
1774349772258 94.0 4
1774349782268 94.0 5
1774349792277 93.0 6
1774349802286 91.0 7
1774349812296 91.0 8
1774349822305 93.0 9
1774349832313 82.0 10
1774349842324 94.0 11
1774349852333 91.0 12
1774349862343 91.0 13
1774349872353 91.0 14
1774349882363 91.0 15
1774349892371 94.0 16
1774349902386 83.0 17
1774349912393 91.0 18
1774349922400 94.0 19
1774349932407 94.0 20
1774349942415 94.0 21
1774349952422 91.0 22
1774349962435 95.0 23
1774349972450 94.0 24
1774349982459 94.0 25
1774349992473 91.0 26
1774350002484 93.0 27
1774350012497 90.0 28
1774350022512 94.0 29
1774350032525 93.0 30
