1774349732231 5841.0 0
1774349742239 6418.3 1
1774349752246 6417.7 2
1774349762252 6426.8 3
1774349772258 6431.0 4
1774349782268 6437.0 5
1774349792277 6440.9 6
1774349802286 6444.2 7
1774349812296 6488.7 8
1774349822305 6614.4 9
1774349832313 6451.8 10
1774349842324 6523.0 11
1774349852333 6500.4 12
1774349862343 6460.4 13
1774349872353 6459.8 14
1774349882363 6461.5 15
1774349892371 6458.6 16
1774349902386 6395.1 17
1774349912393 6394.3 18
1774349922400 6387.2 19
1774349932407 6382.8 20
1774349942415 6386.9 21
1774349952422 6487.4 22
1774349962435 6389.5 23
1774349972450 6394.8 24
1774349982459 6409.1 25
1774349992473 6409.2 26
1774350002484 6404.1 27
1774350012497 6410.7 28
1774350022512 6402.4 29
1774350032525 6392.4 30
