1774349732231 35.0 0
1774349742239 38.5 1
1774349752246 38.5 2
1774349762252 38.5 3
1774349772258 38.6 4
1774349782268 38.6 5
1774349792277 38.6 6
1774349802286 38.6 7
1774349812296 38.9 8
1774349822305 39.7 9
1774349832313 38.7 10
1774349842324 39.1 11
1774349852333 39.0 12
1774349862343 38.7 13
1774349872353 38.7 14
1774349882363 38.7 15
1774349892371 38.7 16
1774349902386 38.3 17
1774349912393 38.3 18
1774349922400 38.3 19
1774349932407 38.3 20
1774349942415 38.3 21
1774349952422 38.9 22
1774349962435 38.3 23
1774349972450 38.3 24
1774349982459 38.4 25
1774349992473 38.4 26
1774350002484 38.4 27
1774350012497 38.4 28
1774350022512 38.4 29
1774350032525 38.3 30
