1774135240964 0.6826945685398542 0
1774135241660 0.7513519868328239 1
1774135242352 0.7736891605925229 2
1774135243043 0.7881495415001175 3
1774135243743 0.8094286386080414 4
1774135244444 0.8316482482953209 5
1774135245136 0.863508111920997 6
1774135245834 0.8860804138255349 7
1774135246549 0.9045379731953915 8
1774135247246 0.9242887373618622 9
1774135247945 0.9443921937455914 10
1774135248636 0.9505055255114038 11
1774135249340 0.9675523160122267 12
1774135250041 0.96461321420174 13
1774135250739 0.9755466729367506 14
