1773972810490 18.4 0
1773972820505 89.1 1
1773972830518 69.6 2
1773972840538 82.3 3
1773972850545 50.2 4
1773972860559 86.1 5
1773972870585 89.0 6
1773972880597 62.7 7
1773972890629 86.3 8
1773972900638 57.5 9
1773972910657 95.1 10
1773972920665 52.0 11
1773972930710 94.9 12
1773972940721 88.0 13
1773972950728 93.2 14
1773972960736 89.4 15
1773972970753 89.2 16
1773972980765 29.8 17
1773972990773 49.5 18
1773973000784 94.2 19
1773973010795 75.1 20
1773973020812 92.0 21
1773973030821 75.1 22
1773973040833 83.0 23
1773973050843 92.7 24
1773973060851 93.4 25
1773973070897 34.7 26
