1774349585169 44.78919458389282 0
1774349587220 43.666452407836914 1
1774349589345 41.885159730911255 2
1774349591419 38.517569065093994 3
1774349593486 35.12238907814026 4
1774349595608 32.65220761299133 5
1774349597744 30.94290816783905 6
1774349599798 28.783278942108154 7
1774349601850 26.81704068183899 8
1774349603953 25.48205578327179 9
1774349606020 23.687355518341064 10
1774349608098 22.913483023643494 11
1774349610195 22.473772525787354 12
1774349612295 21.992817044258118 13
1774349614370 20.575729846954346 14
1774349616457 20.31065332889557 15
1774349618586 19.63510775566101 16
1774349620685 19.143396377563477 17
1774349622757 19.293008685112 18
1774349624852 18.584917187690735 19
1774349626945 18.055306494235992 20
1774349628941 17.28785812854767 21
1774349631071 17.2053040266037 22
1774349633170 16.4524005651474 23
1774349635267 16.27970427274704 24
1774349637323 16.878605902194977 25
1774349639416 15.781335830688477 26
1774349641533 15.08393919467926 27
1774349643650 15.017826557159424 28
1774349645731 16.828699350357056 29
1774349647830 16.324498414993286 30
1774349649921 14.968505382537842 31
1774349652003 14.179971694946289 32
1774349654061 15.049800038337708 33
1774349656112 14.47746193408966 34
1774349658233 14.364826023578644 35
1774349660355 14.95199704170227 36
1774349662470 13.611337959766388 37
1774349664499 13.278049945831299 38
1774349666576 12.640058398246765 39
1774349668660 12.594826400279999 40
1774349670753 12.272020995616913 41
1774349672852 12.135234653949738 42
1774349674938 11.663885354995728 43
1774349677061 12.585453927516937 44
1774349679159 13.675954461097717 45
1774349681231 12.947255611419678 46
1774349683383 12.621456801891327 47
1774349685464 12.01644653081894 48
1774349687623 11.74504029750824 49
1774349689732 11.201253354549408 50
1774349691787 10.609497606754303 51
1774349693894 10.119724929332733 52
1774349696013 10.149632096290588 53
1774349698153 9.334598809480667 54
1774349700258 9.72999519109726 55
1774349702386 10.804309964179993 56
1774349704459 11.799684762954712 57
1774349706574 11.082331955432892 58
1774349708691 9.906479179859161 59
1774349710814 9.346436440944672 60
1774349712839 9.611094653606415 61
1774349714954 9.819753646850586 62
