1774217601892 308.32761549949646 0
1774217612492 245.2879263162613 1
1774217622924 219.7685831785202 2
1774217633523 187.74962294101715 3
1774217644145 169.49780678749084 4
1774217654632 152.7321947813034 5
1774217665110 143.50080907344818 6
1774217675751 143.03039038181305 7
1774217686244 129.16917949914932 8
1774217696754 117.5592850446701 9
1774217707284 108.73568910360336 10
1774217717802 103.5235664844513 11
1774217728328 96.76291680335999 12
1774217738857 91.99336212873459 13
1774217749297 88.2390747666359 14
1774217759871 84.95636975765228 15
1774217770311 81.24023655056953 16
1774217780843 71.39055469632149 17
1774217791289 67.80437377095222 18
1774217801722 61.92365860939026 19
1774217812194 57.24631920456886 20
1774217822717 61.337941378355026 21
1774217833293 51.46813261508942 22
1774217843853 45.729466274380684 23
1774217854352 46.11098772287369 24
1774217864969 44.57541012763977 25
1774217875574 37.48527154326439 26
1774217886154 35.30878832936287 27
1774217896721 30.68290288746357 28
1774217907395 28.888649940490723 29
1774217917885 29.21293270587921 30
1774217928627 30.39978013187647 31
1774217939220 24.650671258568764 32
1774217949741 27.129434011876583 33
1774217960302 27.53294786810875 34
1774217970951 21.840994387865067 35
1774217981553 17.77776512503624 36
1774217992131 13.986228831112385 37
1774218002731 14.590396720916033 38
1774218013414 14.61239954829216 39
1774218023865 12.570893067866564 40
1774218034429 12.91587927006185 41
1774218044994 13.442722298204899 42
