1774812146756 1.0696688279872988 0
1774812147250 0.7006994671490582 1
1774812147873 0.6916592323534037 2
1774812148364 0.6890180533643512 3
1774812148858 0.6737208521835799 4
1774812149492 0.6681698923039392 5
1774812149943 0.6612430777379764 6
1774812150582 0.6432783481775037 7
1774812151071 0.6369226060486197 8
1774812151570 0.6311536675098913 9
1774812152425 0.6227106793065456 10
1774812152939 0.6247831791024271 11
1774812153432 0.61839919633758 12
1774812154095 0.6114411355183227 13
1774812154602 0.6012068092263886 14
1774812155122 0.5975818483064591 15
1774812155768 0.5910102128982544 16
1774812156243 0.5896371112084523 17
1774812156731 0.5845684711078766 18
1774812157414 0.5826939468535876 19
1774812157925 0.5815250170163768 20
1774812158424 0.5732794842397966 21
1774812159120 0.5720360670483359 22
1774812159794 0.5672194927539432 23
1774812160303 0.5659313195194581 24
1774812160975 0.5639663253671456 25
1774812161477 0.5601400539530599 26
1774812161995 0.5633487341327917 27
1774812162660 0.5594827709457441 28
1774812163181 0.5584365859711595 29
1774812163684 0.550825208816922 30
1774812164352 0.5492806955752633 31
1774812164865 0.5548170670783095 32
1774812165384 0.5485752630860005 33
1774812166036 0.5457535084148285 34
1774812166547 0.544978008932289 35
1774812167040 0.5517625087421338 36
1774812167835 0.5430901911647861 37
1774812168362 0.5388638000327248 38
1774812168898 0.5394614773888078 39
1774812169569 0.5334403972241042 40
1774812170073 0.537258982993872 41
1774812170583 0.5298784992484616 42
1774812171261 0.5312616652887713 43
1774812171768 0.5296655372204521 44
1774812172463 0.5288388958344092 45
1774812173003 0.5281455150017371 46
1774812173495 0.527284508127209 47
1774812174177 0.5220478954279401 48
1774812174692 0.5169611586079589 49
1774812175228 0.5254094148889938 50
1774812175889 0.5263391909858747 51
1774812176571 0.5291187731902103 52
1774812177082 0.5317761449608078 53
1774812177781 0.5305997829947194 54
1774812178297 0.5220206205996966 55
1774812178834 0.5168243451480794 56
1774812179535 0.5113711391783565 57
1774812180064 0.5057429908923315 58
1774812180589 0.5056122216006381 59
1774812181155 0.49762679493896955 60
1774812181823 0.5005519208943866 61
1774812182364 0.49785982438592036 62
1774812183093 0.49199878833978306 63
1774812183648 0.4994396712721848 64
1774812184323 0.4914691505244257 65
1774812185063 0.4885963382126019 66
1774812185602 0.4861027322723539 67
1774812186134 0.4849151410372127 68
1774812186651 0.47739862668805005 69
1774812187339 0.4832895909196664 70
1774812187890 0.480711062395103 71
1774812188581 0.47147783978124047 72
1774812189127 0.4741789440835842 73
1774812189708 0.4689297053760257 74
1774812190469 0.46984476152996185 75
1774812190996 0.4666601450760861 76
1774812191533 0.4749142695882307 77
1774812192085 0.4643677639692854 78
1774812192919 0.4671827197969519 79
1774812193458 0.4655750908279061 80
1774812194175 0.45635083519048136 81
1774812194722 0.4622797118901759 82
1774812195266 0.46446777094595876 83
1774812195974 0.4738275894080944 84
1774812196509 0.4677182726743745 85
1774812197077 0.4590925547463809 86
1774812197649 0.46024632286175554 87
