1774206378677 33.4 0
1774206388686 84.0 1
1774206398693 74.7 2
1774206408704 101.4 3
1774206418712 84.2 4
1774206428719 116.2 5
1774206438726 89.3 6
1774206448734 82.2 7
1774206458742 76.9 8
1774206468749 61.0 9
1774206478755 75.0 10
1774206488763 109.9 11
1774206498777 65.2 12
1774206508785 80.3 13
1774206518793 79.9 14
1774206528802 68.0 15
1774206538809 96.9 16
1774206548821 106.9 17
1774206558834 71.2 18
1774206568849 69.3 19
1774206578858 85.2 20
1774206588865 102.2 21
1774206598872 71.9 22
1774206608879 73.6 23
1774206618889 74.2 24
1774206628898 78.1 25
1774206638909 67.1 26
1774206648918 75.5 27
1774206658926 73.7 28
1774206668934 68.6 29
1774206678944 75.6 30
1774206688953 71.1 31
1774206698961 70.8 32
