1774137321617 0.0 0
1774137331625 12.0 1
1774137341649 18.4 2
1774137351662 11.8 3
1774137361671 11.5 4
1774137371678 13.9 5
1774137381710 16.0 6
1774137391718 11.0 7
1774137401725 13.3 8
1774137411734 16.0 9
1774137421766 11.4 10
1774137431775 13.8 11
1774137441800 16.7 12
1774137451806 11.1 13
1774137461814 13.4 14
1774137471824 15.4 15
1774137481831 11.8 16
1774137491838 13.5 17
1774137501846 12.3 18
1774137511864 16.2 19
1774137521875 13.3 20
1774137531882 12.4 21
1774137541903 16.1 22
1774137551918 13.1 23
1774137561935 12.1 24
1774137571951 15.9 25
1774137581976 12.5 26
1774137591983 12.0 27
1774137601991 13.2 28
1774137612017 15.6 29
1774137622038 11.9 30
1774137632052 10.7 31
1774137642080 18.2 32
1774137652095 12.4 33
1774137662124 11.2 34
1774137672132 18.7 35
1774137682164 12.5 36
1774137692189 11.3 37
1774137702195 18.4 38
1774137712203 12.3 39
1774137722211 11.1 40
1774137732241 14.1 41
1774137742248 16.6 42
1774137752256 10.8 43
1774137762270 13.1 44
1774137772291 17.6 45
1774137782300 11.2 46
1774137792311 12.3 47
1774137802319 18.2 48
1774137812353 10.8 49
1774137822373 12.3 50
1774137832406 16.8 51
1774137842422 12.0 52
1774137852430 12.3 53
1774137862443 13.6 54
1774137872453 15.3 55
1774137882461 11.2 56
1774137892469 13.5 57
1774137902483 16.3 58
1774137912500 11.7 59
1774137922524 13.6 60
1774137932543 16.3 61
1774137942551 11.4 62
1774137952559 13.4 63
1774137962576 13.2 64
1774137972584 14.6 65
1774137982609 13.4 66
1774137992639 11.6 67
1774138002671 16.0 68
1774138012684 13.1 69
1774138022700 12.2 70
1774138032709 16.0 71
1774138042725 12.9 72
1774138052746 12.1 73
1774138062767 16.0 74
1774138072780 13.3 75
1774138082804 12.4 76
1774138092814 11.2 77
1774138102823 17.8 78
1774138112832 12.3 79
1774138122851 11.2 80
1774138132859 18.3 81
1774138142868 12.1 82
1774138152883 11.1 83
1774138162892 18.1 84
1774138172910 12.3 85
1774138182919 11.0 86
1774138192934 15.4 87
1774138202952 15.2 88
1774138212961 11.4 89
1774138222980 12.9 90
1774138232989 17.3 91
1774138243018 11.1 92
1774138253042 12.6 93
1774138263055 17.7 94
1774138273087 10.7 95
1774138283114 12.4 96
1774138293127 18.6 97
1774138303159 11.2 98
1774138313188 12.3 99
1774138323216 14.0 100
1774138333225 15.5 101
1774138343234 11.3 102
1774138353243 13.6 103
1774138363263 16.0 104
1774138373274 13.7 105
1774138383301 13.9 106
1774138393310 16.9 107
1774138403328 11.5 108
1774138413359 13.4 109
1774138423384 15.4 110
1774138433422 13.8 111
1774138443445 13.2 112
1774138453463 12.4 113
1774138463503 15.4 114
1774138473512 12.9 115
1774138483521 11.9 116
1774138493532 15.9 117
1774138503545 12.8 118
1774138513556 12.7 119
1774138523587 15.4 120
1774138533618 13.4 121
1774138543628 12.2 122
1774138553643 12.8 123
1774138563652 16.1 124
1774138573662 12.6 125
1774138583683 10.9 126
1774138593705 17.9 127
1774138603714 12.4 128
1774138613739 11.2 129
1774138623753 18.5 130
1774138633763 13.1 131
1774138643778 11.1 132
1774138653792 17.4 133
1774138663822 13.2 134
1774138673843 10.7 135
1774138683855 12.7 136
1774138693869 19.1 137
1774138703881 10.6 138
1774138713893 12.6 139
1774138723904 18.4 140
1774138733918 11.0 141
1774138743928 11.5 142
1774138753938 19.3 143
1774138763967 11.5 144
1774138773979 11.2 145
1774138783989 15.3 146
1774138794006 15.0 147
1774138804027 11.6 148
1774138814068 14.1 149
1774138824095 16.5 150
1774138834106 10.9 151
1774138844133 13.1 152
1774138854162 17.0 153
1774138864172 11.2 154
1774138874185 13.4 155
1774138884197 16.5 156
1774138894211 11.7 157
1774138904232 13.0 158
1774138914254 12.1 159
1774138924265 15.8 160
1774138934293 13.4 161
1774138944310 12.0 162
