1774137321617 2.8 0
1774137331625 52.5 1
1774137341649 52.5 2
1774137351662 52.6 3
1774137361671 52.6 4
1774137371678 52.6 5
1774137381710 52.6 6
1774137391718 52.6 7
1774137401725 52.6 8
1774137411734 52.6 9
1774137421766 52.6 10
1774137431775 52.6 11
1774137441800 52.6 12
1774137451806 52.6 13
1774137461814 52.6 14
1774137471824 52.6 15
1774137481831 52.6 16
1774137491838 52.6 17
1774137501846 52.6 18
1774137511864 52.6 19
1774137521875 52.6 20
1774137531882 52.6 21
1774137541903 52.6 22
1774137551918 52.6 23
1774137561935 52.6 24
1774137571951 52.6 25
1774137581976 52.6 26
1774137591983 52.6 27
1774137601991 52.6 28
1774137612017 52.6 29
1774137622038 52.6 30
1774137632052 52.6 31
1774137642080 52.6 32
1774137652095 52.6 33
1774137662124 52.6 34
1774137672132 52.6 35
1774137682164 52.6 36
1774137692189 52.6 37
1774137702195 52.6 38
1774137712203 52.6 39
1774137722211 52.6 40
1774137732241 52.6 41
1774137742248 52.6 42
1774137752256 52.6 43
1774137762270 52.6 44
1774137772291 52.6 45
1774137782300 52.6 46
1774137792311 52.6 47
1774137802319 52.6 48
1774137812353 52.6 49
1774137822373 52.6 50
1774137832406 52.6 51
1774137842422 52.6 52
1774137852430 52.6 53
1774137862443 52.6 54
1774137872453 52.6 55
1774137882461 52.6 56
1774137892469 52.6 57
1774137902483 52.6 58
1774137912500 52.6 59
1774137922524 52.6 60
1774137932543 52.6 61
1774137942551 52.6 62
1774137952559 52.6 63
1774137962576 52.6 64
1774137972584 52.6 65
1774137982609 52.6 66
1774137992639 52.6 67
1774138002671 52.6 68
1774138012684 52.6 69
1774138022700 52.6 70
1774138032709 52.6 71
1774138042725 52.6 72
1774138052746 52.6 73
1774138062767 52.6 74
1774138072780 52.6 75
1774138082804 52.6 76
1774138092814 52.6 77
1774138102823 52.6 78
1774138112832 52.6 79
1774138122851 52.6 80
1774138132859 52.6 81
1774138142868 52.6 82
1774138152883 52.6 83
1774138162892 52.6 84
1774138172910 52.6 85
1774138182919 52.6 86
1774138192934 52.6 87
1774138202952 52.6 88
1774138212961 52.6 89
1774138222980 52.6 90
1774138232989 52.6 91
1774138243018 52.6 92
1774138253042 52.6 93
1774138263055 52.6 94
1774138273087 52.6 95
1774138283114 52.6 96
1774138293127 52.6 97
1774138303159 52.6 98
1774138313188 52.6 99
1774138323216 52.6 100
1774138333225 52.6 101
1774138343234 52.6 102
1774138353243 52.6 103
1774138363263 52.6 104
1774138373274 52.6 105
1774138383301 52.6 106
1774138393310 52.6 107
1774138403328 52.6 108
1774138413359 52.6 109
1774138423384 52.6 110
1774138433422 52.6 111
1774138443445 52.6 112
1774138453463 52.6 113
1774138463503 52.6 114
1774138473512 52.6 115
1774138483521 52.6 116
1774138493532 52.6 117
1774138503545 52.6 118
1774138513556 52.6 119
1774138523587 52.6 120
1774138533618 52.6 121
1774138543628 52.6 122
1774138553643 52.6 123
1774138563652 52.6 124
1774138573662 52.6 125
1774138583683 52.6 126
1774138593705 52.6 127
1774138603714 52.6 128
1774138613739 52.6 129
1774138623753 52.6 130
1774138633763 52.6 131
1774138643778 52.6 132
1774138653792 52.6 133
1774138663822 52.6 134
1774138673843 52.6 135
1774138683855 52.6 136
1774138693869 52.6 137
1774138703881 52.6 138
1774138713893 52.6 139
1774138723904 52.6 140
1774138733918 52.6 141
1774138743928 52.6 142
1774138753938 52.6 143
1774138763967 52.6 144
1774138773979 52.6 145
1774138783989 52.6 146
1774138794006 52.6 147
1774138804027 52.6 148
1774138814068 52.6 149
1774138824095 52.6 150
1774138834106 52.6 151
1774138844133 52.6 152
1774138854162 52.6 153
1774138864172 52.6 154
1774138874185 52.6 155
1774138884197 52.6 156
1774138894211 52.6 157
1774138904232 52.6 158
1774138914254 52.6 159
1774138924265 52.6 160
1774138934293 52.6 161
1774138944310 52.6 162
