1768650736103 0.4900070538443452 0
1768650736799 0.6735245708911357 1
1768650737495 0.7292499412179638 2
1768650738188 0.7634610862920291 3
1768650738879 0.7758053138960733 4
1768650739569 0.7863860804138255 5
1768650740261 0.8003762050317423 6
1768650740955 0.8224782506466024 7
1768650741644 0.8407006818716201 8
1768650742339 0.8576299083000235 9
1768650743036 0.8844345168116624 10
1768650743732 0.9028920761815189 11
1768650744433 0.9164119445097578 12
1768650745138 0.9328709146484834 13
1768650745840 0.9448624500352693 14
1768650746547 0.9577944980014108 15
1768650747249 0.9654361627086763 16
