1768650736099 65.80599188804626 0
1768650736796 40.443363547325134 1
1768650737492 36.20542103052139 2
1768650738184 33.52926170825958 3
1768650738875 32.28501868247986 4
1768650739566 30.95577099919319 5
1768650740257 29.23865097761154 6
1768650740952 27.389033764600754 7
1768650741640 25.1283248513937 8
1768650742336 23.104371160268784 9
1768650743032 19.808271557092667 10
1768650743728 17.145944207906723 11
1768650744430 15.329637810587883 12
1768650745134 12.944423355162144 13
1768650745835 11.140908524394035 14
1768650746542 9.189944095909595 15
1768650747244 7.782795667648315 16
