1774353553722 0.05271828665568369 0
1774353554189 0.06809445359692477 1
1774353554678 0.07413509060955518 2
1774353555171 0.09719934102141681 3
1774353555667 0.12465678198791873 4
1774353556163 0.13234486545853927 5
1774353556660 0.18671059857221306 6
1774353557486 0.19384953322350357 7
1774353557977 0.23064250411861614 8
1774353558490 0.24546952224052718 9
1774353559011 0.3025809994508512 10
1774353559529 0.3316858868753432 11
1774353560027 0.3563975837451949 12
1774353560526 0.39373970345963755 13
1774353561360 0.4514003294892916 14
1774353561841 0.4684239428885228 15
1774353562380 0.5057660626029654 16
1774353563070 0.5321252059308073 17
1774353563589 0.5612300933552993 18
1774353564102 0.6018671059857221 19
1774353564597 0.6271279516749039 20
1774353565112 0.6353651839648545 21
1774353565938 0.671609006040637 22
1774353566448 0.7095002745744097 23
1774353566983 0.7270730367929709 24
1774353567487 0.7589236683141132 25
1774353568002 0.7638660076880834 26
1774353568526 0.8094453596924767 27
1774353569045 0.800658978583196 28
1774353569907 0.844041735310269 29
1774353570467 0.8363536518396485 30
1774353570987 0.8550247116968699 31
1774353571535 0.8753432180120813 32
1774353572074 0.8846787479406919 33
1774353572614 0.8918176825919825 34
1774353573154 0.9022515101592532 35
1774353573698 0.9247666117517848 36
1774353574549 0.9247666117517848 37
1774353575094 0.9346512904997254 38
1774353575613 0.9456342668863262 39
1774353576130 0.942339373970346 40
1774353576668 0.943986820428336 41
1774353577198 0.9599121361889071 42
1774353577742 0.956068094453597 43
1774353578688 0.9637561779242174 44
1774353579241 0.9730917078528282 45
1774353579791 0.9659527732015376 46
1774353580342 0.9730917078528282 47
1774353580892 0.9796814936847886 48
1774353581440 0.9796814936847886 49
1774353582006 0.9747391543108183 50
1774353582711 0.9796814936847886 51
1774353583417 0.9840746842394289 52
1774353583975 0.9835255354200988 53
1774353584536 0.985722130697419 54
1774353585085 0.9846238330587589 55
1774353585635 0.9829763866007688 56
1774353586184 0.9824272377814388 57
