1774277395025 33.0 0
1774277405036 74.8 1
1774277415043 85.1 2
1774277425051 79.8 3
1774277435067 83.6 4
1774277445075 76.3 5
1774277455082 89.9 6
1774277465090 80.2 7
1774277475111 98.7 8
1774277485118 79.2 9
1774277495126 102.5 10
1774277505133 90.8 11
1774277515140 77.0 12
1774277525151 67.1 13
1774277535170 90.2 14
1774277545177 90.5 15
1774277555184 78.0 16
1774277565199 77.7 17
1774277575207 82.4 18
1774277585214 65.0 19
1774277595221 76.3 20
1774277605229 71.9 21
1774277615244 86.4 22
1774277625256 84.4 23
1774277635274 78.2 24
1774277645289 78.1 25
1774277655298 80.2 26
1774277665306 81.3 27
1774277675320 76.7 28
1774277685328 77.7 29
1774277695338 78.5 30
1774277705351 78.2 31
1774277715359 88.7 32
1774277725378 89.3 33
1774277735387 75.6 34
1774277745396 88.1 35
1774277755404 73.1 36
1774277765412 80.2 37
1774277775420 77.9 38
1774277785433 77.7 39
1774277795445 80.4 40
1774277805455 78.1 41
1774277815472 92.3 42
1774277825479 103.0 43
1774277835487 66.4 44
1774277845501 82.9 45
1774277855515 101.4 46
1774277865532 98.6 47
1774277875540 85.7 48
1774277885548 81.7 49
1774277895572 87.2 50
1774277905580 80.7 51
1774277915588 76.6 52
1774277925596 80.2 53
1774277935611 79.8 54
1774277945620 67.5 55
1774277955629 78.3 56
1774277965647 97.7 57
1774277975661 77.0 58
1774277985682 88.0 59
1774277995691 80.7 60
1774278005707 83.3 61
1774278015717 91.7 62
1774278025732 67.6 63
1774278035741 76.5 64
1774278045749 88.4 65
1774278055762 77.6 66
1774278065772 84.3 67
1774278075780 81.3 68
1774278085787 73.4 69
1774278095796 78.5 70
1774278105805 73.1 71
1774278115820 79.7 72
1774278125829 94.4 73
1774278135838 77.6 74
1774278145847 84.1 75
1774278155857 102.3 76
1774278165867 83.6 77
1774278175875 75.3 78
1774278185892 83.8 79
1774278195902 78.9 80
1774278205912 84.3 81
1774278215922 79.4 82
1774278225931 78.1 83
1774278235947 83.0 84
1774278245957 81.0 85
1774278255968 78.1 86
1774278265981 89.5 87
