1774277395025 216.1 0
1774277405036 925.0 1
1774277415043 1138.9 2
1774277425051 1141.0 3
1774277435067 1141.0 4
1774277445075 1141.0 5
1774277455082 1141.0 6
1774277465090 1141.0 7
1774277475111 1141.0 8
1774277485118 1141.0 9
1774277495126 1141.0 10
1774277505133 1141.0 11
1774277515140 1141.0 12
1774277525151 1141.0 13
1774277535170 1252.1 14
1774277545177 1252.1 15
1774277555184 1252.1 16
1774277565199 1252.1 17
1774277575207 1252.1 18
1774277585214 1252.1 19
1774277595221 1252.1 20
1774277605229 1252.1 21
1774277615244 1252.1 22
1774277625256 1252.1 23
1774277635274 1252.1 24
1774277645289 1252.1 25
1774277655298 1252.1 26
1774277665306 1252.1 27
1774277675320 1252.1 28
1774277685328 1252.1 29
1774277695338 1252.1 30
1774277705351 1252.1 31
1774277715359 1252.1 32
1774277725378 1252.1 33
1774277735387 1252.1 34
1774277745396 1252.1 35
1774277755404 1252.1 36
1774277765412 1252.1 37
1774277775420 1252.1 38
1774277785433 1252.1 39
1774277795445 1252.1 40
1774277805455 1252.1 41
1774277815472 1252.1 42
1774277825479 1252.1 43
1774277835487 1252.1 44
1774277845501 1252.1 45
1774277855515 1252.1 46
1774277865532 1252.1 47
1774277875540 1252.1 48
1774277885548 1252.1 49
1774277895572 1252.1 50
1774277905580 1252.1 51
1774277915588 1252.1 52
1774277925596 1252.1 53
1774277935611 1252.1 54
1774277945620 1252.1 55
1774277955629 1252.1 56
1774277965647 1252.1 57
1774277975661 1252.1 58
1774277985682 1252.1 59
1774277995691 1252.1 60
1774278005707 1252.1 61
1774278015717 1252.1 62
1774278025732 1252.1 63
1774278035741 1365.4 64
1774278045749 1365.4 65
1774278055762 1365.4 66
1774278065772 1365.4 67
1774278075780 1365.4 68
1774278085787 1365.4 69
1774278095796 1365.4 70
1774278105805 1365.4 71
1774278115820 1365.4 72
1774278125829 1365.4 73
1774278135838 1365.4 74
1774278145847 1365.4 75
1774278155857 1365.4 76
1774278165867 1365.4 77
1774278175875 1365.4 78
1774278185892 1365.4 79
1774278195902 1365.4 80
1774278205912 1365.4 81
1774278215922 1365.4 82
1774278225931 1365.4 83
1774278235947 1365.4 84
1774278245957 1365.4 85
1774278255968 1484.9 86
1774278265981 1484.9 87
