1774277395025 0.0 0
1774277405036 94.0 1
1774277415043 91.0 2
1774277425051 91.0 3
1774277435067 90.0 4
1774277445075 92.0 5
1774277455082 93.0 6
1774277465090 90.0 7
1774277475111 94.0 8
1774277485118 94.0 9
1774277495126 94.0 10
1774277505133 89.0 11
1774277515140 94.0 12
1774277525151 92.0 13
1774277535170 94.0 14
1774277545177 94.0 15
1774277555184 92.0 16
1774277565199 94.0 17
1774277575207 94.0 18
1774277585214 94.0 19
1774277595221 94.0 20
1774277605229 90.0 21
1774277615244 94.0 22
1774277625256 94.0 23
1774277635274 90.0 24
1774277645289 94.0 25
1774277655298 93.0 26
1774277665306 92.0 27
1774277675320 91.0 28
1774277685328 94.0 29
1774277695338 94.0 30
1774277705351 90.0 31
1774277715359 64.0 32
1774277725378 94.0 33
1774277735387 89.0 34
1774277745396 76.0 35
1774277755404 93.0 36
1774277765412 92.0 37
1774277775420 91.0 38
1774277785433 93.0 39
1774277795445 94.0 40
1774277805455 94.0 41
1774277815472 94.0 42
1774277825479 94.0 43
1774277835487 92.0 44
1774277845501 91.0 45
1774277855515 94.0 46
1774277865532 94.0 47
1774277875540 89.0 48
1774277885548 94.0 49
1774277895572 93.0 50
1774277905580 94.0 51
1774277915588 94.0 52
1774277925596 94.0 53
1774277935611 92.0 54
1774277945620 94.0 55
1774277955629 92.0 56
1774277965647 93.0 57
1774277975661 94.0 58
1774277985682 94.0 59
1774277995691 90.0 60
1774278005707 94.0 61
1774278015717 90.0 62
1774278025732 91.0 63
1774278035741 91.0 64
1774278045749 91.0 65
1774278055762 92.0 66
1774278065772 94.0 67
1774278075780 94.0 68
1774278085787 94.0 69
1774278095796 92.0 70
1774278105805 94.0 71
1774278115820 91.0 72
1774278125829 67.0 73
1774278135838 94.0 74
1774278145847 94.0 75
1774278155857 76.0 76
1774278165867 94.0 77
1774278175875 93.0 78
1774278185892 94.0 79
1774278195902 92.0 80
1774278205912 92.0 81
1774278215922 94.0 82
1774278225931 94.0 83
1774278235947 93.0 84
1774278245957 94.0 85
1774278255968 93.0 86
1774278265981 92.0 87
