1774277395025 21.9 0
1774277405036 49.5 1
1774277415043 56.3 2
1774277425051 52.9 3
1774277435067 55.4 4
1774277445075 50.5 5
1774277455082 59.6 6
1774277465090 53.1 7
1774277475111 65.4 8
1774277485118 52.4 9
1774277495126 67.8 10
1774277505133 60.1 11
1774277515140 51.0 12
1774277525151 44.4 13
1774277535170 59.7 14
1774277545177 60.0 15
1774277555184 51.7 16
1774277565199 51.4 17
1774277575207 54.6 18
1774277585214 43.1 19
1774277595221 50.5 20
1774277605229 47.6 21
1774277615244 57.2 22
1774277625256 55.9 23
1774277635274 51.8 24
1774277645289 51.7 25
1774277655298 53.1 26
1774277665306 53.8 27
1774277675320 50.8 28
1774277685328 51.5 29
1774277695338 52.0 30
1774277705351 51.8 31
1774277715359 58.8 32
1774277725378 59.2 33
1774277735387 50.1 34
1774277745396 58.3 35
1774277755404 48.4 36
1774277765412 53.1 37
1774277775420 51.6 38
1774277785433 51.5 39
1774277795445 53.3 40
1774277805455 51.7 41
1774277815472 61.1 42
1774277825479 68.2 43
1774277835487 43.9 44
1774277845501 54.9 45
1774277855515 67.1 46
1774277865532 65.3 47
1774277875540 56.8 48
1774277885548 54.1 49
1774277895572 57.8 50
1774277905580 53.4 51
1774277915588 50.8 52
1774277925596 53.1 53
1774277935611 52.9 54
1774277945620 44.7 55
1774277955629 51.8 56
1774277965647 64.7 57
1774277975661 51.0 58
1774277985682 58.3 59
1774277995691 53.5 60
1774278005707 55.2 61
1774278015717 60.8 62
1774278025732 44.8 63
1774278035741 50.6 64
1774278045749 58.5 65
1774278055762 51.4 66
1774278065772 55.9 67
1774278075780 53.9 68
1774278085787 48.6 69
1774278095796 52.0 70
1774278105805 48.4 71
1774278115820 52.8 72
1774278125829 62.5 73
1774278135838 51.4 74
1774278145847 55.7 75
1774278155857 67.8 76
1774278165867 55.4 77
1774278175875 49.9 78
1774278185892 55.5 79
1774278195902 52.2 80
1774278205912 55.8 81
1774278215922 52.6 82
1774278225931 51.7 83
1774278235947 55.0 84
1774278245957 53.6 85
1774278255968 51.7 86
1774278265981 59.3 87
