1774277395025 34.2 0
1774277405036 38.8 1
1774277415043 38.0 2
1774277425051 38.0 3
1774277435067 38.1 4
1774277445075 38.0 5
1774277455082 38.1 6
1774277465090 38.1 7
1774277475111 38.1 8
1774277485118 38.1 9
1774277495126 38.2 10
1774277505133 38.1 11
1774277515140 37.8 12
1774277525151 37.8 13
1774277535170 38.8 14
1774277545177 37.9 15
1774277555184 37.9 16
1774277565199 37.8 17
1774277575207 38.3 18
1774277585214 38.0 19
1774277595221 38.3 20
1774277605229 38.0 21
1774277615244 38.1 22
1774277625256 38.0 23
1774277635274 38.0 24
1774277645289 37.6 25
1774277655298 37.6 26
1774277665306 38.0 27
1774277675320 37.6 28
1774277685328 37.6 29
1774277695338 37.7 30
1774277705351 37.6 31
1774277715359 37.7 32
1774277725378 37.6 33
1774277735387 37.7 34
1774277745396 37.8 35
1774277755404 37.7 36
1774277765412 39.3 37
1774277775420 37.7 38
1774277785433 37.7 39
1774277795445 37.8 40
1774277805455 37.7 41
1774277815472 38.2 42
1774277825479 38.1 43
1774277835487 37.8 44
1774277845501 37.8 45
1774277855515 37.8 46
1774277865532 37.5 47
1774277875540 37.5 48
1774277885548 37.6 49
1774277895572 38.8 50
1774277905580 37.6 51
1774277915588 37.6 52
1774277925596 37.6 53
1774277935611 37.6 54
1774277945620 37.7 55
1774277955629 37.7 56
1774277965647 37.6 57
1774277975661 37.9 58
1774277985682 37.7 59
1774277995691 37.7 60
1774278005707 37.6 61
1774278015717 37.7 62
1774278025732 38.4 63
1774278035741 37.7 64
1774278045749 38.1 65
1774278055762 37.7 66
1774278065772 37.7 67
1774278075780 37.8 68
1774278085787 37.8 69
1774278095796 37.7 70
1774278105805 37.8 71
1774278115820 37.8 72
1774278125829 37.8 73
1774278135838 37.8 74
1774278145847 37.9 75
1774278155857 38.1 76
1774278165867 37.9 77
1774278175875 37.8 78
1774278185892 38.1 79
1774278195902 37.9 80
1774278205912 37.9 81
1774278215922 37.9 82
1774278225931 37.9 83
1774278235947 37.9 84
1774278245957 38.0 85
1774278255968 39.5 86
1774278265981 38.0 87
