1773959683844 44.818503618240356 0
1773959687975 42.34081506729126 1
1773959692043 36.12806248664856 2
1773959696181 32.94869136810303 3
1773959700338 30.241737008094788 4
1773959704491 28.012527108192444 5
1773959708645 26.041552782058716 6
1773959712832 23.928444743156433 7
1773959717002 22.557782411575317 8
1773959721258 21.567896127700806 9
1773959725410 20.428131818771362 10
1773959729643 20.563557147979736 11
1773959733681 19.122664093971252 12
1773959737911 17.47430419921875 13
1773959742148 16.177087366580963 14
1773959746281 15.584217548370361 15
1773959750385 14.632323503494263 16
1773959754591 13.78853964805603 17
1773959758777 14.469449639320374 18
1773959762777 13.253692507743835 19
1773959766808 12.783551037311554 20
1773959770792 11.359073460102081 21
1773959774971 11.077338874340057 22
1773959779071 10.142404973506927 23
1773959783226 10.194141864776611 24
1773959787340 9.86250114440918 25
1773959791580 9.607066482305527 26
1773959795779 8.690725475549698 27
1773959799981 7.7089976370334625 28
1773959804175 7.566478490829468 29
1773959808202 8.004596292972565 30
1773959812403 6.526641935110092 31
1773959816488 7.554044753313065 32
1773959820639 7.573418915271759 33
1773959824847 5.738114833831787 34
1773959828994 5.40792153775692 35
1773959833197 4.739200592041016 36
1773959837408 4.278530985116959 37
1773959841410 3.7970752716064453 38
1773959845649 4.203214764595032 39
1773959849868 5.274108856916428 40
1773959854103 3.744334191083908 41
1773959858400 3.9627398997545242 42
1773959862607 4.729808509349823 43
1773959866852 4.259593203663826 44
