1774811688298 0.06936653440963196 0
1774811690346 0.1401012450403612 1
1774811692627 0.22410726501573403 2
1774811694712 0.29887809549870026 3
1774811696813 0.3722807497605692 4
1774811699107 0.4112053632507867 5
1774811701437 0.4605281160213435 6
1774811703541 0.4886441373648926 7
1774811705844 0.5164181146531673 8
1774811707951 0.5300314680530852 9
1774811710060 0.5523327404569709 10
1774811712309 0.5680667669995896 11
1774811714413 0.5757969626487892 12
1774811716608 0.5855110138185798 13
1774811718893 0.5984402791079491 14
1774811720985 0.5978930086195102 15
1774811723055 0.6114379532083732 16
1774811725338 0.619578601723902 17
1774811727428 0.623614721576139 18
1774811729505 0.6282665207278697 19
1774811731791 0.6293610617047476 20
1774811734106 0.6353810370775755 21
1774811736185 0.636680804487618 22
1774811738462 0.6436585032152141 23
1774811740526 0.6494732521548775 24
1774811742628 0.6500889314543713 25
1774811744719 0.6563825420714188 26
1774811747011 0.659324120946778 27
1774811749252 0.6556984539608701 28
1774811751348 0.6600766178683815 29
1774811753665 0.6660281844301547 30
1774811755756 0.6682856751949651 31
1774811757824 0.6654125051306609 32
1774811760091 0.6652756875085512 33
1774811762202 0.6682172663839102 34
1774811764547 0.673826788890409 35
1774811766913 0.6725270214803667 36
1774811769045 0.6699958954713368 37
1774811771141 0.6761526884662744 38
1774811773422 0.6701327130934465 39
1774811775532 0.6821042550280476 40
1774811777656 0.6782049527979204 41
1774811780120 0.680941305240115 42
1774811782226 0.6768367765768231 43
1774811784337 0.681420166917499 44
1774811786673 0.6803256259406212 45
1774811788779 0.6828567519496511 46
1774811790850 0.6835408400601998 47
1774811793174 0.686414010124504 48
1774811795305 0.6831987960049254 49
1774811797583 0.6854562867697359 50
1774811799895 0.6834040224380901 51
1774811802002 0.6901080859214667 52
1774811804120 0.686482418935559 53
1774811806446 0.683882884115474 54
1774811808569 0.6896292242440827 55
1774811810835 0.6896292242440827 56
1774811813122 0.6913394445204543 57
1774811815233 0.6881242304008757 58
1774811817320 0.693938979340539 59
1774811819638 0.687919003967711 60
1774811821784 0.6955807908058558 61
1774811823868 0.6962648789164044 62
1774811826214 0.6968121494048434 63
1774811828463 0.6937337529073745 64
1774811830598 0.7003009987686414 65
1774811832765 0.6962648789164044 66
1774811835058 0.6996169106580927 67
1774811837192 0.6974278287043372 68
1774811839518 0.6955123819948009 69
1774811841635 0.6955123819948009 70
1774811843900 0.6916814885757285 71
1774811846239 0.70098508687919 72
1774811848372 0.6970857846490628 73
1774811850492 0.6995485018470379 74
1774811852590 0.6998905459023123 75
1774811854931 0.6999589547133671 76
1774811857144 0.6979066903817212 77
1774811859467 0.7002325899575865 78
1774811861786 0.6995485018470379 79
1774811863922 0.6968121494048434 80
1774811866325 0.7037214393213846 81
1774811868445 0.7022164454781776 82
1774811870589 0.7007114516349706 83
1774811872680 0.6984539608701601 84
1774811874975 0.7021480366671228 85
1774811877128 0.7005746340128609 86
1774811879609 0.7018744014229032 87
1774811881744 0.7057052948419756 88
1774811883881 0.7046791626761527 89
1774811886210 0.7013955397455193 90
1774811888358 0.7061841565193597 91
1774811890501 0.7000957723354768 92
1774811892638 0.7061841565193597 93
1774811895112 0.7034478040771651 94
1774811897243 0.7051580243535367 95
1774811899579 0.7083048296620604 96
1774811901717 0.7027637159666165 97
1774811903838 0.7066630181967437 98
1774811906202 0.7067998358188534 99
1774811908337 0.708031194417841 100
1774811910651 0.7038582569434944 101
1774811912795 0.7096730058831577 102
1774811915126 0.7059789300861951 103
1774811917268 0.699480093035983 104
1774811919607 0.7074155151183472 105
1774811921744 0.7098098235052674 106
1774811923890 0.705021206731427 107
1774811926283 0.7061157477083049 108
1774811928614 0.7061157477083049 109
1774811930760 0.704473936242988 110
1774811932911 0.7048159802982624 111
1774811935255 0.7046791626761527 112
1774811937406 0.7068682446299084 113
1774811939774 0.7053632507867014 114
1774811941905 0.7024216719113422 115
1774811944280 0.7092625530168286 116
1774811946648 0.708031194417841 117
1774811948792 0.7081680120399507 118
1774811950937 0.7136407169243398 119
1774811953096 0.7056368860309208 120
1774811955430 0.7058421124640853 121
1774811957591 0.7084416472841703 122
1774811959922 0.7074155151183472 123
1774811962362 0.7087152825283897 124
1774811964542 0.7122725407032425 125
1774811966889 0.7087836913394445 126
1774811969016 0.7089205089615542 127
1774811971193 0.7077575591736216 128
1774811973353 0.7082364208510056 129
1774811975688 0.7067314270077986 130
1774811978002 0.7076207415515119 131
1774811980409 0.7020796278560678 132
1774811982562 0.7075523327404569 133
1774811984746 0.7078943767957313 134
1774811987140 0.7083048296620604 135
1774811989318 0.7144616226569982 136
1774811991494 0.7128198111916815 137
1774811993669 0.7104255028047612 138
1774811996177 0.7084416472841703 139
1774811998348 0.7118620878369134 140
1774812000729 0.712067314270078 141
1774812002911 0.7100150499384321 142
1774812005092 0.711520043781639 143
1774812007473 0.7106991380489807 144
1774812009618 0.7114516349705842 145
1774812011957 0.714530031468053 146
1774812014139 0.7122041318921877 147
1774812016490 0.70857846490628 148
