1773961851409 0.0 0
1773961861417 99.0 1
1773961871432 99.0 2
1773961881445 99.0 3
1773961891454 99.0 4
1773961901488 99.0 5
1773961911503 99.0 6
1773961921510 99.0 7
1773961931517 99.0 8
1773961941524 99.0 9
1773961951535 99.0 10
1773961961542 99.0 11
1773961971559 99.0 12
1773961981568 99.0 13
1773961991575 99.0 14
1773962001584 99.0 15
1773962011591 99.0 16
1773962021617 99.0 17
1773962031656 99.0 18
1773962041667 99.0 19
1773962051685 100.0 20
1773962061692 99.0 21
1773962071700 99.0 22
1773962081708 99.0 23
1773962091718 99.0 24
1773962101741 100.0 25
1773962111757 100.0 26
1773962121764 100.0 27
1773962131771 100.0 28
1773962141778 99.0 29
1773962151786 99.0 30
1773962161795 99.0 31
1773962171803 99.0 32
1773962181810 99.0 33
1773962191818 99.0 34
1773962201826 99.0 35
1773962211840 99.0 36
1773962221847 99.0 37
1773962231855 99.0 38
1773962241866 100.0 39
1773962251873 100.0 40
1773962261881 99.0 41
1773962271892 99.0 42
1773962281905 99.0 43
1773962291913 99.0 44
1773962301928 100.0 45
1773962311936 99.0 46
1773962321958 99.0 47
1773962331965 99.0 48
1773962341973 99.0 49
1773962351988 99.0 50
1773962361995 99.0 51
1773962372006 99.0 52
1773962382017 99.0 53
1773962392046 99.0 54
1773962402063 99.0 55
1773962412076 99.0 56
1773962422084 99.0 57
1773962432095 99.0 58
1773962442107 99.0 59
1773962452117 99.0 60
1773962462128 99.0 61
1773962472158 99.0 62
1773962482168 98.0 63
1773962492176 99.0 64
1773962502184 99.0 65
1773962512192 99.0 66
1773962522216 99.0 67
1773962532228 99.0 68
1773962542236 99.0 69
1773962552251 100.0 70
1773962562262 99.0 71
1773962572271 100.0 72
1773962582279 99.0 73
1773962592288 99.0 74
1773962602304 99.0 75
1773962612315 99.0 76
1773962622337 99.0 77
