1774271330956 0.0 0
1774271340974 12.4 1
1774271350985 16.8 2
1774271360993 13.0 3
1774271371001 12.0 4
1774271381010 16.3 5
1774271391021 13.0 6
1774271401030 11.6 7
1774271411041 16.3 8
1774271421051 13.1 9
1774271431059 12.0 10
1774271441069 14.6 11
1774271451081 14.9 12
1774271461089 11.6 13
1774271471098 11.8 14
1774271481106 17.0 15
1774271491116 12.8 16
1774271501127 11.5 17
1774271511135 16.9 18
1774271521146 12.9 19
1774271531154 12.0 20
1774271541162 17.5 21
1774271551170 13.2 22
1774271561178 11.5 23
1774271571186 13.6 24
1774271581194 16.7 25
1774271591203 11.6 26
1774271601217 12.0 27
1774271611225 18.3 28
1774271621235 11.7 29
1774271631249 12.1 30
1774271641257 18.5 31
1774271651269 11.5 32
1774271661277 12.0 33
1774271671286 19.0 34
1774271681320 15.1 35
1774271691339 17.7 36
1774271701347 14.1 37
1774271711363 16.4 38
1774271721376 12.3 39
1774271731386 14.2 40
1774271741394 16.0 41
1774271751404 11.7 42
1774271761418 13.0 43
1774271771427 16.7 44
1774271781443 11.6 45
1774271791458 13.0 46
1774271801468 14.3 47
1774271811481 13.7 48
1774271821490 12.9 49
1774271831500 11.9 50
1774271841516 16.6 51
1774271851528 13.6 52
1774271861542 12.0 53
1774271871550 16.2 54
1774271881564 12.9 55
1774271891576 11.9 56
1774271901587 16.5 57
1774271911598 12.4 58
1774271921609 13.3 59
1774271931627 12.9 60
1774271941649 15.7 61
1774271951658 12.9 62
1774271961667 11.7 63
1774271971676 17.2 64
1774271981685 13.4 65
1774271991694 11.7 66
1774272001703 15.9 67
1774272011714 13.2 68
