1774271330956 34.3 0
1774271340974 37.4 1
1774271350985 38.0 2
1774271360993 38.1 3
1774271371001 38.1 4
1774271381010 38.1 5
1774271391021 38.2 6
1774271401030 38.2 7
1774271411041 38.2 8
1774271421051 38.2 9
1774271431059 38.2 10
1774271441069 39.5 11
1774271451081 38.3 12
1774271461089 38.3 13
1774271471098 38.3 14
1774271481106 38.3 15
1774271491116 38.3 16
1774271501127 38.3 17
1774271511135 38.3 18
1774271521146 38.3 19
1774271531154 38.3 20
1774271541162 38.4 21
1774271551170 38.4 22
1774271561178 38.4 23
1774271571186 39.1 24
1774271581194 38.4 25
1774271591203 38.3 26
1774271601217 38.3 27
1774271611225 38.3 28
1774271621235 38.8 29
1774271631249 38.5 30
1774271641257 38.4 31
1774271651269 38.4 32
1774271661277 38.5 33
1774271671286 40.0 34
1774271681320 41.4 35
1774271691339 38.4 36
1774271701347 38.3 37
1774271711363 38.4 38
1774271721376 38.4 39
1774271731386 38.7 40
1774271741394 38.4 41
1774271751404 38.4 42
1774271761418 38.5 43
1774271771427 38.5 44
1774271781443 38.4 45
1774271791458 38.5 46
1774271801468 39.6 47
1774271811481 38.5 48
1774271821490 38.6 49
1774271831500 38.6 50
1774271841516 38.6 51
1774271851528 38.1 52
1774271861542 38.1 53
1774271871550 38.2 54
1774271881564 38.4 55
1774271891576 38.2 56
1774271901587 38.1 57
1774271911598 38.2 58
1774271921609 38.3 59
1774271931627 38.8 60
1774271941649 38.3 61
1774271951658 38.3 62
1774271961667 38.2 63
1774271971676 38.2 64
1774271981685 38.2 65
1774271991694 38.1 66
1774272001703 38.2 67
1774272011714 38.2 68
