1774271330956 5719.7 0
1774271340974 6243.8 1
1774271350985 6340.5 2
1774271360993 6348.3 3
1774271371001 6355.4 4
1774271381010 6359.2 5
1774271391021 6366.2 6
1774271401030 6368.2 7
1774271411041 6375.9 8
1774271421051 6373.5 9
1774271431059 6369.3 10
1774271441069 6593.2 11
1774271451081 6381.4 12
1774271461089 6383.1 13
1774271471098 6384.9 14
1774271481106 6385.9 15
1774271491116 6389.5 16
1774271501127 6385.9 17
1774271511135 6387.3 18
1774271521146 6393.7 19
1774271531154 6394.5 20
1774271541162 6399.7 21
1774271551170 6402.7 22
1774271561178 6403.1 23
1774271571186 6514.9 24
1774271581194 6405.5 25
1774271591203 6387.5 26
1774271601217 6392.4 27
1774271611225 6395.7 28
1774271621235 6470.7 29
1774271631249 6415.1 30
1774271641257 6407.3 31
1774271651269 6412.3 32
1774271661277 6416.2 33
1774271671286 6667.4 34
1774271681320 6912.7 35
1774271691339 6402.0 36
1774271701347 6394.0 37
1774271711363 6406.1 38
1774271721376 6408.5 39
1774271731386 6458.1 40
1774271741394 6408.6 41
1774271751404 6408.8 42
1774271761418 6421.1 43
1774271771427 6422.0 44
1774271781443 6411.8 45
1774271791458 6420.2 46
1774271801468 6610.1 47
1774271811481 6422.3 48
1774271821490 6431.0 49
1774271831500 6445.9 50
1774271841516 6434.0 51
1774271851528 6349.8 52
1774271861542 6362.7 53
1774271871550 6373.5 54
1774271881564 6412.3 55
1774271891576 6365.9 56
1774271901587 6362.5 57
1774271911598 6377.2 58
1774271921609 6382.6 59
1774271931627 6463.9 60
1774271941649 6382.7 61
1774271951658 6385.9 62
1774271961667 6373.6 63
1774271971676 6376.0 64
1774271981685 6374.0 65
1774271991694 6359.8 66
1774272001703 6373.2 67
1774272011714 6375.9 68
