1774212405713 44.79173302650452 0
1774212407202 41.78300166130066 1
1774212408700 36.53780269622803 2
1774212410199 32.25214147567749 3
1774212411666 28.003382563591003 4
1774212413166 25.197620630264282 5
1774212414660 23.735244870185852 6
1774212416182 22.24764120578766 7
1774212417703 20.18572473526001 8
1774212419212 18.63041889667511 9
1774212420731 16.891954600811005 10
1774212422241 15.714535295963287 11
1774212423722 14.771284520626068 12
1774212425167 12.984530925750732 13
1774212426640 12.874855875968933 14
1774212428111 11.741418778896332 15
1774212429602 10.710645020008087 16
1774212431131 10.83360379934311 17
1774212432629 9.760346531867981 18
1774212434111 9.184402525424957 19
1774212435572 8.881637156009674 20
1774212437029 7.844817757606506 21
1774212438515 6.949716091156006 22
1774212440025 6.360341578722 23
1774212441489 6.130674809217453 24
1774212442945 6.00025138258934 25
1774212444382 5.150220200419426 26
1774212445903 5.201983988285065 27
1774212447402 4.662864923477173 28
1774212448902 4.512553125619888 29
1774212450363 4.484168589115143 30
1774212451815 3.4949378222227097 31
1774212453321 3.272457644343376 32
1774212454835 4.011595711112022 33
1774212456341 3.154008686542511 34
1774212457882 2.645544845610857 35
1774212459392 2.5464335344731808 36
1774212460846 2.00745140761137 37
1774212462364 1.870202787220478 38
1774212463884 1.9596545919775963 39
1774212465374 1.752903088927269 40
1774212466816 2.226239562034607 41
1774212468303 2.4482836574316025 42
1774212469778 2.0247118696570396 43
1774212471286 1.8997471705079079 44
1774212472770 1.412659365683794 45
1774212474237 1.169133834540844 46
1774212475725 1.165887851268053 47
1774212477218 0.9989513289183378 48
1774212478674 0.8444918282330036 49
1774212480130 0.8089930713176727 50
1774212481602 0.8390476983040571 51
1774212483069 1.711640354245901 52
1774212484547 1.7762575522065163 53
1774212486015 1.4172663912177086 54
