1768609505472 0.30665833072835263 0
1768609511108 0.6136292591434823 1
1768609516706 0.7188183807439825 2
1768609522339 0.771803688652704 3
1768609527992 0.8160362613316662 4
1768609533592 0.8562050640825258 5
1768609539218 0.8825414191934979 6
1768609544877 0.9019224757736792 7
1768609550546 0.9173960612691466 8
1768609556171 0.9279462331978743 9
1768609561807 0.9388090028133792 10
1768609567450 0.9450609565489215 11
1768609573120 0.9519381056580182 12
1768609578761 0.9570178180681463 13
1768609584605 0.9570178180681463 14
1768609590275 0.9631916223819944 15
1768609595924 0.9656924038762114 16
1768609601522 0.9710847139731166 17
1768609607206 0.9672553923100969 18
1768609612866 0.9703813691778681 19
1768609618530 0.9695998749609253 20
1768609624156 0.9725695529853079 21
1768609629777 0.9742106908408877 22
1768609635456 0.9752266333229134 23
1768609641118 0.9758518286964677 24
1768609646779 0.978196311347296 25
1768609652463 0.9746795873710534 26
1768609658147 0.9754610815879963 27
1768609663791 0.9763207252266333 28
1768609669475 0.9763207252266333 29
1768609675135 0.9782744607689903 30
1768609680764 0.9767114723351047 31
1768609686425 0.9778055642388246 32
1768609692059 0.9775711159737418 33
