1774273971613 40.7 0
1774273981622 90.6 1
1774273991633 87.4 2
1774274001652 88.3 3
1774274011662 83.7 4
1774274021671 77.2 5
1774274031682 88.1 6
1774274041692 81.8 7
1774274051703 90.2 8
1774274061717 80.3 9
1774274071724 89.2 10
1774274081731 81.9 11
1774274091739 77.7 12
1774274101752 87.8 13
1774274111777 90.5 14
1774274121786 92.3 15
1774274131793 80.0 16
1774274141805 77.8 17
1774274151823 86.7 18
1774274161833 68.1 19
1774274171843 83.7 20
1774274181854 78.9 21
1774274191864 77.7 22
1774274201876 92.0 23
1774274211885 78.7 24
1774274221899 79.9 25
1774274231907 79.9 26
1774274241915 64.0 27
1774274251924 79.2 28
1774274261933 76.8 29
1774274271943 80.5 30
1774274281962 78.4 31
1774274291974 83.1 32
1774274301983 76.9 33
1774274312001 85.5 34
1774274322012 53.4 35
1774274332020 76.3 36
1774274342031 94.1 37
1774274352042 50.5 38
1774274362050 91.3 39
1774274372062 87.5 40
1774274382074 78.2 41
1774274392085 83.1 42
1774274402093 76.2 43
1774274412106 76.2 44
1774274422117 81.2 45
1774274432126 88.3 46
1774274442135 77.5 47
1774274452143 79.4 48
1774274462152 77.5 49
1774274472161 73.5 50
1774274482175 77.5 51
1774274492185 78.5 52
1774274502197 78.6 53
1774274512206 76.3 54
1774274522214 80.8 55
1774274532226 80.4 56
1774274542248 85.0 57
1774274552266 66.2 58
1774274562274 80.2 59
1774274572282 76.0 60
1774274582291 78.7 61
1774274592300 109.3 62
1774274602308 77.9 63
1774274612321 79.8 64
1774274622329 77.9 65
1774274632338 76.2 66
1774274642347 75.7 67
1774274652358 87.5 68
1774274662369 79.5 69
1774274672386 79.6 70
1774274682395 97.9 71
1774274692403 76.8 72
1774274702412 78.0 73
1774274712422 81.0 74
1774274722433 79.9 75
1774274732446 79.6 76
1774274742457 83.4 77
1774274752475 80.3 78
1774274762488 76.3 79
1774274772498 76.4 80
1774274782510 77.6 81
1774274792523 73.4 82
1774274802540 91.6 83
1774274812550 86.0 84
1774274822560 79.6 85
1774274832571 85.3 86
1774274842586 84.3 87
