1774273971613 0.0 0
1774273981622 94.0 1
1774273991633 89.0 2
1774274001652 93.0 3
1774274011662 94.0 4
1774274021671 94.0 5
1774274031682 94.0 6
1774274041692 92.0 7
1774274051703 94.0 8
1774274061717 91.0 9
1774274071724 90.0 10
1774274081731 90.0 11
1774274091739 94.0 12
1774274101752 94.0 13
1774274111777 92.0 14
1774274121786 92.0 15
1774274131793 89.0 16
1774274141805 94.0 17
1774274151823 94.0 18
1774274161833 94.0 19
1774274171843 94.0 20
1774274181854 94.0 21
1774274191864 94.0 22
1774274201876 94.0 23
1774274211885 94.0 24
1774274221899 93.0 25
1774274231907 94.0 26
1774274241915 93.0 27
1774274251924 93.0 28
1774274261933 94.0 29
1774274271943 90.0 30
1774274281962 91.0 31
1774274291974 95.0 32
1774274301983 94.0 33
1774274312001 93.0 34
1774274322012 80.0 35
1774274332020 92.0 36
1774274342031 94.0 37
1774274352042 92.0 38
1774274362050 94.0 39
1774274372062 94.0 40
1774274382074 93.0 41
1774274392085 91.0 42
1774274402093 91.0 43
1774274412106 94.0 44
1774274422117 94.0 45
1774274432126 94.0 46
1774274442135 94.0 47
1774274452143 94.0 48
1774274462152 94.0 49
1774274472161 91.0 50
1774274482175 94.0 51
1774274492185 94.0 52
1774274502197 94.0 53
1774274512206 91.0 54
1774274522214 92.0 55
1774274532226 94.0 56
1774274542248 94.0 57
1774274552266 95.0 58
1774274562274 92.0 59
1774274572282 94.0 60
1774274582291 93.0 61
1774274592300 94.0 62
1774274602308 93.0 63
1774274612321 93.0 64
1774274622329 93.0 65
1774274632338 90.0 66
1774274642347 93.0 67
1774274652358 92.0 68
1774274662369 91.0 69
1774274672386 90.0 70
1774274682395 94.0 71
1774274692403 94.0 72
1774274702412 94.0 73
1774274712422 91.0 74
1774274722433 92.0 75
1774274732446 94.0 76
1774274742457 92.0 77
1774274752475 90.0 78
1774274762488 83.0 79
1774274772498 94.0 80
1774274782510 94.0 81
1774274792523 94.0 82
1774274802540 94.0 83
1774274812550 93.0 84
1774274822560 92.0 85
1774274832571 94.0 86
1774274842586 94.0 87
