1774583398324 0.09084690108085922 0
1774583401829 0.09522506498837051 1
1774583405580 0.1976330551375017 2
1774583409072 0.33746066493364346 3
1774583412574 0.46695854426050076 4
1774583416313 0.5617047475714873 5
1774583420086 0.6294978793268573 6
1774583423605 0.6910658092762347 7
1774583427331 0.7419619647010535 8
1774583430877 0.7752770556847722 9
1774583434379 0.8057873854152415 10
1774583438133 0.8307566014502668 11
1774583441663 0.8513476535777809 12
1774583445375 0.8758380079354221 13
1774583448917 0.8891777260911206 14
1774583452616 0.9047065262005747 15
1774583456106 0.9148310302366944 16
1774583459647 0.9252291695170338 17
1774583463381 0.9278287043371186 18
1774583466914 0.93966342864961 19
1774583470473 0.9473252154877548 20
1774583474388 0.956286769735942 21
1774583477901 0.9594335750444657 22
1774583481424 0.9642906006293611 23
1774583485153 0.9657271856615132 24
1774583488680 0.970857846490628 25
1774583492232 0.9722260227117253 26
1774583495992 0.9755096456423588 27
1774583499659 0.976398960186072 28
1774583503184 0.9770146394855658 29
1774583506933 0.9803666712272541 30
1774583510456 0.9821453003146805 31
1774583514011 0.983923929402107 32
1774583517742 0.9841291558352716 33
1774583521290 0.9846080175126556 34
1774583524795 0.9870707347106308 35
1774583528664 0.9867286906553564 36
1774583532167 0.9872759611437953 37
1774583535691 0.9880284580653989 38
1774583539431 0.9890545902312218 39
1774583542924 0.9902859488302094 40
1774583546486 0.9896702695307156 41
1774583550313 0.9904911752633739 42
1774583553995 0.9912436721849774 43
1774583557527 0.9913804898070872 44
1774583561297 0.9906279928854836 45
1774583564844 0.9913120809960323 46
