1774181999060 41.0 0
1774182009069 102.1 1
1774182019077 105.5 2
1774182029084 103.9 3
1774182039091 178.8 4
1774182049099 85.4 5
1774182059108 95.6 6
1774182069117 86.4 7
1774182079124 98.9 8
1774182089131 88.3 9
1774182099160 162.0 10
1774182109170 77.8 11
1774182119186 93.6 12
1774182129202 171.3 13
1774182139215 87.0 14
1774182149228 103.8 15
1774182159242 126.7 16
1774182169251 88.2 17
1774182179266 107.5 18
1774182189275 99.5 19
1774182199291 87.7 20
1774182209300 100.9 21
1774182219312 118.9 22
1774182229326 81.9 23
1774182239334 133.8 24
1774182249355 95.2 25
1774182259379 125.1 26
1774182269387 98.5 27
1774182279395 105.5 28
1774182289404 89.6 29
1774182299414 102.5 30
1774182309435 120.3 31
1774182319443 93.6 32
1774182329451 119.4 33
1774182339459 75.7 34
1774182349472 102.5 35
1774182359481 104.6 36
1774182369489 85.1 37
1774182379497 83.6 38
1774182389509 92.0 39
1774182399520 117.6 40
1774182409540 170.3 41
1774182419548 114.1 42
1774182429557 108.4 43
1774182439565 99.1 44
1774182449573 82.1 45
1774182459586 88.5 46
1774182469596 107.3 47
1774182479615 183.5 48
1774182489626 119.1 49
1774182499635 73.2 50
1774182509643 106.6 51
1774182519654 110.3 52
1774182529669 106.5 53
1774182539682 85.6 54
1774182549692 181.1 55
1774182559718 141.1 56
1774182569744 114.4 57
1774182579757 87.8 58
1774182589766 109.4 59
1774182599777 83.4 60
1774182609786 96.9 61
1774182619795 91.2 62
1774182629813 102.6 63
