1774181999060 27.1 0
1774182009069 67.6 1
1774182019077 69.9 2
1774182029084 68.8 3
1774182039091 118.4 4
1774182049099 56.6 5
1774182059108 63.3 6
1774182069117 57.2 7
1774182079124 65.5 8
1774182089131 58.5 9
1774182099160 107.3 10
1774182109170 51.5 11
1774182119186 62.0 12
1774182129202 113.5 13
1774182139215 57.6 14
1774182149228 68.7 15
1774182159242 83.9 16
1774182169251 58.4 17
1774182179266 71.2 18
1774182189275 65.9 19
1774182199291 58.1 20
1774182209300 66.8 21
1774182219312 78.7 22
1774182229326 54.2 23
1774182239334 88.6 24
1774182249355 63.0 25
1774182259379 82.9 26
1774182269387 65.2 27
1774182279395 69.9 28
1774182289404 59.3 29
1774182299414 67.9 30
1774182309435 79.6 31
1774182319443 62.0 32
1774182329451 79.1 33
1774182339459 50.1 34
1774182349472 67.9 35
1774182359481 69.3 36
1774182369489 56.3 37
1774182379497 55.4 38
1774182389509 61.0 39
1774182399520 77.9 40
1774182409540 112.8 41
1774182419548 75.6 42
1774182429557 71.8 43
1774182439565 65.6 44
1774182449573 54.4 45
1774182459586 58.6 46
1774182469596 71.1 47
1774182479615 121.5 48
1774182489626 78.9 49
1774182499635 48.5 50
1774182509643 70.6 51
1774182519654 73.1 52
1774182529669 70.5 53
1774182539682 56.7 54
1774182549692 119.9 55
1774182559718 93.5 56
1774182569744 75.8 57
1774182579757 58.2 58
1774182589766 72.5 59
1774182599777 55.2 60
1774182609786 64.2 61
1774182619795 60.4 62
1774182629813 68.0 63
