1774181999060 239.7 0
1774182009069 3855.2 1
1774182019077 3855.2 2
1774182029084 3855.2 3
1774182039091 3855.2 4
1774182049099 3855.2 5
1774182059108 3855.2 6
1774182069117 3855.2 7
1774182079124 3855.2 8
1774182089131 3855.2 9
1774182099160 3855.2 10
1774182109170 3855.2 11
1774182119186 3855.2 12
1774182129202 3855.2 13
1774182139215 3855.2 14
1774182149228 3855.2 15
1774182159242 3855.2 16
1774182169251 3855.2 17
1774182179266 3855.2 18
1774182189275 3855.2 19
1774182199291 3855.2 20
1774182209300 3855.2 21
1774182219312 3855.2 22
1774182229326 3855.2 23
1774182239334 3855.2 24
1774182249355 3855.2 25
1774182259379 3855.2 26
1774182269387 3855.2 27
1774182279395 3855.2 28
1774182289404 3855.2 29
1774182299414 3855.2 30
1774182309435 3855.2 31
1774182319443 3855.2 32
1774182329451 3855.2 33
1774182339459 3855.2 34
1774182349472 3874.6 35
1774182359481 3874.6 36
1774182369489 3874.6 37
1774182379497 3874.6 38
1774182389509 3874.6 39
1774182399520 3874.6 40
1774182409540 3874.6 41
1774182419548 3874.6 42
1774182429557 3874.6 43
1774182439565 3874.6 44
1774182449573 3874.6 45
1774182459586 3874.6 46
1774182469596 3874.6 47
1774182479615 3874.6 48
1774182489626 3874.6 49
1774182499635 3874.6 50
1774182509643 3874.6 51
1774182519654 3874.6 52
1774182529669 3874.6 53
1774182539682 3874.6 54
1774182549692 3874.6 55
1774182559718 3874.6 56
1774182569744 3874.6 57
1774182579757 3874.6 58
1774182589766 3874.6 59
1774182599777 3874.6 60
1774182609786 3874.6 61
1774182619795 3874.6 62
1774182629813 3874.6 63
