1774181999060 32.7 0
1774182009069 36.1 1
1774182019077 36.2 2
1774182029084 36.6 3
1774182039091 36.7 4
1774182049099 36.6 5
1774182059108 37.0 6
1774182069117 36.7 7
1774182079124 36.7 8
1774182089131 36.8 9
1774182099160 36.9 10
1774182109170 37.1 11
1774182119186 36.8 12
1774182129202 36.7 13
1774182139215 36.8 14
1774182149228 36.8 15
1774182159242 36.8 16
1774182169251 36.6 17
1774182179266 36.7 18
1774182189275 37.2 19
1774182199291 36.9 20
1774182209300 38.6 21
1774182219312 36.8 22
1774182229326 36.8 23
1774182239334 36.9 24
1774182249355 36.8 25
1774182259379 37.0 26
1774182269387 37.0 27
1774182279395 37.0 28
1774182289404 36.9 29
1774182299414 37.1 30
1774182309435 37.1 31
1774182319443 37.0 32
1774182329451 37.0 33
1774182339459 38.2 34
1774182349472 37.2 35
1774182359481 37.0 36
1774182369489 37.0 37
1774182379497 37.1 38
1774182389509 37.1 39
1774182399520 37.1 40
1774182409540 37.5 41
1774182419548 37.1 42
1774182429557 37.1 43
1774182439565 37.2 44
1774182449573 37.2 45
1774182459586 37.2 46
1774182469596 37.3 47
1774182479615 37.2 48
1774182489626 37.2 49
1774182499635 37.3 50
1774182509643 37.3 51
1774182519654 37.3 52
1774182529669 37.2 53
1774182539682 36.6 54
1774182549692 36.5 55
1774182559718 36.3 56
1774182569744 37.7 57
1774182579757 36.3 58
1774182589766 36.3 59
1774182599777 36.2 60
1774182609786 36.2 61
1774182619795 36.4 62
1774182629813 36.4 63
