1773973769107 0.5213414634146342 0
1773973769831 0.5295497185741088 1
1773973770535 0.5032833020637899 2
1773973771255 0.5049249530956847 3
1773973771959 0.6714352720450282 4
1773973772671 0.7786116322701688 5
1773973773372 0.8550656660412758 6
1773973774084 0.9178001876172608 7
1773973774784 0.948874296435272 8
1773973775486 0.9643527204502814 9
1773973776204 0.9731472795497186 10
1773973776917 0.9780722326454033 11
1773973777637 0.9821763602251408 12
1773973778354 0.987453095684803 13
1773973779197 0.989094746716698 14
1773973779910 0.9894465290806754 15
1773973780809 0.9910881801125704 16
1773973781639 0.9936679174484052 17
1773973782359 0.9929643527204502 18
1773973783081 0.9940196998123827 19
1773973783930 0.9951923076923077 20
1773973784653 0.9955440900562852 21
