1774357203504 0.0 0
1774357213514 13.5 1
1774357223521 17.0 2
1774357233528 11.8 3
1774357243534 13.1 4
1774357253541 13.6 5
1774357263550 15.8 6
1774357273557 13.4 7
1774357283564 12.4 8
1774357293576 16.4 9
1774357303588 13.3 10
1774357313595 12.3 11
1774357323602 14.7 12
1774357333617 14.4 13
1774357343627 12.3 14
1774357353634 14.7 15
1774357363641 14.7 16
1774357373647 12.2 17
1774357383656 11.1 18
1774357393663 17.6 19
1774357403672 13.4 20
1774357413693 11.4 21
1774357423704 17.3 22
1774357433712 12.9 23
1774357443719 12.3 24
1774357453727 17.0 25
1774357463735 13.1 26
1774357473742 12.3 27
1774357483759 15.0 28
1774357493769 14.7 29
1774357503777 12.6 30
1774357513783 12.0 31
1774357523790 17.8 32
1774357533798 12.0 33
1774357543805 12.5 34
1774357553813 18.1 35
1774357563820 12.2 36
1774357573828 11.9 37
1774357583838 17.8 38
1774357593845 12.1 39
1774357603859 11.6 40
1774357613868 14.5 41
1774357623883 15.7 42
1774357633890 11.9 43
1774357643900 13.2 44
1774357653908 16.6 45
1774357663918 12.0 46
1774357673940 15.4 47
1774357683954 23.7 48
1774357693967 15.7 49
1774357703977 13.6 50
1774357713985 16.2 51
1774357723996 12.2 52
1774357734006 14.0 53
1774357744023 11.9 54
1774357754034 16.4 55
1774357764045 14.0 56
1774357774052 12.1 57
1774357784062 16.7 58
1774357794070 13.7 59
1774357804084 12.0 60
1774357814092 15.9 61
1774357824100 13.9 62
1774357834114 12.1 63
1774357844122 14.4 64
1774357854131 15.6 65
1774357864140 12.9 66
1774357874148 12.4 67
1774357884161 17.2 68
1774357894173 12.9 69
1774357904191 12.4 70
1774357914200 17.2 71
1774357924208 12.8 72
1774357934220 12.5 73
1774357944228 17.0 74
1774357954237 13.2 75
1774357964245 12.1 76
1774357974255 14.5 77
1774357984263 16.4 78
1774357994275 12.0 79
1774358004284 12.8 80
1774358014292 17.3 81
1774358024304 11.7 82
1774358034312 13.2 83
1774358044320 17.7 84
1774358054333 11.6 85
1774358064343 12.9 86
1774358074352 17.7 87
1774358084361 12.0 88
1774358094375 12.3 89
1774358104386 13.9 90
1774358114396 17.0 91
1774358124410 11.7 92
1774358134418 13.3 93
1774358144436 16.7 94
1774358154446 11.8 95
1774358164455 13.8 96
1774358174463 17.0 97
1774358184472 11.4 98
1774358194486 13.0 99
1774358204495 15.2 100
1774358214506 14.4 101
1774358224517 13.0 102
1774358234533 12.9 103
1774358244542 17.2 104
1774358254559 12.8 105
1774358264570 12.7 106
1774358274587 17.2 107
1774358284597 12.2 108
1774358294613 13.3 109
1774358304628 17.5 110
1774358314638 12.6 111
1774358324655 13.2 112
1774358334665 13.9 113
1774358344674 16.1 114
1774358354686 13.2 115
1774358364702 11.9 116
1774358374747 17.7 117
