1774357203504 22.0 0
1774357213514 61.4 1
1774357223521 51.9 2
1774357233528 56.7 3
1774357243534 52.7 4
1774357253541 50.4 5
1774357263550 52.8 6
1774357273557 52.9 7
1774357283564 52.3 8
1774357293576 55.4 9
1774357303588 52.7 10
1774357313595 58.9 11
1774357323602 50.8 12
1774357333617 53.0 13
1774357343627 60.3 14
1774357353634 45.2 15
1774357363641 60.2 16
1774357373647 51.5 17
1774357383656 57.6 18
1774357393663 48.5 19
1774357403672 57.0 20
1774357413693 61.7 21
1774357423704 51.2 22
1774357433712 38.8 23
1774357443719 49.3 24
1774357453727 53.5 25
1774357463735 48.6 26
1774357473742 50.3 27
1774357483759 65.7 28
1774357493769 51.9 29
1774357503777 51.5 30
1774357513783 52.7 31
1774357523790 51.3 32
1774357533798 48.9 33
1774357543805 70.9 34
1774357553813 48.2 35
1774357563820 53.9 36
1774357573828 43.2 37
1774357583838 48.6 38
1774357593845 50.6 39
1774357603859 48.1 40
1774357613868 51.7 41
1774357623883 52.1 42
1774357633890 53.2 43
1774357643900 50.5 44
1774357653908 52.9 45
1774357663918 53.0 46
1774357673940 67.3 47
1774357683954 53.5 48
1774357693967 49.9 49
1774357703977 53.5 50
1774357713985 50.0 51
1774357723996 50.7 52
1774357734006 53.2 53
1774357744023 53.5 54
1774357754034 55.3 55
1774357764045 57.7 56
1774357774052 52.7 57
1774357784062 50.7 58
1774357794070 55.7 59
1774357804084 48.9 60
1774357814092 54.9 61
1774357824100 55.3 62
1774357834114 45.0 63
1774357844122 51.2 64
1774357854131 54.0 65
1774357864140 55.4 66
1774357874148 50.3 67
1774357884161 50.5 68
1774357894173 52.2 69
1774357904191 54.7 70
1774357914200 63.7 71
1774357924208 54.8 72
1774357934220 50.0 73
1774357944228 52.9 74
1774357954237 51.6 75
1774357964245 45.7 76
1774357974255 52.9 77
1774357984263 41.3 78
1774357994275 55.8 79
1774358004284 57.7 80
1774358014292 52.9 81
1774358024304 51.4 82
1774358034312 69.1 83
1774358044320 57.7 84
1774358054333 41.8 85
1774358064343 48.7 86
1774358074352 48.8 87
1774358084361 50.7 88
1774358094375 52.4 89
1774358104386 58.9 90
1774358114396 43.5 91
1774358124410 50.7 92
1774358134418 55.5 93
1774358144436 56.5 94
1774358154446 55.4 95
1774358164455 50.1 96
1774358174463 52.3 97
1774358184472 66.3 98
1774358194486 51.4 99
1774358204495 54.3 100
1774358214506 51.9 101
1774358224517 40.5 102
1774358234533 50.4 103
1774358244542 44.3 104
1774358254559 51.5 105
1774358264570 52.9 106
1774358274587 50.5 107
1774358284597 52.7 108
1774358294613 50.3 109
1774358304628 53.0 110
1774358314638 52.4 111
1774358324655 52.1 112
1774358334665 52.2 113
1774358344674 47.3 114
1774358354686 51.2 115
1774358364702 64.7 116
1774358374747 63.1 117
