1774207256554 40.917816042900085 0
1774207256942 34.05948123335838 1
1774207257330 31.94298082590103 2
1774207257728 30.27050694823265 3
1774207258211 28.668598234653473 4
1774207258587 26.904474824666977 5
1774207258974 24.072569847106934 6
1774207259425 22.365241676568985 7
1774207259821 19.204073905944824 8
1774207260213 16.913268074393272 9
1774207260593 14.24519070982933 10
1774207260971 12.104428321123123 11
1774207261359 10.30154787749052 12
1774207261739 8.621736001223326 13
1774207262238 9.046539083123207 14
1774207262643 6.245872482657433 15
1774207263038 5.731110658496618 16
1774207263427 6.639519739896059 17
1774207263816 5.272538412362337 18
