1774193079975 256.1489403247833 0
1774193088630 171.12346243858337 1
1774193097235 156.50414669513702 2
1774193105948 137.26011484861374 3
1774193114569 126.18531060218811 4
1774193123122 116.6321205496788 5
1774193131727 107.71103298664093 6
1774193140266 98.15764254331589 7
1774193148635 95.76581209897995 8
1774193157172 86.1238027215004 9
1774193165667 81.76372879743576 10
1774193174138 74.36796361207962 11
1774193182678 70.72733983397484 12
1774193190977 63.463095396757126 13
1774193199414 60.619370460510254 14
1774193207863 52.8709659576416 15
1774193216266 50.293801575899124 16
1774193224880 46.016887843608856 17
1774193233391 41.08025047183037 18
1774193242134 35.64289304614067 19
1774193250410 35.80808950960636 20
1774193258891 33.33407585322857 21
1774193267268 37.42871706187725 22
1774193275760 31.49988279491663 23
1774193284219 30.71138932555914 24
1774193292921 24.420192949473858 25
1774193301475 19.18955058604479 26
1774193310105 22.351553298532963 27
1774193318524 30.815688516944647 28
1774193326977 19.86375755816698 29
1774193335572 15.575417559593916 30
1774193344115 15.479000132530928 31
1774193352573 18.813207417726517 32
1774193361103 19.5325064137578 33
1774193369539 12.061260376125574 34
1774193377987 9.518689423799515 35
1774193386413 9.96827537752688 36
1774193394939 9.867482664063573 37
1774193403546 16.22086599096656 38
1774193412136 16.011243656277657 39
1774193420585 10.666048757731915 40
1774193429141 8.321702539920807 41
1774193437542 11.731695633381605 42
1774193446087 10.495112115517259 43
