1774200719847 2.8 0
1774200729860 17.0 1
1774200739867 17.0 2
1774200749874 19.0 3
1774200759881 19.0 4
1774200769887 21.1 5
1774200779894 21.1 6
1774200789900 21.1 7
1774200799907 21.1 8
1774200809914 21.1 9
1774200819921 21.1 10
1774200829935 21.1 11
1774200839943 21.1 12
1774200849952 21.1 13
1774200859962 21.1 14
1774200869973 21.1 15
1774200879980 21.1 16
1774200889989 21.1 17
1774200899997 21.1 18
1774200910006 21.1 19
1774200920015 21.1 20
1774200930023 21.1 21
1774200940030 21.1 22
1774200950043 21.1 23
1774200960050 23.3 24
1774200970063 23.3 25
1774200980074 23.3 26
1774200990084 23.3 27
1774201000099 23.3 28
1774201010114 23.3 29
1774201020126 23.3 30
1774201030134 23.3 31
1774201040143 23.3 32
1774201050161 23.3 33
