1774200719847 33.0 0
1774200729860 36.5 1
1774200739867 37.7 2
1774200749874 36.6 3
1774200759881 36.6 4
1774200769887 36.8 5
1774200779894 36.8 6
1774200789900 36.8 7
1774200799907 36.7 8
1774200809914 36.8 9
1774200819921 36.7 10
1774200829935 36.9 11
1774200839943 36.9 12
1774200849952 36.9 13
1774200859962 36.8 14
1774200869973 37.3 15
1774200879980 36.8 16
1774200889989 36.9 17
1774200899997 36.9 18
1774200910006 37.2 19
1774200920015 36.8 20
1774200930023 36.8 21
1774200940030 36.9 22
1774200950043 37.0 23
1774200960050 37.1 24
1774200970063 38.6 25
1774200980074 37.0 26
1774200990084 37.0 27
1774201000099 37.0 28
1774201010114 37.1 29
1774201020126 37.1 30
1774201030134 37.3 31
1774201040143 37.0 32
1774201050161 37.1 33
