1774200719847 5509.4 0
1774200729860 6090.1 1
1774200739867 6282.6 2
1774200749874 6111.2 3
1774200759881 6112.5 4
1774200769887 6134.7 5
1774200779894 6133.8 6
1774200789900 6132.5 7
1774200799907 6126.0 8
1774200809914 6134.8 9
1774200819921 6129.5 10
1774200829935 6151.4 11
1774200839943 6150.5 12
1774200849952 6150.3 13
1774200859962 6140.8 14
1774200869973 6215.8 15
1774200879980 6144.2 16
1774200889989 6155.0 17
1774200899997 6161.8 18
1774200910006 6200.7 19
1774200920015 6146.6 20
1774200930023 6143.1 21
1774200940030 6154.4 22
1774200950043 6177.9 23
1774200960050 6181.0 24
1774200970063 6437.8 25
1774200980074 6169.7 26
1774200990084 6171.9 27
1774201000099 6169.7 28
1774201010114 6193.5 29
1774201020126 6189.7 30
1774201030134 6217.4 31
1774201040143 6177.2 32
1774201050161 6185.3 33
