1768650852568 0.852100670337677 0
1768650852700 0.4633922576904297 1
1768650852826 0.43507081270217896 2
1768650852955 0.4147290885448456 3
1768650853082 0.402810662984848 4
1768650853209 0.3922445476055145 5
1768650853337 0.3840678930282593 6
1768650853465 0.3767160177230835 7
1768650853593 0.36979901790618896 8
1768650853719 0.363925039768219 9
1768650853843 0.35891324281692505 10
1768650853967 0.3533759117126465 11
1768650854092 0.34743717312812805 12
1768650854216 0.3439826965332031 13
1768650854341 0.33963191509246826 14
1768650854467 0.33614253997802734 15
