1774365983995 18.1 0
1774365994004 81.0 1
1774366004013 27.1 2
1774366014036 84.6 3
1774366024082 27.5 4
1774366034094 31.8 5
1774366044106 68.4 6
1774366054114 78.3 7
1774366064153 81.1 8
1774366074198 29.1 9
1774366084210 31.3 10
1774366094227 88.2 11
1774366104237 27.3 12
1774366114249 88.2 13
1774366124261 79.4 14
1774366134279 61.7 15
1774366144290 72.0 16
1774366154303 27.8 17
1774366164315 56.4 18
1774366174325 75.1 19
1774366184359 74.7 20
1774366194375 33.6 21
1774366204388 31.0 22
1774366214398 64.2 23
1774366224429 85.9 24
1774366234439 31.1 25
1774366244450 69.7 26
1774366254461 69.3 27
1774366264479 70.6 28
1774366274492 27.4 29
1774366284503 72.0 30
1774366294524 86.0 31
1774366304565 27.4 32
1774366314577 33.6 33
1774366324588 60.2 34
1774366334604 27.7 35
