1774213562799 0.5241312741312741 0
1774213562886 0.61003861003861 1
1774213562972 0.637065637065637 2
1774213563063 0.6611969111969112 3
1774213563149 0.6833976833976834 4
1774213563241 0.7046332046332047 5
1774213563327 0.7258687258687259 6
1774213563412 0.7548262548262549 7
1774213563499 0.7673745173745173 8
1774213563583 0.7664092664092664 9
1774213563668 0.7944015444015444 10
1774213563753 0.7972972972972973 11
1774213563838 0.8088803088803089 12
1774213563922 0.833011583011583 13
1774213564006 0.8542471042471043 14
1774213564091 0.8667953667953668 15
1774213564175 0.8667953667953668 16
1774213564260 0.8542471042471043 17
1774213564344 0.8938223938223938 18
1774213564427 0.8841698841698842 19
