1774350636199 33.5 0
1774350646208 79.9 1
1774350656215 76.0 2
1774350666222 79.9 3
1774350676231 76.3 4
1774350686244 77.8 5
1774350696252 71.1 6
1774350706258 77.3 7
1774350716265 79.7 8
1774350726273 78.3 9
1774350736284 69.1 10
1774350746292 79.8 11
1774350756305 81.3 12
1774350766312 99.5 13
1774350776319 77.7 14
1774350786326 80.0 15
1774350796334 74.3 16
1774350806345 83.9 17
1774350816352 75.7 18
1774350826362 77.9 19
1774350836377 94.1 20
1774350846389 79.9 21
1774350856401 81.0 22
1774350866409 78.0 23
1774350876428 86.7 24
1774350886436 90.3 25
1774350896444 93.8 26
1774350906452 85.4 27
1774350916462 78.1 28
1774350926471 81.1 29
1774350936478 102.0 30
1774350946486 80.0 31
1774350956493 76.4 32
1774350966500 65.1 33
1774350976508 78.9 34
1774350986515 87.3 35
1774350996523 79.6 36
1774351006538 77.5 37
1774351016548 86.1 38
1774351026557 106.2 39
1774351036574 96.6 40
1774351046582 76.4 41
1774351056595 85.6 42
1774351066603 79.1 43
1774351076613 78.2 44
1774351086621 86.5 45
1774351096629 77.6 46
1774351106636 84.4 47
1774351116644 77.4 48
1774351126658 68.9 49
1774351136671 73.6 50
1774351146679 77.4 51
1774351156687 69.9 52
1774351166701 86.1 53
1774351176709 80.3 54
1774351186719 76.1 55
1774351196729 77.6 56
1774351206737 102.5 57
1774351216751 76.5 58
1774351226760 94.1 59
1774351236769 93.7 60
1774351246776 81.3 61
1774351256785 84.9 62
1774351266797 77.9 63
1774351276808 85.6 64
1774351286817 76.4 65
1774351296826 84.3 66
1774351306838 98.6 67
1774351316849 77.3 68
1774351326859 75.8 69
1774351336869 75.1 70
1774351346884 93.4 71
1774351356895 91.8 72
1774351366910 83.9 73
1774351376921 88.3 74
1774351386930 67.6 75
1774351396947 78.4 76
1774351406959 103.2 77
1774351416970 79.2 78
1774351426985 105.4 79
1774351437002 88.7 80
1774351447011 88.4 81
1774351457021 79.0 82
1774351467038 80.9 83
1774351477052 74.6 84
1774351487062 81.3 85
1774351497089 77.0 86
1774351507100 82.0 87
1774351517119 79.9 88
1774351527128 88.0 89
