1774350636199 216.2 0
1774350646208 855.8 1
1774350656215 855.8 2
1774350666222 960.7 3
1774350676231 960.7 4
1774350686244 960.7 5
1774350696252 960.7 6
1774350706258 1076.0 7
1774350716265 1076.0 8
1774350726273 1076.0 9
1774350736284 1076.0 10
1774350746292 1076.0 11
1774350756305 1076.0 12
1774350766312 1076.0 13
1774350776319 1076.0 14
1774350786326 1076.0 15
1774350796334 1076.0 16
1774350806345 1185.9 17
1774350816352 1185.9 18
1774350826362 1185.9 19
1774350836377 1185.9 20
1774350846389 1185.9 21
1774350856401 1185.9 22
1774350866409 1185.9 23
1774350876428 1185.9 24
1774350886436 1185.9 25
1774350896444 1185.9 26
1774350906452 1185.9 27
1774350916462 1185.9 28
1774350926471 1185.9 29
1774350936478 1185.9 30
1774350946486 1185.9 31
1774350956493 1185.9 32
1774350966500 1185.9 33
1774350976508 1185.9 34
1774350986515 1185.9 35
1774350996523 1185.9 36
1774351006538 1185.9 37
1774351016548 1185.9 38
1774351026557 1185.9 39
1774351036574 1185.9 40
1774351046582 1185.9 41
1774351056595 1185.9 42
1774351066603 1185.9 43
1774351076613 1185.9 44
1774351086621 1185.9 45
1774351096629 1185.9 46
1774351106636 1185.9 47
1774351116644 1185.9 48
1774351126658 1185.9 49
1774351136671 1185.9 50
1774351146679 1185.9 51
1774351156687 1076.0 52
1774351166701 1076.0 53
1774351176709 1076.0 54
1774351186719 1076.0 55
1774351196729 1076.0 56
1774351206737 1076.0 57
1774351216751 1076.0 58
1774351226760 1076.0 59
1774351236769 1076.0 60
1774351246776 1076.0 61
1774351256785 1076.0 62
1774351266797 1076.0 63
1774351276808 1076.0 64
1774351286817 1076.0 65
1774351296826 1193.4 66
1774351306838 1193.4 67
1774351316849 1193.4 68
1774351326859 1193.4 69
1774351336869 1195.5 70
1774351346884 1195.5 71
1774351356895 1195.5 72
1774351366910 1195.5 73
1774351376921 1195.5 74
1774351386930 1195.5 75
1774351396947 1195.5 76
1774351406959 1195.5 77
1774351416970 1195.5 78
1774351426985 1195.5 79
1774351437002 1195.5 80
1774351447011 1195.5 81
1774351457021 1195.5 82
1774351467038 1195.5 83
1774351477052 1195.5 84
1774351487062 1195.5 85
1774351497089 1195.5 86
1774351507100 1195.5 87
1774351517119 1195.5 88
1774351527128 1195.5 89
