1774350636199 5830.6 0
1774350646208 6363.1 1
1774350656215 6441.9 2
1774350666222 6451.6 3
1774350676231 6441.2 4
1774350686244 6464.4 5
1774350696252 6457.8 6
1774350706258 6769.7 7
1774350716265 6459.9 8
1774350726273 6526.6 9
1774350736284 6531.5 10
1774350746292 6526.1 11
1774350756305 6431.3 12
1774350766312 6439.0 13
1774350776319 6435.1 14
1774350786326 6437.6 15
1774350796334 6450.2 16
1774350806345 6440.5 17
1774350816352 6440.4 18
1774350826362 6433.5 19
1774350836377 6644.0 20
1774350846389 6441.1 21
1774350856401 6452.3 22
1774350866409 6446.9 23
1774350876428 6442.4 24
1774350886436 6450.3 25
1774350896444 6454.6 26
1774350906452 6458.3 27
1774350916462 6464.9 28
1774350926471 6447.1 29
1774350936478 6451.2 30
1774350946486 6457.5 31
1774350956493 6461.4 32
1774350966500 6496.7 33
1774350976508 6458.6 34
1774350986515 6470.5 35
1774350996523 6470.4 36
1774351006538 6473.9 37
1774351016548 6464.9 38
1774351026557 6479.8 39
1774351036574 6482.0 40
1774351046582 6483.8 41
1774351056595 6469.0 42
1774351066603 6739.1 43
1774351076613 6482.9 44
1774351086621 6494.2 45
1774351096629 6495.0 46
1774351106636 6543.7 47
1774351116644 6511.5 48
1774351126658 6530.9 49
1774351136671 6520.1 50
1774351146679 6537.4 51
1774351156687 6522.9 52
1774351166701 6513.6 53
1774351176709 6508.0 54
1774351186719 6530.0 55
1774351196729 6677.8 56
1774351206737 6530.8 57
1774351216751 6527.4 58
1774351226760 6528.5 59
1774351236769 6549.7 60
1774351246776 6530.2 61
1774351256785 6533.4 62
1774351266797 6527.4 63
1774351276808 6530.9 64
1774351286817 6531.2 65
1774351296826 6524.0 66
1774351306838 6531.9 67
1774351316849 6455.6 68
1774351326859 6502.9 69
1774351336869 6464.3 70
1774351346884 6462.9 71
1774351356895 6465.6 72
1774351366910 6473.4 73
1774351376921 7601.4 74
1774351386930 6471.2 75
1774351396947 6477.8 76
1774351406959 6469.0 77
1774351416970 6462.1 78
1774351426985 6753.3 79
1774351437002 6482.6 80
1774351447011 6482.0 81
1774351457021 6485.9 82
1774351467038 6485.2 83
1774351477052 6523.3 84
1774351487062 6496.4 85
1774351497089 6549.3 86
1774351507100 6539.3 87
1774351517119 6527.7 88
1774351527128 6495.9 89
