1774809098677 0.6319183864915572 0
1774809099544 0.7363977485928705 1
1774809100419 0.7489446529080676 2
1774809101296 0.7619606003752345 3
1774809102175 0.7687617260787992 4
1774809103048 0.7763836772983115 5
1774809103981 0.7731003752345216 6
1774809104951 0.7858818011257036 7
1774809105828 0.7854127579737336 8
1774809106717 0.7949108818011257 9
1774809107651 0.7978424015009381 10
1774809108530 0.8121482176360225 11
1774809109407 0.8092166979362101 12
1774809110282 0.81062382739212 13
1774809111220 0.8210600375234521 14
1774809112133 0.823405253283302 15
1774809113047 0.8282129455909943 16
1774809113966 0.823405253283302 17
1774809114904 0.8419324577861164 18
1774809115771 0.8398217636022514 19
1774809116773 0.8480300187617261 20
1774809117773 0.859873358348968 21
1774809118648 0.849906191369606 22
1774809119528 0.8567073170731707 23
1774809120409 0.8638602251407129 24
1774809121284 0.8663227016885553 25
1774809122155 0.8799249530956847 26
1774809123025 0.875 27
1774809123899 0.8864915572232646 28
1774809124853 0.8803939962476548 29
1774809125725 0.8903611632270169 30
1774809126605 0.8973968105065666 31
1774809127573 0.8968105065666041 32
1774809128444 0.9006801125703565 33
1774809129446 0.8988039399624765 34
1774809130333 0.8971622889305816 35
