1774568661999 0.05240114926802572 0
1774568664175 0.05985770967300588 1
1774568666292 0.0628676973594199 2
1774568668649 0.06252565330414557 3
1774568670796 0.06792994937747981 4
1774568672955 0.07661786838144753 5
1774568675302 0.09009440415925571 6
1774568677598 0.12210972773293201 7
1774568679702 0.14413736489259818 8
1774568682074 0.17697359419893283 9
1774568684211 0.22383362977151458 10
1774568686382 0.26775208646873716 11
1774568688744 0.3103023669448625 12
1774568690922 0.3527158297988781 13
1774568693264 0.38883568203584623 14
1774568695614 0.42139827609796143 15
1774568697790 0.4565604049801614 16
1774568699958 0.47721986591873033 17
1774568702326 0.5014365850321522 18
1774568704487 0.5295526063757012 19
1774568706628 0.5501436585032152 20
1774568709006 0.5692297167875222 21
1774568711317 0.5879053222055001 22
1774568713460 0.6005609522506499 23
1774568715891 0.6227938158434806 24
1774568718100 0.6328499110685456 25
1774568720278 0.6554248187166507 26
1774568722646 0.6624709262553017 27
1774568724810 0.6760842796552196 28
1774568727133 0.6883294568340402 29
1774568729487 0.6985907784922698 30
1774568731657 0.7113832261595293 31
1774568733829 0.7178136543986865 32
1774568736196 0.7261595293473799 33
1774568738376 0.7369681214940484 34
1774568740553 0.7451087700095772 35
1774568742713 0.7531810097140512 36
1774568745225 0.7579696264878917 37
1774568747418 0.7686414010124504 38
1774568749762 0.7727459296757422 39
1774568751952 0.780407716513887 40
1774568754105 0.7921740320153235 41
1774568756434 0.7944315227801341 42
1774568758616 0.8008619510192913 43
1774568760942 0.8104391845669722 44
1774568763111 0.8114653167327952 45
1774568765471 0.8172116568614037 46
1774568767593 0.8195375564372691 47
1774568769959 0.8245313996442741 48
1774568772144 0.827609796141743 49
1774568774317 0.8332877274592968 50
1774568776869 0.8419072376522097 51
1774568779054 0.8495006156792995 52
1774568781219 0.8412915583527159 53
1774568783415 0.849774250923519 54
1774568785791 0.8544260500752497 55
1774568787981 0.8621562457244493 56
1774568790350 0.8621562457244493 57
1774568792544 0.8609932959365166 58
1774568794886 0.8666712272540703 59
1774568797242 0.8754959638801477 60
1774568799414 0.8724175673826788 61
1774568801575 0.8778218634560131 62
1774568803736 0.8757011903133124 63
1774568806100 0.8823368449856341 64
1774568808265 0.8843207005062252 65
1774568810658 0.8856204679162676 66
1774568812971 0.8880147763031878 67
1774568815133 0.8933506635654672 68
1774568817526 0.8919824873443699 69
1774568819700 0.8958133807634423 70
1774568821857 0.8990285948830209 71
1774568824041 0.8976604186619237 72
1774568826393 0.9019017649473252 73
1774568828723 0.9041592557121357 74
1774568831104 0.9005335887262279 75
1774568833331 0.9079901491312081 76
1774568835523 0.9059378847995622 77
1774568837917 0.9112737720618416 78
1774568840113 0.9174989738678342 79
1774568842278 0.9104528663291832 80
1774568844777 0.9129155835271583 81
1774568847177 0.9153098919140785 82
1774568849367 0.9202353263100287 83
1774568851756 0.9194828293884252 84
1774568853944 0.9230400875632782 85
1774568856146 0.9181830619783828 86
1774568858522 0.9272814338486797 87
1774568860722 0.92461349021754 88
1774568863045 0.9263237104939116 89
1774568865256 0.9283075660145027 90
1774568867659 0.9258448488165276 91
1774568869870 0.9284443836366124 92
1774568872298 0.9306334655903681 93
1774568874514 0.9326857299220139 94
1774568876719 0.936174579285812 95
1774568879365 0.9346011766315502 96
1774568881563 0.9326857299220139 97
1774568883759 0.9342591325762758 98
1774568885929 0.9360377616637023 99
1774568888338 0.9365850321521412 100
1774568890560 0.937200711451635 101
1774568892944 0.9408263784375428 102
1774568895137 0.9404843343822684 103
1774568897508 0.9456834040224381 104
1774568899878 0.9423313722807498 105
1774568902073 0.9431522780134082 106
1774568904295 0.9441784101792311 107
1774568906563 0.943220686824463 108
1774568908967 0.9421261458475851 109
1774568911314 0.9416472841702012 110
1774568913915 0.950745656040498 111
1774568916112 0.9458886304556027 112
