1774218072347 0.1583948591741865 0
1774218082734 0.2904703308722997 1
1774218093232 0.3975936560021876 2
1774218103759 0.43232157506152585 3
1774218114183 0.4923434509160514 4
1774218124664 0.5475799835931091 5
1774218135219 0.5914684167350287 6
1774218145651 0.6246923707957343 7
1774218156178 0.6501230516817064 8
1774218166692 0.6735028712059065 9
1774218177040 0.6990702761826634 10
1774218187401 0.7199207000273449 11
1774218197886 0.734208367514356 12
1774218208217 0.7512305168170632 13
1774218218687 0.766475252939568 14
1774218229136 0.7802843861088323 15
1774218239548 0.7968963631391851 16
1774218249979 0.7953923981405524 17
1774218260366 0.8171998906207274 18
1774218270927 0.832923161060979 19
1774218281328 0.8433825540060158 20
1774218291723 0.8393491933278644 21
1774218302109 0.855072463768116 22
1774218312575 0.8627290128520645 23
1774218323041 0.8801613344271261 24
1774218333521 0.8859037462400875 25
1774218343957 0.8889800382827454 26
1774218354418 0.8818020235165436 27
1774218364797 0.8871342630571507 28
1774218375223 0.9085999453103637 29
1774218385687 0.9267158873393492 30
1774218396147 0.9239130434782609 31
1774218406497 0.9311594202898551 32
1774218417004 0.9345091605140826 33
1774218427449 0.9440798468690184 34
1774218437959 0.9466092425485371 35
1774218448351 0.9332786436970194 36
1774218458791 0.9438747607328412 37
1774218469258 0.9568635493573968 38
1774218479713 0.9555646704949412 39
1774218490125 0.9615121684440798 40
1774218500631 0.971834837298332 41
1774218511085 0.9686901832102817 42
1774218521523 0.9682116488925349 43
1774218532066 0.9665709598031174 44
1774218542672 0.9615805304894722 45
1774218553132 0.965818977303801 46
1774218563738 0.965818977303801 47
1774218574191 0.9727919059338256 48
1774218584699 0.9795597484276729 49
1774218595277 0.9770303527481542 50
1774218605689 0.9741591468416735 51
1774218616010 0.9720399234345092 52
1774218626485 0.9809269893355209 53
1774218636754 0.9721082854799016 54
1774218647158 0.9361498496035001 55
1774218657580 0.9721082854799016 56
1774218668135 0.9806535411539513 57
1774218678511 0.9831145747880776 58
1774218688893 0.9874213836477987 59
