1773969568178 3.3055834770202637 0
1773969569174 1.8555448055267334 1
1773969570175 1.703981876373291 2
1773969571142 1.5943235158920288 3
1773969572110 1.5374211072921753 4
1773969573083 1.463459849357605 5
1773969574051 1.4009350538253784 6
1773969575018 1.3631680011749268 7
1773969575991 1.329244613647461 8
1773969576963 1.27834153175354 9
1773969577948 1.244691252708435 10
1773969578936 1.202994465827942 11
1773969579920 1.178475260734558 12
1773969580905 1.1404097080230713 13
1773969581891 1.1168971061706543 14
1773969582881 1.0943059921264648 15
1773969583869 1.0655196905136108 16
1773969584891 1.0404140949249268 17
1773969585914 1.0223852396011353 18
1773969586938 0.9953213334083557 19
1773969587963 0.9761996269226074 20
1773969588987 0.9507251381874084 21
1773969590014 0.9318505525588989 22
1773969591041 0.9075883030891418 23
1773969592072 0.8892833590507507 24
1773969593104 0.8690623044967651 25
1773969594146 0.8517628908157349 26
1773969595184 0.8305288553237915 27
1773969596221 0.815789520740509 28
1773969597256 0.7941539287567139 29
1773969598290 0.777235746383667 30
1773969599323 0.7634696364402771 31
1773969600363 0.7407204508781433 32
1773969601394 0.7259805798530579 33
1773969602426 0.7072247862815857 34
1773969603459 0.6890729069709778 35
1773969604500 0.6747201085090637 36
1773969605535 0.6590508818626404 37
1773969606571 0.6447523236274719 38
1773969607608 0.6295576691627502 39
1773969608647 0.6092931032180786 40
1773969609690 0.6002270579338074 41
1773969610729 0.5831940770149231 42
1773969611769 0.5703334212303162 43
1773969612807 0.5594739317893982 44
1773969613849 0.5417083501815796 45
1773969614856 0.5276272892951965 46
1773969615896 0.5152785181999207 47
1773969616939 0.4984234869480133 48
1773969617977 0.4843902587890625 49
1773969618977 0.4733072817325592 50
1773969620016 0.4628141224384308 51
1773969621059 0.4515877962112427 52
1773969622099 0.44009503722190857 53
1773969623106 0.42575690150260925 54
1773969624150 0.41469112038612366 55
1773969625193 0.40601059794425964 56
1773969626232 0.3927324414253235 57
1773969627246 0.3845745623111725 58
1773969628292 0.37310361862182617 59
1773969629305 0.36324575543403625 60
1773969630320 0.3541899025440216 61
1773969631328 0.34280428290367126 62
1773969632337 0.3331570029258728 63
1773969633346 0.3220807611942291 64
1773969634356 0.3118889331817627 65
1773969635368 0.3084571063518524 66
1773969636378 0.29554808139801025 67
1773969637390 0.286691278219223 68
1773969638403 0.2793285548686981 69
1773969639413 0.26904726028442383 70
1773969640426 0.26287317276000977 71
1773969641439 0.2557656168937683 72
1773969642453 0.2498968094587326 73
