1774569892355 0.5012507817385866 0
1774569892765 0.5064102564102564 1
1774569893325 0.5003126954346466 2
1774569893756 0.5017198248905566 3
1774569894176 0.5034396497811132 4
1774569894710 0.5025015634771732 5
1774569895108 0.5034396497811132 6
1774569895510 0.5034396497811132 7
1774569896050 0.5043777360850532 8
1774569896475 0.5031269543464666 9
1774569897029 0.5264227642276422 10
1774569897436 0.7168542839274546 11
1774569897864 0.7202939337085679 12
1774569898435 0.6937148217636022 13
1774569898877 0.8022201375859912 14
1774569899288 0.8408380237648531 15
1774569899853 0.8497498436522827 16
1774569900284 0.8669480925578487 17
1774569900722 0.8947779862414009 18
1774569901312 0.9033771106941839 19
1774569901929 0.9075984990619137 20
1774569902384 0.9222951844903065 21
1774569902980 0.9329268292682927 22
1774569903419 0.9390243902439024 23
1774569903835 0.9432457786116323 24
1774569904393 0.9441838649155723 25
1774569904829 0.9466854283927455 26
1774569905271 0.9549718574108818 27
1774569905868 0.9549718574108818 28
1774569906326 0.9595059412132583 29
1774569906773 0.9590368980612883 30
1774569907388 0.9601313320825516 31
