1774569892352 0.7873268295929833 0
1774569892761 0.6938053266639781 1
1774569893319 0.6946227770808937 2
1774569893750 0.6932329238020233 3
1774569894172 0.6915490063672665 4
1774569894706 0.69112523601829 5
1774569895104 0.6899321223140285 6
1774569895506 0.6875622384692819 7
1774569896046 0.6796537917654838 8
1774569896468 0.6695165288604894 9
1774569897022 0.6465145937348247 10
1774569897431 0.6439904817347977 11
1774569897857 0.5934630232799643 12
1774569898430 0.5708764632692033 13
1774569898870 0.5229345021805516 14
1774569899283 0.4972706155302824 15
1774569899848 0.4638478553541158 16
1774569900278 0.44382333826317943 17
1774569900714 0.41121764053323256 18
1774569901307 0.38525870608269536 19
1774569901921 0.36684757610870344 20
1774569902378 0.3437462221688968 21
1774569902972 0.3242882910260862 22
1774569903414 0.3074121084378763 23
1774569903829 0.29609378430528743 24
1774569904388 0.28439887334884445 25
1774569904820 0.2736096426686173 26
1774569905265 0.25938222604367495 27
1774569905859 0.2521776070700652 28
1774569906317 0.23930941765348637 29
1774569906767 0.23145571458220407 30
1774569907382 0.22499062753677965 31
