1774544118617 0.50093808630394 0
1774544118831 0.525328330206379 1
1774544119072 0.5037523452157598 2
1774544119286 0.5046904315196998 3
1774544119482 0.49906191369606 4
1774544119695 0.5037523452157598 5
1774544119944 0.5562851782363978 6
1774544120157 0.5797373358348968 7
1774544120373 0.7495309568480301 8
1774544120603 0.775797373358349 9
1774544120810 0.7560975609756098 10
1774544121023 0.8292682926829268 11
1774544121586 0.8545966228893058 12
1774544121801 0.8724202626641651 13
1774544122017 0.8545966228893058 14
1774544122237 0.8939962476547842 15
1774544122447 0.8977485928705441 16
1774544122655 0.9193245778611632 17
1774544122895 0.9202626641651032 18
1774544123128 0.9099437148217636 19
1774544123365 0.9324577861163227 20
1774544123604 0.9380863039399625 21
1774544123842 0.9427767354596623 22
1774544124060 0.949343339587242 23
1774544124265 0.949343339587242 24
1774544124470 0.9699812382739212 25
1774544124987 0.9662288930581614 26
1774544125217 0.9699812382739212 27
1774544125430 0.9737335834896811 28
1774544125641 0.9727954971857411 29
1774544125842 0.975609756097561 30
1774544126045 0.9737335834896811 31
1774544126250 0.9718574108818011 32
1774544126470 0.9812382739212008 33
