1774348272966 0.7694308417823033 0
1774348273275 0.6630059127288732 1
1774348273762 0.5723426555603127 2
1774348274106 0.468337284579286 3
1774348274448 0.40464894761511355 4
1774348274958 0.34593999083896515 5
1774348275276 0.3005224513851008 6
1774348275745 0.2594313333282775 7
1774348276052 0.2151113024460218 8
1774348276392 0.1880953613298248 9
1774348277094 0.16758608488159824 10
1774348277414 0.14968287981137995 11
1774348277740 0.13500977157987304 12
1774348278245 0.1191942174595695 13
1774348278564 0.10236641258616384 14
1774348278873 0.09335075943655637 15
1774348279362 0.09175243390825408 16
1774348279705 0.07450832883647414 17
1774348280012 0.06940487972119959 18
1774348280475 0.06695490120779059 19
1774348280768 0.06900329135819627 20
