1774350050576 196.16876125335693 0
1774350060166 143.23294472694397 1
1774350069915 117.28290700912476 2
1774350079537 104.53301453590393 3
1774350089190 96.06662547588348 4
1774350098792 91.47988271713257 5
1774350108509 87.28847408294678 6
1774350118154 83.2838966846466 7
1774350127871 81.59044927358627 8
1774350137517 78.84731322526932 9
1774350147083 86.74403220415115 10
1774350156722 89.1827803850174 11
1774350166397 82.33294868469238 12
1774350176115 77.290098965168 13
1774350185750 73.89515894651413 14
1774350195255 73.79878151416779 15
1774350204955 71.21756899356842 16
1774350214591 68.81146305799484 17
1774350224225 66.43339616060257 18
1774350233938 67.71632504463196 19
1774350243577 65.68120247125626 20
1774350253327 62.97968965768814 21
1774350262969 62.05238461494446 22
1774350272655 60.35401290655136 23
1774350282269 60.140407145023346 24
1774350291952 58.87346529960632 25
1774350301619 59.08788251876831 26
1774350311216 57.32506746053696 27
1774350320816 58.290386855602264 28
1774350330456 57.283987641334534 29
1774350340056 55.91258382797241 30
1774350349770 56.34989535808563 31
1774350359509 54.925708055496216 32
1774350369126 53.26767188310623 33
1774350378792 52.57851356267929 34
1774350388424 51.61724674701691 35
1774350398063 52.58697205781937 36
1774350407746 50.307348012924194 37
1774350417405 50.33486998081207 38
1774350427014 49.21653789281845 39
1774350436676 47.71492996811867 40
1774350446251 50.131056040525436 41
1774350455871 48.11110234260559 42
1774350465416 46.24189591407776 43
1774350475023 45.96116119623184 44
1774350484728 45.00656735897064 45
1774350494359 46.39238861203194 46
1774350504117 45.4877373278141 47
1774350513872 45.38736692070961 48
1774350523541 43.72075146436691 49
1774350533255 43.132899075746536 50
1774350542983 42.17687076330185 51
1774350552569 42.66411966085434 52
1774350562267 40.39309883117676 53
1774350571921 41.37819001078606 54
1774350581525 39.09831500053406 55
1774350591188 39.153378278017044 56
1774350600887 39.56385034322739 57
1774350610533 40.20471152663231 58
1774350620125 37.11658662557602 59
