1768650468583 0.28813374125874125 0
1768650472693 0.5734265734265734 1
1768650476779 0.6846590909090909 2
1768650480870 0.7536057692307693 3
1768650485011 0.8115166083916084 4
1768650489126 0.8493225524475524 5
1768650493230 0.8781687062937062 6
1768650497326 0.8986013986013986 7
1768650501447 0.9151005244755245 8
1768650505573 0.9347683566433567 9
1768650509679 0.9464597902097902 10
1768650513792 0.9524694055944056 11
1768650517914 0.9586975524475524 12
1768650522002 0.9635052447552448 13
1768650526114 0.965472027972028 14
1768650530197 0.9741040209790209 15
1768650534284 0.9737762237762237 16
1768650538427 0.9782561188811189 17
1768650542547 0.975743006993007 18
1768650546659 0.978583916083916 19
1768650550783 0.9804414335664335 20
1768650554873 0.9784746503496503 21
1768650558972 0.9818618881118881 22
1768650563074 0.9829545454545454 23
1768650567169 0.9816433566433567 24
1768650571285 0.9796765734265734 25
