1774204906579 25.519642412662506 0
1774204906883 21.760642141103745 1
1774204907212 20.32833233475685 2
1774204907529 19.444600343704224 3
1774204907885 18.04064330458641 4
1774204908191 16.87231257557869 5
1774204908505 14.900066047906876 6
1774204908807 13.042352557182312 7
1774204909109 11.334186777472496 8
1774204909409 9.772150859236717 9
1774204909716 7.939455643296242 10
1774204910019 6.429788887500763 11
1774204910323 5.057716794312 12
1774204910625 4.652259640395641 13
1774204910936 4.666898939758539 14
1774204911239 3.1724489219486713 15
1774204911543 2.7996934838593006 16
