1774359642149 290.53191220760345 0
1774359657480 193.05270338058472 1
1774359672792 168.8883947134018 2
1774359688136 151.76822555065155 3
1774359703419 143.6039844751358 4
1774359718723 136.05172711610794 5
1774359734105 130.62432873249054 6
1774359749359 127.47629922628403 7
1774359764682 123.31143867969513 8
1774359779914 120.80138611793518 9
1774359795233 117.51880133152008 10
1774359810451 114.55778688192368 11
1774359825807 110.25025552511215 12
1774359841208 109.71505188941956 13
1774359856475 108.82261574268341 14
1774359871809 109.06096345186234 15
1774359887082 104.1310293674469 16
1774359902420 101.44153732061386 17
1774359917741 100.56236904859543 18
1774359933031 97.11336994171143 19
1774359948409 98.78295922279358 20
1774359963722 94.63675373792648 21
1774359979205 93.65246146917343 22
1774359994452 93.52021864056587 23
1774360009739 89.75786983966827 24
1774360025022 88.88664799928665 25
1774360040270 88.75389921665192 26
1774360055408 86.60913610458374 27
1774360070782 89.36534088850021 28
1774360085888 85.09893679618835 29
1774360101215 83.64548432826996 30
1774360116443 82.1652871966362 31
1774360131804 83.03499066829681 32
1774360147068 80.48703655600548 33
1774360162417 80.35152485966682 34
1774360177695 79.78123444318771 35
1774360193024 77.69942417740822 36
1774360208265 77.12956264615059 37
1774360223697 76.01028755307198 38
1774360239061 76.38719227910042 39
1774360254453 74.54207876324654 40
1774360269687 73.60769519209862 41
1774360285028 73.67144274711609 42
1774360300385 71.57461139559746 43
1774360315506 70.9357154071331 44
1774360330667 73.28468212485313 45
1774360345991 71.51227882504463 46
1774360361194 69.44176146388054 47
1774360376459 67.13979598879814 48
1774360391753 73.46812534332275 49
1774360407069 69.1460810303688 50
1774360422409 68.47335582971573 51
1774360437815 66.97195979952812 52
1774360453072 65.82597002387047 53
1774360468340 64.39998477697372 54
1774360483655 64.32047694921494 55
1774360498847 64.24931302666664 56
1774360514155 62.809540361166 57
1774360529320 66.06799483299255 58
1774360544545 64.88850352168083 59
1774360559874 61.49324297904968 60
1774360575109 63.64999780058861 61
1774360590449 60.1535784304142 62
1774360605857 60.16145810484886 63
1774360621157 67.07748258113861 64
1774360636512 62.4248711168766 65
1774360651831 60.45093324780464 66
1774360667128 57.948843628168106 67
1774360682436 58.81859701871872 68
1774360697788 57.08763587474823 69
1774360713087 57.052243530750275 70
1774360728321 64.83941262960434 71
1774360743553 74.31820532679558 72
1774360758921 67.72212281823158 73
1774360774334 62.276999711990356 74
1774360789602 62.03120368719101 75
1774360804872 59.91782400012016 76
1774360820148 58.43730190396309 77
1774360835478 57.355514138937 78
1774360850788 56.92701694369316 79
1774360866058 54.969207406044006 80
1774360881433 54.51402485370636 81
1774360896797 55.30441492795944 82
1774360912309 53.531871154904366 83
1774360927739 52.396240174770355 84
1774360942971 52.56943652033806 85
1774360958243 52.02609124779701 86
1774360973538 50.76158934831619 87
1774360988812 50.7259903550148 88
1774361004106 50.3559867143631 89
1774361019295 48.91503310203552 90
1774361034590 49.18694826960564 91
1774361049803 48.28479874134064 92
1774361064997 51.736154451966286 93
1774361080381 51.34969025850296 94
1774361095713 52.098721355199814 95
