1774359642154 0.2215077301956492 0
1774359657484 0.4574497195238747 1
1774359672797 0.5259953482008483 2
1774359688141 0.5712135723081133 3
1774359703424 0.5937884799562183 4
1774359718728 0.6202626898344507 5
1774359734111 0.6408537419619647 6
1774359749365 0.6480366671227255 7
1774359764687 0.6589820768915037 8
1774359779919 0.6678752223286359 9
1774359795238 0.6776576823094814 10
1774359810456 0.6838144753044192 11
1774359825812 0.6981803256259406 12
1774359841213 0.700027363524422 13
1774359856481 0.7026268983445068 14
1774359871814 0.7043371186208783 15
1774359887088 0.7149404843343823 16
1774359902426 0.7226022711725271 17
1774359917747 0.7213025037624846 18
1774359933037 0.7327267752086468 19
1774359948415 0.7282802024900807 20
1774359963731 0.7418251470789438 21
1774359979211 0.7446299083321932 22
1774359994458 0.7405253796689013 23
1774360009745 0.7546860035572581 24
1774360025029 0.7523601039813929 25
1774360040276 0.7579012176768368 26
1774360055414 0.7586537145984403 27
1774360070788 0.7523601039813929 28
1774360085895 0.7666575454918594 29
1774360101222 0.7716513886988644 30
1774360116450 0.7715145710767547 31
1774360131811 0.7713093446435901 32
1774360147075 0.7771925023943084 33
1774360162424 0.7776029552606376 34
1774360177701 0.7776029552606376 35
1774360193032 0.7818443015460391 36
1774360208272 0.7820495279792037 37
1774360223705 0.7875222328635928 38
1774360239068 0.7869065535640991 39
1774360254460 0.7893692707620742 40
1774360269694 0.7949103844575182 41
1774360285035 0.7942947051580244 42
1774360300393 0.8023669448624983 43
1774360315514 0.8010671774524559 44
1774360330675 0.7956628813791217 45
1774360345999 0.8003830893419073 46
1774360361202 0.8079764673689971 47
1774360376466 0.8137912163086606 48
1774360391761 0.795526063757012 49
1774360407077 0.8081816938021618 50
1774360422418 0.8071555616363387 51
1774360437823 0.8081132849911069 52
1774360453081 0.8136543986865509 53
1774360468348 0.8168696128061295 54
1774360483664 0.8198796004925435 55
1774360498855 0.8204268709809823 56
1774360514163 0.8215898207689151 57
1774360529329 0.8150225749076481 58
1774360544554 0.8213161855246955 59
1774360559884 0.8262416199206458 60
1774360575117 0.8224791353126283 61
1774360590459 0.830619783828157 62
1774360605866 0.8309618278834314 63
1774360621167 0.813517581064441 64
1774360636521 0.8228211793679026 65
1774360651842 0.833150909837187 66
1774360667137 0.8393077028321247 67
1774360682446 0.834655903680394 68
1774360697797 0.8387604323436859 69
1774360713097 0.8387604323436859 70
1774360728330 0.8155014365850322 71
1774360743562 0.7913531262826652 72
1774360758930 0.8109864550554111 73
1774360774343 0.8257627582432617 74
1774360789611 0.8230948146121221 75
1774360804882 0.8342454508140649 76
1774360820158 0.8350663565467232 77
1774360835488 0.8360924887125462 78
1774360850798 0.8420440552743194 79
1774360866067 0.8438226843617458 80
1774360881443 0.8440963196059652 81
1774360896807 0.844233137228075 82
1774360912321 0.8482008482692571 83
1774360927750 0.84922698043508 84
1774360942982 0.8529210562320427 85
1774360958253 0.8548365029415789 86
1774360973549 0.8570255848953345 87
1774360988823 0.8569571760842797 88
1774361004117 0.8584621699274867 89
1774361019306 0.8622930633465591 90
1774361034601 0.8624982897797236 91
1774361049814 0.8676289506088384 92
1774361065008 0.8521685593104392 93
1774361080392 0.8555889998631824 94
1774361095724 0.8526474209878232 95
