1768620547765 0.0 0
1768620557774 15.8 1
1768620567791 12.6 2
1768620577800 17.3 3
1768620587808 14.3 4
1768620597816 12.2 5
1768620607863 12.2 6
1768620617874 18.9 7
1768620627881 12.5 8
1768620637907 11.7 9
1768620647916 19.3 10
1768620657935 12.6 11
1768620667943 12.3 12
1768620677957 19.1 13
1768620687971 12.5 14
1768620697988 11.8 15
1768620708052 17.6 16
1768620718067 14.2 17
1768620728075 11.6 18
1768620738088 14.9 19
1768620748125 17.3 20
1768620758134 12.4 21
1768620768150 14.0 22
1768620778158 17.6 23
1768620788166 11.9 24
1768620798175 14.1 25
1768620808187 17.7 26
1768620818196 11.9 27
1768620828207 14.1 28
1768620838227 14.2 29
1768620848272 15.1 30
1768620858281 14.4 31
1768620868290 12.8 32
