1768620547765 215749.2 0
1768620557774 215749.4 1
1768620567791 215749.5 2
1768620577800 215749.5 3
1768620587808 215749.6 4
1768620597816 215749.6 5
1768620607863 215749.6 6
1768620617874 215749.6 7
1768620627881 215749.6 8
1768620637907 215749.6 9
1768620647916 215749.7 10
1768620657935 215749.7 11
1768620667943 215749.7 12
1768620677957 215749.7 13
1768620687971 215749.8 14
1768620697988 215749.8 15
1768620708052 215749.8 16
1768620718067 215749.8 17
1768620728075 215749.8 18
1768620738088 215749.8 19
1768620748125 215749.9 20
1768620758134 215749.9 21
1768620768150 215749.9 22
1768620778158 215749.9 23
1768620788166 215749.9 24
1768620798175 215750.0 25
1768620808187 215750.0 26
1768620818196 215750.0 27
1768620828207 215750.0 28
1768620838227 215750.1 29
1768620848272 215750.1 30
1768620858281 215750.1 31
1768620868290 215750.1 32
