1768620547765 26857.5 0
1768620557774 26857.3 1
1768620567791 26857.3 2
1768620577800 26857.2 3
1768620587808 26857.2 4
1768620597816 26857.2 5
1768620607863 26857.2 6
1768620617874 26857.1 7
1768620627881 26857.1 8
1768620637907 26857.1 9
1768620647916 26857.1 10
1768620657935 26857.1 11
1768620667943 26857.1 12
1768620677957 26857.0 13
1768620687971 26857.0 14
1768620697988 26857.0 15
1768620708052 26857.0 16
1768620718067 26857.0 17
1768620728075 26857.0 18
1768620738088 26856.9 19
1768620748125 26856.9 20
1768620758134 26856.9 21
1768620768150 26856.9 22
1768620778158 26856.8 23
1768620788166 26856.8 24
1768620798175 26856.8 25
1768620808187 26856.8 26
1768620818196 26856.8 27
1768620828207 26856.7 28
1768620838227 26856.7 29
1768620848272 26856.7 30
1768620858281 26856.7 31
1768620868290 26856.6 32
