1768620547765 36.0 0
1768620557774 130.7 1
1768620567791 132.6 2
1768620577800 135.6 3
1768620587808 129.3 4
1768620597816 118.0 5
1768620607863 138.3 6
1768620617874 80.6 7
1768620627881 142.7 8
1768620637907 131.4 9
1768620647916 80.1 10
1768620657935 135.6 11
1768620667943 136.3 12
1768620677957 135.1 13
1768620687971 117.0 14
1768620697988 116.5 15
1768620708052 78.8 16
1768620718067 109.3 17
1768620728075 138.6 18
1768620738088 131.6 19
1768620748125 134.1 20
1768620758134 91.1 21
1768620768150 145.2 22
1768620778158 143.8 23
1768620788166 135.7 24
1768620798175 133.1 25
1768620808187 142.6 26
1768620818196 94.1 27
1768620828207 143.2 28
1768620838227 130.9 29
1768620848272 129.6 30
1768620858281 78.8 31
1768620868290 136.7 32
