1768620547765 1.0 0
1768620557774 97.0 1
1768620567791 96.0 2
1768620577800 96.0 3
1768620587808 96.0 4
1768620597816 98.0 5
1768620607863 97.0 6
1768620617874 96.0 7
1768620627881 97.0 8
1768620637907 97.0 9
1768620647916 95.0 10
1768620657935 97.0 11
1768620667943 96.0 12
1768620677957 98.0 13
1768620687971 97.0 14
1768620697988 97.0 15
1768620708052 97.0 16
1768620718067 97.0 17
1768620728075 47.0 18
1768620738088 93.0 19
1768620748125 98.0 20
1768620758134 97.0 21
1768620768150 97.0 22
1768620778158 98.0 23
1768620788166 96.0 24
1768620798175 96.0 25
1768620808187 97.0 26
1768620818196 97.0 27
1768620828207 96.0 28
1768620838227 97.0 29
1768620848272 96.0 30
1768620858281 97.0 31
1768620868290 97.0 32
