1768620547765 0.0 0
1768620557774 1.7249179999998887 1
1768620567791 2.5893470000009984 2
1768620577800 3.3519730000007257 3
1768620587808 5.016427000000476 4
1768620597816 5.984185000001162 5
1768620607863 6.750453000000562 6
1768620617874 8.385985000000801 7
1768620627881 9.441832000000431 8
1768620637907 10.211568000000625 9
1768620647916 11.711747000001196 10
1768620657935 12.855102000001352 11
1768620667943 13.63065000000097 12
1768620677957 15.166296000001239 13
1768620687971 16.32755999999972 14
1768620697988 17.07731100000092 15
1768620708052 18.555255000001125 16
1768620718067 19.693774000001213 17
1768620728075 20.46311500000047 18
1768620738088 22.00767799999994 19
1768620748125 23.150338999999803 20
1768620758134 23.90663300000051 21
1768620768150 25.389576999999917 22
1768620778158 26.528485000000728 23
1768620788166 27.29669400000057 24
1768620798175 28.795484000000215 25
1768620808187 29.93424700000105 26
1768620818196 30.65534900000057 27
1768620828207 32.109691999999995 28
1768620838227 33.24474300000111 29
1768620848272 33.99162500000057 30
1768620858281 35.55014200000005 31
1768620868290 36.71479800000088 32
