1774542338518 22.2 0
1774542348527 50.7 1
1774542358535 52.0 2
1774542368543 53.0 3
1774542378550 61.9 4
1774542388563 50.4 5
1774542398573 51.2 6
1774542408583 65.5 7
1774542418591 49.3 8
1774542428598 48.3 9
1774542438613 61.7 10
1774542448620 52.7 11
1774542458628 53.2 12
1774542468642 51.7 13
1774542478650 54.9 14
1774542488658 53.0 15
1774542498666 48.6 16
1774542508673 50.7 17
1774542518681 50.8 18
1774542528689 52.1 19
1774542538702 64.8 20
1774542548709 50.0 21
1774542558725 49.0 22
1774542568732 54.5 23
1774542578752 53.1 24
1774542588761 50.5 25
1774542598775 51.8 26
1774542608783 51.4 27
1774542618791 56.5 28
1774542628799 51.3 29
1774542638809 49.7 30
1774542648819 68.4 31
1774542658842 56.1 32
1774542668850 50.5 33
1774542678864 48.6 34
1774542688877 53.7 35
1774542698892 51.5 36
1774542708900 59.6 37
1774542718909 48.9 38
1774542728919 41.7 39
1774542738928 62.2 40
1774542748936 51.7 41
1774542758946 61.1 42
1774542768953 59.5 43
1774542778963 62.0 44
1774542788978 58.2 45
1774542798986 54.7 46
1774542808995 51.0 47
1774542819009 51.2 48
1774542829018 53.2 49
1774542839029 50.7 50
1774542849043 51.4 51
1774542859052 59.4 52
1774542869062 59.6 53
1774542879070 58.9 54
1774542889086 51.3 55
1774542899097 51.8 56
1774542909105 48.4 57
1774542919115 51.4 58
1774542929131 53.7 59
1774542939139 51.1 60
1774542949148 49.1 61
1774542959157 54.8 62
1774542969167 51.7 63
1774542979177 67.0 64
1774542989190 61.0 65
1774542999206 68.4 66
1774543009219 49.7 67
1774543019229 59.4 68
1774543029240 47.9 69
1774543039259 58.7 70
1774543049275 48.2 71
1774543059288 51.7 72
1774543069298 48.4 73
1774543079312 44.4 74
1774543089327 53.0 75
1774543099336 57.9 76
1774543109352 51.8 77
1774543119364 57.7 78
1774543129375 52.8 79
1774543139387 63.1 80
