1774542338518 1.6 0
1774542348527 13.7 1
1774542358535 13.7 2
1774542368543 13.7 3
1774542378550 13.7 4
1774542388563 13.7 5
1774542398573 13.7 6
1774542408583 15.0 7
1774542418591 15.0 8
1774542428598 15.0 9
1774542438613 15.0 10
1774542448620 15.0 11
1774542458628 15.0 12
1774542468642 15.0 13
1774542478650 15.0 14
1774542488658 15.0 15
1774542498666 15.0 16
1774542508673 15.0 17
1774542518681 15.0 18
1774542528689 15.0 19
1774542538702 15.0 20
1774542548709 16.3 21
1774542558725 16.3 22
1774542568732 16.3 23
1774542578752 16.3 24
1774542588761 16.3 25
1774542598775 16.3 26
1774542608783 16.3 27
1774542618791 16.3 28
1774542628799 16.3 29
1774542638809 16.3 30
1774542648819 16.3 31
1774542658842 16.3 32
1774542668850 16.3 33
1774542678864 16.3 34
1774542688877 16.3 35
1774542698892 16.3 36
1774542708900 16.3 37
1774542718909 16.3 38
1774542728919 16.3 39
1774542738928 16.3 40
1774542748936 16.3 41
1774542758946 16.3 42
1774542768953 16.3 43
1774542778963 16.3 44
1774542788978 16.3 45
1774542798986 16.3 46
1774542808995 16.3 47
1774542819009 16.3 48
1774542829018 16.3 49
1774542839029 16.3 50
1774542849043 16.3 51
1774542859052 16.3 52
1774542869062 16.3 53
1774542879070 16.3 54
1774542889086 16.3 55
1774542899097 16.3 56
1774542909105 16.3 57
1774542919115 16.3 58
1774542929131 16.3 59
1774542939139 16.3 60
1774542949148 16.3 61
1774542959157 16.3 62
1774542969167 16.3 63
1774542979177 16.3 64
1774542989190 16.3 65
1774542999206 16.3 66
1774543009219 16.3 67
1774543019229 16.3 68
1774543029240 16.3 69
1774543039259 16.3 70
1774543049275 16.3 71
1774543059288 16.3 72
1774543069298 16.3 73
1774543079312 16.3 74
1774543089327 16.3 75
1774543099336 16.3 76
1774543109352 16.3 77
1774543119364 16.3 78
1774543129375 16.3 79
1774543139387 16.3 80
