1774542338518 2930.8 0
1774542348527 3445.5 1
1774542358535 3532.0 2
1774542368543 3564.2 3
1774542378550 3539.7 4
1774542388563 3539.4 5
1774542398573 3547.6 6
1774542408583 3550.4 7
1774542418591 3545.8 8
1774542428598 3547.4 9
1774542438613 3539.4 10
1774542448620 3543.1 11
1774542458628 3541.1 12
1774542468642 3824.2 13
1774542478650 3546.2 14
1774542488658 3546.4 15
1774542498666 3540.3 16
1774542508673 3549.5 17
1774542518681 3548.2 18
1774542528689 3552.8 19
1774542538702 3549.9 20
1774542548709 3546.3 21
1774542558725 3552.2 22
1774542568732 3554.6 23
1774542578752 3542.8 24
1774542588761 3545.9 25
1774542598775 3801.9 26
1774542608783 3581.5 27
1774542618791 3538.4 28
1774542628799 3547.2 29
1774542638809 3545.4 30
1774542648819 3552.6 31
1774542658842 3555.7 32
1774542668850 3549.4 33
1774542678864 3543.2 34
1774542688877 3558.3 35
1774542698892 3556.2 36
1774542708900 3547.5 37
1774542718909 3551.3 38
1774542728919 3679.2 39
1774542738928 3550.6 40
1774542748936 3560.9 41
1774542758946 3545.1 42
1774542768953 3551.8 43
1774542778963 3552.1 44
1774542788978 3552.1 45
1774542798986 3546.6 46
1774542808995 3549.8 47
1774542819009 3543.7 48
1774542829018 3548.8 49
1774542839029 3557.7 50
1774542849043 3599.8 51
1774542859052 3574.8 52
1774542869062 3559.4 53
1774542879070 3552.6 54
1774542889086 3539.0 55
1774542899097 3559.5 56
1774542909105 3552.2 57
1774542919115 3548.9 58
1774542929131 3551.0 59
1774542939139 3547.7 60
1774542949148 3551.3 61
1774542959157 3830.6 62
1774542969167 3552.4 63
1774542979177 3541.0 64
1774542989190 3551.2 65
1774542999206 3552.8 66
1774543009219 3587.6 67
1774543019229 3554.5 68
1774543029240 3553.7 69
1774543039259 3540.4 70
1774543049275 3558.8 71
1774543059288 3557.9 72
1774543069298 3610.2 73
1774543079312 3556.8 74
1774543089327 3813.7 75
1774543099336 3552.1 76
1774543109352 3551.7 77
1774543119364 3557.9 78
1774543129375 3608.8 79
1774543139387 3550.5 80
