1774542338518 17.6 0
1774542348527 20.7 1
1774542358535 21.2 2
1774542368543 21.4 3
1774542378550 21.2 4
1774542388563 21.2 5
1774542398573 21.3 6
1774542408583 21.3 7
1774542418591 21.3 8
1774542428598 21.3 9
1774542438613 21.2 10
1774542448620 21.2 11
1774542458628 21.2 12
1774542468642 22.9 13
1774542478650 21.3 14
1774542488658 21.3 15
1774542498666 21.2 16
1774542508673 21.3 17
1774542518681 21.3 18
1774542528689 21.3 19
1774542538702 21.3 20
1774542548709 21.3 21
1774542558725 21.3 22
1774542568732 21.3 23
1774542578752 21.2 24
1774542588761 21.3 25
1774542598775 22.8 26
1774542608783 21.5 27
1774542618791 21.2 28
1774542628799 21.3 29
1774542638809 21.3 30
1774542648819 21.3 31
1774542658842 21.3 32
1774542668850 21.3 33
1774542678864 21.2 34
1774542688877 21.3 35
1774542698892 21.3 36
1774542708900 21.3 37
1774542718909 21.3 38
1774542728919 22.1 39
1774542738928 21.3 40
1774542748936 21.3 41
1774542758946 21.3 42
1774542768953 21.3 43
1774542778963 21.3 44
1774542788978 21.3 45
1774542798986 21.3 46
1774542808995 21.3 47
1774542819009 21.2 48
1774542829018 21.3 49
1774542839029 21.3 50
1774542849043 21.6 51
1774542859052 21.4 52
1774542869062 21.3 53
1774542879070 21.3 54
1774542889086 21.2 55
1774542899097 21.3 56
1774542909105 21.3 57
1774542919115 21.3 58
1774542929131 21.3 59
1774542939139 21.3 60
1774542949148 21.3 61
1774542959157 23.0 62
1774542969167 21.3 63
1774542979177 21.2 64
1774542989190 21.3 65
1774542999206 21.3 66
1774543009219 21.5 67
1774543019229 21.3 68
1774543029240 21.3 69
1774543039259 21.2 70
1774543049275 21.3 71
1774543059288 21.3 72
1774543069298 21.6 73
1774543079312 21.3 74
1774543089327 22.9 75
1774543099336 21.3 76
1774543109352 21.3 77
1774543119364 21.3 78
1774543129375 21.6 79
1774543139387 21.3 80
