1773957749678 0.14037488028458064 0
1773957750982 0.3555889998631824 1
1773957752285 0.44691476262142565 2
1773957753592 0.5073197427828704 3
1773957754912 0.5460391298399234 4
1773957756213 0.5734710630729238 5
1773957757514 0.5998768641401012 6
1773957758818 0.6226569982213709 7
1773957760136 0.6470789437679573 8
1773957761461 0.6607607059789301 9
1773957762780 0.6698590778492269 10
1773957764088 0.6860719660692297 11
1773957765429 0.7021480366671228 12
1773957766853 0.7117252702148037 13
1773957768319 0.7201395539745519 14
1773957769644 0.7345054042960734 15
1773957771016 0.7467505814748939 16
1773957772346 0.749760569161308 17
1773957773749 0.7656314133260363 18
1773957775153 0.7732247913531263 19
1773957776496 0.7868381447530441 20
1773957777842 0.7951156108906827 21
1773957779164 0.8001778629087426 22
1773957780585 0.8079080585579422 23
1773957781897 0.8153646189629224 24
1773957783239 0.8165275687508551 25
1773957784701 0.8293884252291696 26
1773957786028 0.8378027089889177 27
1773957787368 0.8430701874401423 28
1773957788696 0.851279244766726 29
1773957790040 0.8567519496511151 30
1773957791366 0.8610617047475715 31
1773957792690 0.8648925981666439 32
1773957794018 0.870365303051033 33
1773957795349 0.8729648378711178 34
1773957796675 0.879395266110275 35
1773957798113 0.8819948009303599 36
1773957799446 0.8869886441373649 37
1773957800808 0.8956081543302777 38
1773957802134 0.9007388151593926 39
1773957803504 0.8995758653714598 40
1773957804873 0.9017649473252155 41
1773957806208 0.9082637843754275 42
1773957807601 0.9072376522096046 43
1773957808957 0.9084006019975372 44
1773957810304 0.9150362566698591 45
1773957811643 0.9162676152688466 46
1773957813083 0.9198248734436996 47
1773957814426 0.9200300998768641 48
1773957815768 0.9235873580517171 49
1773957817100 0.9226296346969489 50
1773957818472 0.9225612258858941 51
1773957819822 0.9277602955260638 52
1773957821416 0.923655766862772 53
1773957822850 0.9292652893692708 54
1773957824186 0.9308386920235326 55
1773957825538 0.930154603912984 56
1773957826885 0.9350116294978793 57
1773957828232 0.9375427555069092 58
1773957829683 0.9377479819400739 59
1773957831069 0.9402791079491039 60
1773957832423 0.938705705294842 61
1773957834032 0.9395950198385552 62
1773957835411 0.943220686824463 63
1773957836769 0.9445204542345054 64
1773957838200 0.9433575044465727 65
1773957839562 0.9447940894787249 66
