1774591278379 300.5436029434204 0
1774591294145 211.56970345973969 1
1774591309850 178.10075163841248 2
1774591325520 167.7005649805069 3
1774591341216 156.29672479629517 4
1774591356959 151.06688904762268 5
1774591372653 142.841064453125 6
1774591388338 141.78117454051971 7
1774591403955 143.0641167163849 8
1774591419562 133.21940457820892 9
1774591435184 128.44401955604553 10
1774591450883 125.2051215171814 11
1774591466599 123.35291838645935 12
1774591482402 120.21975541114807 13
1774591498112 118.17355424165726 14
1774591513812 116.73577469587326 15
1774591529535 116.51547473669052 16
1774591545232 113.585697889328 17
1774591561007 109.13589364290237 18
1774591576729 107.25618094205856 19
1774591592395 108.57273387908936 20
1774591608119 110.05061167478561 21
1774591623824 108.90180140733719 22
1774591639567 104.70355600118637 23
1774591655177 102.63205224275589 24
1774591670860 104.23252332210541 25
1774591686552 103.11617243289948 26
1774591702151 102.75789058208466 27
1774591717920 97.85420376062393 28
1774591733550 95.79722958803177 29
1774591749284 95.15188473463058 30
1774591765084 95.38469958305359 31
1774591780847 92.09918254613876 32
1774591796574 90.80110609531403 33
1774591812341 89.93604943156242 34
1774591827941 90.19796252250671 35
1774591843732 88.87772226333618 36
1774591859444 85.40240544080734 37
1774591875176 86.03409892320633 38
1774591890942 84.08747163414955 39
1774591906731 84.05535340309143 40
1774591922417 83.86634123325348 41
1774591938108 82.6845053434372 42
1774591953748 82.09616810083389 43
1774591969454 84.60370916128159 44
1774591985146 81.91037619113922 45
1774592000852 80.1951052248478 46
1774592016560 79.70112225413322 47
1774592032292 78.21958979964256 48
1774592047980 81.10603973269463 49
1774592063726 79.29708832502365 50
1774592079469 75.80656000971794 51
1774592095301 74.88810333609581 52
1774592111072 73.86049893498421 53
1774592126799 73.76669853925705 54
1774592142502 74.8812038898468 55
1774592158205 76.96088227629662 56
1774592173979 74.27339085936546 57
1774592189650 71.91595348715782 58
1774592205414 71.275964230299 59
1774592221060 70.60702759027481 60
1774592236765 78.06469914317131 61
1774592252405 78.4758263528347 62
1774592268080 74.12563747167587 63
1774592283721 70.73032933473587 64
1774592299262 69.64312440156937 65
1774592314981 69.6855717599392 66
1774592330595 67.44857919216156 67
1774592346416 67.92493519186974 68
1774592362256 66.6871819794178 69
1774592377983 68.22343271970749 70
1774592393665 68.50932982563972 71
1774592409448 65.2619639635086 72
1774592425188 67.07383990287781 73
1774592440902 63.95189383625984 74
1774592456571 67.11368814110756 75
1774592472257 72.10038256645203 76
