1774203386443 38.584583818912506 0
1774203386940 33.276948392391205 1
1774203387419 31.41091552376747 2
1774203387879 30.111732065677643 3
1774203388354 28.31838169693947 4
1774203388818 26.39134320616722 5
1774203389296 23.444049015641212 6
1774203389766 20.49968409538269 7
1774203390229 17.142324656248093 8
1774203390690 15.300421431660652 9
1774203391165 12.393193691968918 10
1774203391689 10.197920598089695 11
1774203392191 9.193287663161755 12
1774203392672 6.790703482925892 13
1774203393143 5.5626270696520805 14
1774203393613 5.342917017638683 15
1774203394088 4.559108959510922 16
1774203394560 5.1590786427259445 17
1774203395037 3.0176018588244915 18
1774203395514 3.389854964800179 19
1774203396000 3.039816837757826 20
1774203396472 3.2749749422073364 21
1774203396976 2.573500116355717 22
