1774215204543 0.2632371049391162 0
1774215213051 0.49746887399097006 1
1774215221645 0.5831851142427145 2
1774215230191 0.6281981119168148 3
1774215238836 0.6650020522643316 4
1774215247417 0.6996853194691476 5
1774215255939 0.7298536051443426 6
1774215264471 0.741688329456834 7
1774215272885 0.7727459296757422 8
1774215281360 0.7797236284033383 9
1774215289921 0.7965521959228349 10
1774215298251 0.8062662470926255 11
1774215306874 0.8249418525106034 12
1774215315454 0.83670816801204 13
1774215323813 0.8526474209878232 14
1774215332338 0.8567519496511151 15
1774215340666 0.8781639075112875 16
1774215349407 0.8810370775755917 17
1774215357929 0.8971131481734848 18
1774215366614 0.8990285948830209 19
1774215375105 0.9073060610206595 20
1774215383627 0.908537419619647 21
1774215392068 0.9192776029552606 22
1774215400690 0.9229032699411684 23
1774215409359 0.9413052401149268 24
1774215417861 0.9411684224928171 25
1774215426374 0.9352168559310439 26
1774215434866 0.9498563414967848 27
1774215443138 0.9443152278013408 28
1774215451817 0.9560815433027774 29
1774215460346 0.9591599398002463 30
