1773960312972 41.5 0
1773960322984 106.1 1
1773960332994 94.9 2
1773960343005 182.6 3
1773960353011 95.4 4
1773960363018 109.9 5
1773960373031 96.1 6
1773960383043 110.0 7
1773960393050 86.1 8
1773960403062 105.6 9
1773960413074 130.4 10
1773960423081 119.7 11
1773960433090 103.6 12
1773960443097 83.8 13
1773960453108 89.4 14
1773960463114 94.1 15
1773960473125 98.5 16
1773960483147 91.4 17
1773960493155 82.6 18
1773960503162 119.8 19
1773960513169 92.0 20
1773960523175 102.6 21
1773960533185 103.6 22
1773960543191 117.6 23
1773960553199 74.9 24
1773960563210 108.9 25
1773960573223 88.5 26
1773960583234 83.4 27
1773960593241 74.5 28
1773960603248 102.2 29
1773960613255 135.5 30
1773960623263 139.5 31
1773960633276 115.8 32
1773960643283 122.6 33
1773960653292 98.7 34
1773960663299 90.3 35
1773960673312 81.9 36
1773960683318 105.4 37
1773960693325 159.8 38
1773960703333 80.7 39
1773960713340 106.0 40
1773960723347 82.3 41
1773960733359 109.2 42
1773960743366 82.5 43
1773960753391 178.7 44
1773960763398 99.0 45
1773960773420 134.2 46
1773960783432 108.1 47
1773960793449 152.6 48
1773960803466 90.5 49
1773960813474 85.5 50
1773960823483 89.5 51
1773960833492 135.0 52
1773960843500 117.3 53
1773960853513 101.2 54
1773960863522 114.4 55
1773960873530 141.6 56
1773960883549 101.6 57
1773960893557 101.1 58
1773960903569 106.2 59
1773960913577 89.0 60
1773960923585 109.5 61
1773960933601 117.4 62
1773960943617 96.6 63
1773960953634 93.5 64
1773960963643 76.8 65
1773960973651 74.9 66
1773960983661 107.0 67
1773960993679 92.0 68
1773961003688 95.1 69
1773961013697 99.2 70
1773961023709 119.1 71
1773961033720 88.2 72
1773961043731 111.5 73
1773961053746 121.6 74
1773961063756 156.8 75
