1773960312972 367.1 0
1773960322984 3976.3 1
1773960332994 3976.3 2
1773960343005 3976.3 3
1773960353011 3976.3 4
1773960363018 3976.3 5
1773960373031 3976.3 6
1773960383043 3976.3 7
1773960393050 3976.3 8
1773960403062 3976.3 9
1773960413074 3976.3 10
1773960423081 3976.3 11
1773960433090 3976.3 12
1773960443097 3976.3 13
1773960453108 3934.4 14
1773960463114 3953.8 15
1773960473125 3953.8 16
1773960483147 3953.8 17
1773960493155 3953.8 18
1773960503162 3953.8 19
1773960513169 3953.8 20
1773960523175 3953.8 21
1773960533185 3953.8 22
1773960543191 3953.8 23
1773960553199 3953.8 24
1773960563210 3953.8 25
1773960573223 3974.8 26
1773960583234 3995.7 27
1773960593241 3995.7 28
1773960603248 3995.7 29
1773960613255 3995.7 30
1773960623263 3995.7 31
1773960633276 3995.7 32
1773960643283 3995.7 33
1773960653292 3995.7 34
1773960663299 3995.7 35
1773960673312 3995.7 36
1773960683318 3995.7 37
1773960693325 3995.7 38
1773960703333 3995.7 39
1773960713340 3995.7 40
1773960723347 3995.7 41
1773960733359 3995.7 42
1773960743366 3995.7 43
1773960753391 3952.7 44
1773960763398 3952.7 45
1773960773420 3952.7 46
1773960783432 3952.7 47
1773960793449 3952.7 48
1773960803466 3952.7 49
1773960813474 3952.7 50
1773960823483 3952.7 51
1773960833492 3952.7 52
1773960843500 3952.7 53
1773960853513 3952.7 54
1773960863522 3952.7 55
1773960873530 3973.7 56
1773960883549 3994.7 57
1773960893557 3994.7 58
1773960903569 3994.7 59
1773960913577 3994.7 60
1773960923585 3994.7 61
1773960933601 3994.7 62
1773960943617 3994.7 63
1773960953634 3994.7 64
1773960963643 3994.7 65
1773960973651 3994.7 66
1773960983661 3994.7 67
1773960993679 3994.7 68
1773961003688 3994.7 69
1773961013697 3994.7 70
1773961023709 3994.7 71
1773961033720 3994.7 72
1773961043731 3994.7 73
1773961053746 3933.3 74
1773961063756 3933.3 75
