1774136347501 0.5023524667293991 0
1774136348061 0.5010082000268853 1
1774136348400 0.5046377201236726 2
1774136348914 0.512972173679258 3
1774136349329 0.6694448178518618 4
1774136349661 0.6853071649415244 5
1774136350146 0.7205269525473854 6
1774136350556 0.7233499126226643 7
1774136351062 0.7479499932786665 8
1774136351396 0.761661513644307 9
1774136351840 0.773759913966931 10
1774136352339 0.7876058610028229 11
1774136352699 0.7979567146121791 12
1774136353059 0.8105928216158086 13
1774136353507 0.8162387417663665 14
1774136354130 0.823901061970695 15
1774136354464 0.8298158354617556 16
1774136354962 0.8380158623470897 17
1774136355388 0.8439306358381503 18
1774136355741 0.8490388493077027 19
1774136356253 0.8529372227449926 20
1774136356717 0.8585831428955505 21
1774136357081 0.8644979163866111 22
1774136357429 0.8671864497916386 23
1774136357926 0.8698749831966662 24
