1774568355179 0.05554795457654946 0
1774568356516 0.6673963606512519 1
1774568357862 0.7104939116158161 2
1774568359177 0.7216445478177589 3
1774568360487 0.7387467505814749 4
1774568361799 0.7494185251060337 5
1774568363109 0.7499657955944725 6
1774568364430 0.7596114379532084 7
1774568365750 0.764331645915994 8
1774568367073 0.7738404706526201 9
1774568368398 0.7762347790395403 10
1774568369721 0.7819811191681488 11
1774568371049 0.7833492953892461 12
1774568372375 0.7865645095088247 13
1774568373702 0.7845122451771788 14
1774568375033 0.7924476672595431 15
1774568376364 0.7946367492132986 16
1774568377739 0.7970994664112738 17
1774568379113 0.7989465043097551 18
1774568380481 0.8049664796825832 19
1774568381849 0.8063346559036804 20
1774568383215 0.8113969079217404 21
1774568384589 0.8167327951840198 22
1774568385958 0.8169380216171843 23
1774568387294 0.8214530031468054 24
1774568388667 0.8235052674784512 25
1774568390039 0.826104802298536 26
1774568391411 0.8300041045286632 27
1774568392780 0.8336981803256259 28
1774568394152 0.8334245450814065 29
1774568395529 0.8404022438090026 30
1774568396900 0.8425229169517033 31
1774568398279 0.8453960870160077 32
1774568399652 0.8486797099466411 33
1774568401026 0.8524421945546586 34
1774568402400 0.8567519496511151 35
1774568403773 0.8583937611164318 36
1774568405148 0.8629771514571076 37
1774568406526 0.8691339444520454 38
1774568407907 0.8684498563414967 39
1774568409290 0.8701600766178684 40
1774568410669 0.8721439321384594 41
1774568412052 0.875359146258038 42
1774568413432 0.8772745929675743 43
1774568414818 0.8802161718429333 44
1774568416205 0.8834997947735669 45
1774568417590 0.886441373648926 46
1774568418937 0.892461349021754 47
1774568420322 0.8914352168559311 48
1774568421705 0.8944452045423451 49
1774568423089 0.8986865508277466 50
1774568424477 0.9018333561362704 51
1774568425829 0.906006293610617 52
1774568427180 0.9079901491312081 53
1774568428531 0.9094267341633603 54
1774568429884 0.9120946777944999 55
1774568431239 0.9135312628266521 56
1774568432591 0.9161992064577917 57
1774568433946 0.9220823642085101 58
1774568435303 0.9233137228074976 59
1774568436655 0.9255712135723081 60
1774568438012 0.9272130250376248 61
1774568439369 0.9297441510466548 62
1774568440727 0.9306334655903681 63
1774568442123 0.9337802708988918 64
1774568443481 0.9348748118757696 65
1774568444841 0.9393213845943358 66
1774568446204 0.9393897934053906 67
1774568447571 0.9412368313038719 68
1774568448969 0.9429470515802435 69
1774568450330 0.9445204542345054 70
1774568451691 0.9484881652756875 71
1774568453053 0.9512929265289369 72
1774568454420 0.9506088384183883 73
1774568455821 0.9542345054042961 74
1774568457219 0.9524558763168696 75
1774568458583 0.9564235873580517 76
1774568459946 0.9562183609248871 77
1774568461310 0.9609385688876727 78
1774568462673 0.9640169653851416 79
1774568464037 0.9636065125188125 80
1774568465401 0.9629224244082638 81
1774568466763 0.9679162676152688 82
1774568468132 0.9683267204815981 83
1774568469500 0.9677794499931591 84
1774568470871 0.9683951292926529 85
1774568472241 0.9715419346011767 86
1774568473610 0.9720892050896155 87
1774568474984 0.9734573813107128 88
1774568476354 0.9744835134765357 89
