1774568355176 3.2285497188568115 0
1774568356512 1.983796238899231 1
1774568357858 1.8071892261505127 2
1774568359173 1.715639352798462 3
1774568360483 1.619240164756775 4
1774568361795 1.5514914989471436 5
1774568363105 1.5055809020996094 6
1774568364425 1.4512308835983276 7
1774568365745 1.408740520477295 8
1774568367068 1.3606996536254883 9
1774568368393 1.3187166452407837 10
1774568369716 1.2832984924316406 11
1774568371044 1.2611509561538696 12
1774568372370 1.2270163297653198 13
1774568373697 1.2000823020935059 14
1774568375027 1.1636215448379517 15
1774568376358 1.14376962184906 16
1774568377733 1.1170483827590942 17
1774568379108 1.0923645496368408 18
1774568380475 1.0635586977005005 19
1774568381843 1.0445523262023926 20
1774568383209 1.0217571258544922 21
1774568384583 1.0002989768981934 22
1774568385952 0.980897843837738 23
1774568387288 0.9573569297790527 24
1774568388661 0.9433645009994507 25
1774568390034 0.9252097010612488 26
1774568391405 0.9052481651306152 27
1774568392774 0.8886241912841797 28
1774568394146 0.8687828183174133 29
1774568395523 0.8535957336425781 30
1774568396894 0.8312383890151978 31
1774568398273 0.8203936815261841 32
1774568399646 0.7990293502807617 33
1774568401021 0.7815901637077332 34
1774568402394 0.7663458585739136 35
1774568403767 0.7550265789031982 36
1774568405142 0.7321541905403137 37
1774568406520 0.7211591601371765 38
1774568407900 0.7028915882110596 39
1774568409283 0.6857315301895142 40
1774568410663 0.6797810792922974 41
1774568412046 0.6621214747428894 42
1774568413426 0.6484395265579224 43
1774568414811 0.6317117214202881 44
1774568416199 0.6173756122589111 45
1774568417583 0.6032253503799438 46
1774568418931 0.587065577507019 47
1774568420315 0.5787549018859863 48
1774568421698 0.5642296075820923 49
1774568423083 0.546966016292572 50
1774568424470 0.5347868800163269 51
1774568425822 0.5243180394172668 52
1774568427173 0.5085538029670715 53
1774568428524 0.49715161323547363 54
1774568429877 0.4872506558895111 55
1774568431232 0.47365081310272217 56
1774568432584 0.4594198763370514 57
1774568433939 0.44837644696235657 58
1774568435296 0.4357701241970062 59
1774568436648 0.42615413665771484 60
1774568438005 0.41391006112098694 61
1774568439362 0.40154922008514404 62
1774568440720 0.3943219780921936 63
1774568442116 0.38050180673599243 64
1774568443473 0.37179112434387207 65
1774568444833 0.36260759830474854 66
1774568446196 0.35257378220558167 67
1774568447563 0.3466847836971283 68
1774568448962 0.33892950415611267 69
1774568450322 0.3317243456840515 70
1774568451683 0.31555116176605225 71
1774568453045 0.30686047673225403 72
1774568454413 0.2988026440143585 73
1774568455813 0.29574182629585266 74
1774568457212 0.28666117787361145 75
1774568458575 0.27671051025390625 76
1774568459938 0.26765966415405273 77
1774568461303 0.25984665751457214 78
1774568462665 0.25507932901382446 79
1774568464029 0.24544090032577515 80
1774568465393 0.24022167921066284 81
1774568466755 0.22983963787555695 82
1774568468124 0.2209458351135254 83
1774568469492 0.22068312764167786 84
1774568470863 0.21459554135799408 85
1774568472232 0.20716699957847595 86
1774568473602 0.20248562097549438 87
1774568474975 0.1962372064590454 88
1774568476345 0.18676121532917023 89
