1774387968260 0.06875085511013819 0
1774387970396 0.15118347243124913 1
1774387972766 0.22369681214940484 2
1774387974859 0.31529621015186754 3
1774387977055 0.41831987960049255 4
1774387979371 0.48857572855383774 5
1774387981701 0.5582158982076891 6
1774387983845 0.6142427144616227 7
1774387986269 0.6589820768915037 8
1774387988454 0.7061157477083049 9
1774387990596 0.7410042413462854 10
1774387992996 0.7782186345601313 11
1774387995204 0.8028458065398824 12
1774387997576 0.8215898207689151 13
1774387999960 0.8399917909426734 14
1774388002121 0.8594198932822548 15
1774388004289 0.8765220960459708 16
1774388006684 0.886441373648926 17
1774388008894 0.8963606512518812 18
1774388011072 0.9140101245040361 19
1774388013238 0.9174989738678342 20
1774388015769 0.92714461622657 21
1774388017936 0.9367218497742509 22
1774388020324 0.9406211520043781 23
1774388022502 0.9397318374606649 24
1774388024682 0.9464359009440416 25
1774388026877 0.9516349705842112 26
1774388029272 0.954302914215351 27
1774388031634 0.9573813107128198 28
1774388033804 0.9627171979750992 29
1774388036169 0.9640853741961964 30
1774388038361 0.9673689971268299 31
1774388040541 0.9716103434122315 32
1774388042910 0.9706526200574634 33
1774388045108 0.9719523874675058 34
1774388047268 0.974346695854426 35
1774388049800 0.9749623751539198 36
1774388051953 0.9780407716513887 37
