1774713454838 292.1767247915268 0
1774713470193 196.84763967990875 1
1774713485282 165.5147123336792 2
1774713500488 157.03596103191376 3
1774713515768 143.5622918009758 4
1774713531043 136.27641528844833 5
1774713546404 131.34949243068695 6
1774713561689 127.9621667265892 7
1774713577057 122.98702245950699 8
1774713592373 118.7045266032219 9
1774713607557 114.73352992534637 10
1774713622898 113.59973061084747 11
1774713638298 111.81080877780914 12
1774713653634 108.10408180952072 13
1774713668937 105.85244023799896 14
1774713684242 103.33090496063232 15
1774713699634 101.03656017780304 16
1774713714997 103.43569898605347 17
1774713730329 99.68517738580704 18
1774713745655 97.63032722473145 19
1774713760873 96.56800413131714 20
1774713776195 93.4040515422821 21
1774713791459 91.53367751836777 22
1774713806754 91.12124037742615 23
1774713822047 89.76940470933914 24
1774713837369 89.44997048377991 25
1774713852689 87.7423866391182 26
1774713868089 89.4217843413353 27
1774713883388 87.33813881874084 28
1774713898811 84.85280132293701 29
1774713913948 83.33128443360329 30
1774713929283 82.39142245054245 31
1774713944552 83.58572140336037 32
1774713959810 83.17365318536758 33
1774713975100 79.58669540286064 34
1774713990355 79.80525091290474 35
1774714005621 78.75329366326332 36
1774714021036 76.6195479631424 37
1774714036214 76.61453929543495 38
1774714051466 75.20649981498718 39
1774714066687 74.56187596917152 40
1774714081927 72.72464713454247 41
1774714097180 73.31167560815811 42
1774714112376 75.48130956292152 43
1774714127570 74.7638700902462 44
1774714142905 72.16613367199898 45
1774714158206 71.39651191234589 46
1774714173403 69.77127009630203 47
1774714188709 67.58655098080635 48
1774714203929 69.58373749256134 49
1774714219228 67.35474708676338 50
1774714234431 76.42285624146461 51
1774714249809 68.65538516640663 52
1774714265116 67.06765347719193 53
1774714280353 65.2156591117382 54
1774714295736 71.99257063865662 55
1774714310924 67.8763097524643 56
1774714326290 64.22221472859383 57
1774714341651 65.99766790866852 58
1774714356918 66.75849977135658 59
1774714372281 63.1052260696888 60
1774714387698 62.35317066311836 61
1774714402936 62.07134011387825 62
1774714418267 60.91951733827591 63
1774714433508 60.96639907360077 64
1774714448925 60.36324352025986 65
1774714464219 60.24151602387428 66
1774714479508 58.64176255464554 67
1774714494887 63.861753940582275 68
1774714510182 62.24181371927261 69
1774714525455 57.758043974637985 70
1774714540800 57.47019511461258 71
1774714556174 57.41802221536636 72
1774714571448 56.495414435863495 73
1774714586653 56.4350600540638 74
1774714602000 55.247705191373825 75
1774714617372 57.66989240050316 76
1774714632639 56.39595651626587 77
1774714648033 53.44407247006893 78
1774714663179 52.76422333717346 79
1774714678579 54.92448824644089 80
1774714693781 52.79398596286774 81
1774714709178 55.77356097102165 82
1774714724485 51.080182522535324 83
1774714739796 52.112193524837494 84
1774714755034 54.4439160823822 85
1774714770383 51.935034826397896 86
1774714785716 50.367594838142395 87
1774714801108 51.78138756752014 88
1774714816421 53.72307875752449 89
