1774713454843 0.21849774250923518 0
1774713470198 0.4493090710083459 1
1774713485288 0.5345464495827063 2
1774713500493 0.5632781502257491 3
1774713515774 0.6011766315501437 4
1774713531048 0.6234094951429744 5
1774713546409 0.6353810370775755 6
1774713561695 0.6473525790121768 7
1774713577062 0.6586400328362293 8
1774713592379 0.6719113421808729 9
1774713607562 0.6871665070461075 10
1774713622904 0.6880558215898208 11
1774713638303 0.6960596524832399 12
1774713653640 0.7011903133123546 13
1774713668943 0.7114516349705842 14
1774713684248 0.7108359556710905 15
1774713699640 0.7253386236147216 16
1774713715003 0.716582295799699 17
1774713730336 0.7299220139553975 18
1774713745662 0.7307429196880558 19
1774713760879 0.7371049391161582 20
1774713776202 0.7419619647010535 21
1774713791466 0.7470926255301683 22
1774713806760 0.7498289779723628 23
1774713822054 0.7560541797783554 24
1774713837376 0.7485292105623205 25
1774713852696 0.758311670543166 26
1774713868096 0.7524969216035026 27
1774713883395 0.7597482555753181 28
1774713898819 0.7656314133260363 29
1774713913955 0.7699411684224928 30
1774713929291 0.772882747297852 31
1774713944559 0.7679573129019017 32
1774713959817 0.7690518538787796 33
1774713975107 0.779381584348064 34
1774713990362 0.7798604460254481 35
1774714005629 0.77890272267068 36
1774714021044 0.7882747297851963 37
1774714036222 0.7838281570666302 38
1774714051473 0.7886167738404707 39
1774714066695 0.792926528936927 40
1774714081935 0.79395266110275 41
1774714097188 0.795526063757012 42
1774714112384 0.7942947051580244 43
1774714127578 0.7890272267067998 44
1774714142914 0.8006567245861267 45
1774714158214 0.8001778629087426 46
1774714173411 0.8081132849911069 47
1774714188717 0.8124230400875633 48
1774714203938 0.8045560268162539 49
1774714219236 0.8149541660965932 50
1774714234439 0.7864961006977699 51
1774714249818 0.8109864550554111 52
1774714265125 0.8126966753317827 53
1774714280362 0.8133123546312765 54
1774714295745 0.8037351210835956 55
1774714310933 0.8083185114242715 56
1774714326299 0.818100971405117 57
1774714341659 0.8154330277739773 58
1774714356927 0.817622109727733 59
1774714372290 0.8218634560131345 60
1774714387707 0.8252838965658776 61
1774714402945 0.827130934464359 62
1774714418276 0.8302093309618279 63
1774714433517 0.8292516076070597 64
1774714448934 0.8291831987960049 65
1774714464229 0.8328088657819127 66
1774714479517 0.8380079354220824 67
1774714494896 0.8212477767136407 68
1774714510192 0.8271993432754139 69
1774714525465 0.8357504446572719 70
1774714540809 0.8360240799014913 71
1774714556183 0.8402654261868928 72
1774714571458 0.8433438226843617 73
1774714586663 0.8435490491175264 74
1774714602009 0.845259269393898 75
1774714617382 0.8380079354220824 76
1774714632649 0.8395813380763443 77
1774714648043 0.8506635654672322 78
1774714663189 0.8516212888220003 79
1774714678589 0.8456013134491722 80
1774714693791 0.8554521822410727 81
1774714709188 0.8456013134491722 82
1774714724495 0.8557942262963469 83
1774714739807 0.8555205910521275 84
1774714755045 0.8468326720481598 85
1774714770394 0.8523053769325489 86
1774714785727 0.8595567109043645 87
1774714801119 0.8551785469968531 88
1774714816432 0.8497058421124641 89
