1774131581135 26.9 0
1774131591145 88.0 1
1774131601152 62.6 2
1774131611159 75.7 3
1774131621171 75.3 4
1774131631178 74.7 5
1774131641184 77.0 6
1774131651208 99.8 7
1774131661215 56.2 8
1774131671222 59.0 9
1774131681236 59.8 10
1774131691260 54.0 11
1774131701292 83.5 12
1774131711303 51.5 13
1774131721309 75.1 14
1774131731316 65.2 15
1774131741327 75.3 16
1774131751335 90.4 17
1774131761344 80.8 18
1774131771360 76.4 19
1774131781398 63.6 20
1774131791415 33.9 21
1774131801425 75.5 22
1774131811439 64.9 23
1774131821446 77.8 24
1774131831453 70.9 25
1774131841468 69.5 26
1774131851475 71.6 27
1774131861483 68.2 28
1774131871495 73.6 29
1774131881528 67.5 30
1774131891536 62.9 31
1774131901543 72.1 32
1774131911550 56.3 33
1774131921564 75.6 34
1774131931572 54.9 35
1774131941588 56.6 36
1774131951595 81.3 37
1774131961603 62.9 38
1774131971610 60.7 39
1774131981617 72.1 40
1774131991625 54.1 41
1774132001632 48.9 42
1774132011640 74.4 43
1774132021649 58.9 44
1774132031671 78.1 45
1774132041678 75.5 46
1774132051687 57.2 47
1774132061695 64.5 48
1774132071718 101.7 49
1774132081730 77.4 50
1774132091745 125.4 51
1774132101753 76.3 52
1774132111764 71.5 53
1774132121780 85.3 54
1774132131795 54.9 55
1774132141803 74.9 56
1774132151811 59.6 57
1774132161821 116.7 58
1774132171829 63.7 59
1774132181837 53.5 60
1774132191865 83.4 61
1774132201890 90.8 62
1774132211901 73.8 63
1774132221910 57.5 64
1774132231919 54.0 65
1774132241927 91.6 66
1774132251942 97.5 67
1774132261957 109.0 68
1774132271968 54.0 69
1774132281981 68.7 70
1774132291989 104.5 71
1774132301998 55.4 72
1774132312008 70.2 73
1774132322016 53.4 74
1774132332024 50.6 75
1774132342034 75.6 76
1774132352045 57.3 77
1774132362064 78.4 78
1774132372084 98.4 79
1774132382093 52.8 80
1774132392103 70.3 81
1774132402112 106.4 82
1774132412120 65.4 83
1774132422134 75.8 84
1774132432144 56.6 85
