1774205845308 239.7 0
1774205855323 1166.6 1
1774205865332 1166.6 2
1774205875342 1166.6 3
1774205885351 1284.0 4
1774205895358 1403.6 5
1774205905368 1403.6 6
1774205915378 1403.6 7
1774205925388 1403.6 8
1774205935401 1403.6 9
1774205945409 1403.6 10
1774205955421 1403.6 11
1774205965430 1529.4 12
1774205975441 1529.4 13
1774205985454 1529.4 14
1774205995465 1529.4 15
1774206005479 1529.4 16
1774206015493 1529.4 17
1774206025504 1529.4 18
1774206035515 1529.4 19
1774206045524 1529.4 20
1774206055535 1529.4 21
1774206065544 1529.4 22
1774206075551 1529.4 23
1774206085566 1529.4 24
1774206095583 1529.4 25
1774206105597 1529.4 26
1774206115605 1529.4 27
