1774205845308 2.8 0
1774205855323 13.6 1
1774205865332 13.6 2
1774205875342 13.6 3
1774205885351 14.9 4
1774205895358 16.3 5
1774205905368 16.3 6
1774205915378 16.3 7
1774205925388 16.3 8
1774205935401 16.3 9
1774205945409 16.3 10
1774205955421 16.3 11
1774205965430 17.8 12
1774205975441 17.8 13
1774205985454 17.8 14
1774205995465 17.8 15
1774206005479 17.8 16
1774206015493 17.8 17
1774206025504 17.8 18
1774206035515 17.8 19
1774206045524 17.8 20
1774206055535 17.8 21
1774206065544 17.8 22
1774206075551 17.8 23
1774206085566 17.8 24
1774206095583 17.8 25
1774206105597 17.8 26
1774206115605 17.8 27
