1774205845308 33.8 0
1774205855323 66.4 1
1774205865332 77.3 2
1774205875342 65.7 3
1774205885351 55.0 4
1774205895358 42.6 5
1774205905368 78.7 6
1774205915378 69.1 7
1774205925388 54.4 8
1774205935401 60.3 9
1774205945409 58.8 10
1774205955421 73.4 11
1774205965430 72.9 12
1774205975441 60.9 13
1774205985454 68.0 14
1774205995465 82.2 15
1774206005479 52.3 16
1774206015493 54.5 17
1774206025504 56.3 18
1774206035515 54.4 19
1774206045524 59.6 20
1774206055535 69.1 21
1774206065544 70.4 22
1774206075551 57.2 23
1774206085566 58.1 24
1774206095583 61.6 25
1774206105597 79.6 26
1774206115605 66.3 27
