1774205845308 5547.0 0
1774205855323 6147.3 1
1774205865332 6166.9 2
1774205875342 6181.9 3
1774205885351 6186.7 4
1774205895358 6232.9 5
1774205905368 6178.7 6
1774205915378 6182.7 7
1774205925388 6181.4 8
1774205935401 6207.3 9
1774205945409 6361.9 10
1774205955421 6284.6 11
1774205965430 6200.9 12
1774205975441 6179.0 13
1774205985454 6170.8 14
1774205995465 6196.5 15
1774206005479 6190.8 16
1774206015493 6191.1 17
1774206025504 6184.5 18
1774206035515 6181.5 19
1774206045524 6187.4 20
1774206055535 6190.6 21
1774206065544 6203.1 22
1774206075551 6248.8 23
1774206085566 6193.4 24
1774206095583 6193.1 25
1774206105597 6196.6 26
1774206115605 6211.5 27
