1774353255853 0.05277534965034965 0
1774353256726 0.7214816433566433 1
1774353257607 0.7497814685314685 2
1774353258450 0.765625 3
1774353259297 0.7807036713286714 4
1774353260149 0.7823426573426573 5
1774353261004 0.7883522727272727 6
1774353261857 0.7905375874125874 7
1774353262707 0.7960008741258742 8
1774353263555 0.7964379370629371 9
1774353264438 0.802666083916084 10
1774353265329 0.8072552447552448 11
1774353266222 0.8094405594405595 12
1774353267116 0.8131555944055944 13
1774353267981 0.8167613636363636 14
1774353268844 0.8225524475524476 15
1774353269707 0.8265952797202797 16
1774353270573 0.8279064685314685 17
1774353271438 0.8348994755244755 18
1774353272304 0.8376311188811189 19
1774353273204 0.8411276223776224 20
1774353274104 0.845388986013986 21
1774353275004 0.8473557692307693 22
1774353275903 0.8475743006993007 23
1774353276807 0.8526005244755245 24
1774353277709 0.8545673076923077 25
1774353278611 0.8598120629370629 26
1774353279514 0.861451048951049 27
1774353280419 0.8623251748251748 28
1774353281327 0.8718312937062938 29
1774353282244 0.8743444055944056 30
1774353283159 0.8748907342657343 31
1774353284067 0.881993006993007 32
1774353284973 0.8840690559440559 33
1774353285884 0.8875655594405595 34
1774353286761 0.8929195804195804 35
1774353287670 0.8933566433566433 36
1774353288577 0.8966346153846154 37
1774353289486 0.9050480769230769 38
1774353290394 0.9064685314685315 39
1774353291303 0.9084353146853147 40
1774353292186 0.9089816433566433 41
1774353293098 0.9116040209790209 42
1774353294016 0.913243006993007 43
1774353294926 0.9156468531468531 44
1774353295834 0.921875 45
1774353296742 0.9282124125874126 46
1774353297653 0.9285402097902098 47
1774353298566 0.9299606643356644 48
1774353299449 0.9344405594405595 49
1774353300326 0.9385926573426573 50
1774353301207 0.9382648601398601 51
1774353302130 0.9441652097902098 52
1774353303042 0.9448208041958042 53
1774353303921 0.9465690559440559 54
1774353304801 0.9467875874125874 55
1774353305682 0.9511582167832168 56
1774353306565 0.9526879370629371 57
1774353307448 0.9560751748251748 58
1774353308332 0.9576048951048951 59
1774353309217 0.9621940559440559 60
1774353310099 0.9618662587412588 61
1774353310983 0.965034965034965 62
1774353311870 0.9677666083916084 63
1774353312762 0.970826048951049 64
1774353313657 0.9674388111888111 65
1774353314556 0.9721372377622378 66
1774353315456 0.9732298951048951 67
