1774570771360 0.8472623825073242 0
1774570771547 0.46244141459465027 1
1774570771719 0.41087958216667175 2
1774570771900 0.3808528780937195 3
1774570772096 0.3622957468032837 4
1774570772277 0.3494914472103119 5
1774570772459 0.3370131850242615 6
1774570772656 0.3271535038948059 7
1774570772854 0.31724974513053894 8
1774570773029 0.30645841360092163 9
1774570773229 0.29716816544532776 10
1774570773429 0.28816670179367065 11
1774570773608 0.27920156717300415 12
1774570773788 0.2702852487564087 13
1774570773964 0.2608582675457001 14
1774570774141 0.2524878978729248 15
1774570774317 0.2436392903327942 16
1774570774494 0.23423711955547333 17
1774570774672 0.22519075870513916 18
1774570774858 0.21671979129314423 19
1774570775059 0.2087344378232956 20
1774570775260 0.19992190599441528 21
1774570775465 0.19268599152565002 22
1774570775672 0.18429256975650787 23
1774570775879 0.17733025550842285 24
1774570776091 0.16894647479057312 25
1774570776277 0.16248290240764618 26
1774570776481 0.15485630929470062 27
1774570776665 0.1480664610862732 28
1774570776848 0.14195400476455688 29
1774570777032 0.1357429027557373 30
1774570777215 0.1306140273809433 31
1774570777422 0.12458346039056778 32
1774570777630 0.11941433697938919 33
1774570777816 0.11377518624067307 34
1774570778003 0.10839774459600449 35
1774570778190 0.1034393161535263 36
1774570778376 0.10032674670219421 37
1774570778563 0.09482713788747787 38
1774570778751 0.0919511690735817 39
1774570778939 0.08675021678209305 40
1774570779127 0.08350244909524918 41
1774570779316 0.08023424446582794 42
1774570779511 0.07806819677352905 43
1774570779706 0.07397851347923279 44
1774570779901 0.07183093577623367 45
1774570780097 0.06911654025316238 46
1774570780289 0.06612539291381836 47
