1768648813007 0.49858923113096637 0
1768648813601 0.5 1
1768648814205 0.4969433341170938 2
1768648814799 0.5014107688690336 3
1768648815385 0.6393134258170703 4
1768648815967 0.7373618622149071 5
1768648816557 0.7907359510933458 6
1768648817141 0.822125558429344 7
1768648817736 0.8378791441335528 8
1768648818323 0.861509522689866 9
1768648818930 0.8724429814248765 10
1768648819725 0.8874911826945685 11
1768648820682 0.8961909240536092 12
1768648821274 0.90265694803668 13
1768648822071 0.9181754055960498 14
1768648822698 0.9144133552786269 15
1768648823325 0.9258170703033153 16
1768648823930 0.9301669409828357 17
1768648824521 0.9356924523865506 18
1768648825111 0.9348695038796144 19
1768648825732 0.9425111685868799 20
