1768648768789 0.840779185295105 0
1768648768920 0.47774866223335266 1
1768648769043 0.45629945397377014 2
1768648769168 0.4418891370296478 3
1768648769298 0.4301641583442688 4
1768648769424 0.4180620014667511 5
1768648769562 0.40760722756385803 6
1768648769701 0.3970564603805542 7
1768648769840 0.39065632224082947 8
1768648769977 0.382291316986084 9
1768648770104 0.3752891719341278 10
1768648770227 0.3677152693271637 11
1768648770351 0.361165314912796 12
1768648770476 0.35428622364997864 13
1768648770600 0.34823790192604065 14
1768648770724 0.3420911729335785 15
1768648770850 0.3367368280887604 16
1768648770978 0.329916775226593 17
1768648771106 0.3235921263694763 18
1768648771234 0.3198167383670807 19
1768648771362 0.31339406967163086 20
1768648771490 0.30865535140037537 21
1768648771617 0.3034844994544983 22
1768648771744 0.2973706126213074 23
1768648771874 0.2933257222175598 24
