1774782656072 0.0 0
1774782666080 18.5 1
1774782676088 11.9 2
1774782686098 11.3 3
1774782696108 17.9 4
1774782706117 11.3 5
1774782716124 11.5 6
1774782726138 18.0 7
1774782736151 10.1 8
1774782746161 12.1 9
1774782756168 15.4 10
1774782766179 12.8 11
1774782776193 13.0 12
1774782786201 12.8 13
1774782796209 15.6 14
1774782806218 12.4 15
1774782816234 11.8 16
1774782826241 16.2 17
1774782836249 12.3 18
1774782846257 11.5 19
1774782856266 16.3 20
1774782866282 12.3 21
1774782876295 10.3 22
1774782886313 14.5 23
1774782896321 15.7 24
1774782906329 10.2 25
1774782916349 13.1 26
1774782926357 17.2 27
1774782936365 10.7 28
1774782946373 13.3 29
1774782956381 17.2 30
1774782966388 10.7 31
1774782976403 13.0 32
1774782986411 16.8 33
1774782996420 10.4 34
1774783006436 13.2 35
1774783016446 11.3 36
1774783026457 15.9 37
1774783036467 13.4 38
1774783046478 11.4 39
1774783056490 16.1 40
1774783066505 13.5 41
1774783076523 10.7 42
1774783086533 17.0 43
1774783096542 13.6 44
1774783106551 10.3 45
1774783116560 15.8 46
1774783126570 14.0 47
1774783136585 10.4 48
1774783146593 12.3 49
1774783156600 17.0 50
1774783166608 11.0 51
1774783176618 12.2 52
1774783186627 16.1 53
1774783196635 11.9 54
1774783206645 12.2 55
1774783216654 15.5 56
1774783226663 12.2 57
1774783236674 12.0 58
1774783246686 13.4 59
1774783256695 15.2 60
1774783266704 12.0 61
1774783276719 10.3 62
1774783286728 18.3 63
1774783296736 12.2 64
1774783306745 10.2 65
1774783316766 17.6 66
1774783326775 11.8 67
1774783336783 10.4 68
1774783346790 17.7 69
1774783356803 12.2 70
1774783366815 10.4 71
1774783376825 14.4 72
1774783386837 14.9 73
1774783396847 11.2 74
1774783406856 14.9 75
1774783416864 16.1 76
1774783426878 11.1 77
1774783436887 12.9 78
1774783446897 15.3 79
1774783456906 11.5 80
1774783466918 12.9 81
1774783476930 14.8 82
