1774782656072 3408.0 0
1774782666080 3939.9 1
1774782676088 4021.2 2
1774782686098 4030.1 3
1774782696108 4037.4 4
1774782706117 4097.5 5
1774782716124 4046.0 6
1774782726138 4034.5 7
1774782736151 4039.2 8
1774782746161 4043.8 9
1774782756168 4210.3 10
1774782766179 4051.1 11
1774782776193 4045.8 12
1774782786201 4059.9 13
1774782796209 4052.7 14
1774782806218 4057.5 15
1774782816234 4045.2 16
1774782826241 4052.9 17
1774782836249 4051.9 18
1774782846257 4099.6 19
1774782856266 4052.3 20
1774782866282 4050.1 21
1774782876295 4048.5 22
1774782886313 4155.4 23
1774782896321 4053.2 24
1774782906329 4056.2 25
1774782916349 4053.1 26
1774782926357 4051.3 27
1774782936365 4056.3 28
1774782946373 4050.3 29
1774782956381 4050.5 30
1774782966388 4060.7 31
1774782976403 4055.2 32
1774782986411 4193.2 33
1774782996420 4058.3 34
1774783006436 4055.4 35
1774783016446 4093.9 36
1774783026457 4050.4 37
1774783036467 4056.1 38
1774783046478 4056.8 39
1774783056490 4061.2 40
1774783066505 4050.1 41
1774783076523 4056.3 42
1774783086533 4069.5 43
1774783096542 4059.6 44
1774783106551 4061.9 45
1774783116560 4326.9 46
1774783126570 4057.5 47
1774783136585 4055.9 48
1774783146593 4054.9 49
1774783156600 4099.7 50
1774783166608 4064.0 51
1774783176618 4065.7 52
1774783186627 4058.1 53
1774783196635 4059.3 54
1774783206645 4059.4 55
1774783216654 4105.4 56
1774783226663 4058.8 57
1774783236674 4064.1 58
1774783246686 4294.6 59
1774783256695 4059.5 60
1774783266704 4065.4 61
1774783276719 4068.6 62
1774783286728 4057.2 63
1774783296736 4063.4 64
1774783306745 4067.5 65
1774783316766 4057.0 66
1774783326775 4067.0 67
1774783336783 4065.9 68
1774783346790 4068.0 69
1774783356803 4062.3 70
1774783366815 4061.2 71
1774783376825 4171.9 72
1774783386837 4064.6 73
1774783396847 4064.4 74
1774783406856 4054.1 75
1774783416864 4058.3 76
1774783426878 4054.2 77
1774783436887 4057.7 78
1774783446897 4104.5 79
1774783456906 4061.6 80
1774783466918 4060.5 81
1774783476930 4071.8 82
