1774718292289 0.6771810506566605 0
1774718293191 0.7292448405253283 1
1774718294153 0.7614915572232646 2
1774718295021 0.7729831144465291 3
1774718295890 0.7603189493433395 4
1774718296830 0.7714587242026266 5
1774718297749 0.7808395872420263 6
1774718298614 0.7822467166979362 7
1774718299522 0.7852954971857411 8
1774718300388 0.7910412757973734 9
1774718301271 0.7958489681050657 10
1774718302152 0.7930347091932458 11
1774718303038 0.8010084427767354 12
1774718303911 0.8026500938086304 13
1774718304878 0.7963180112570356 14
1774718305768 0.8037054409005628 15
1774718306681 0.8041744840525328 16
1774718307545 0.8033536585365854 17
1774718308459 0.8054643527204502 18
1774718309334 0.8085131332082551 19
1774718310294 0.8051125703564728 20
1774718311204 0.8094512195121951 21
1774718312138 0.81343808630394 22
1774718313031 0.8175422138836773 23
1774718313895 0.8095684803001876 24
1774718314854 0.81437617260788 25
1774718315719 0.8148452157598499 26
1774718316585 0.8144934333958724 27
1774718317452 0.8162523452157598 28
1774718318325 0.8130863039399625 29
1774718319249 0.8107410881801126 30
1774718320142 0.8228189493433395 31
1774718321041 0.8189493433395872 32
1774718321944 0.8246951219512195 33
1774718322823 0.8263367729831145 34
1774718323690 0.8170731707317073 35
1774718324635 0.8295028142589118 36
1774718325508 0.823874296435272 37
1774718326387 0.8175422138836773 38
1774718327263 0.8242260787992496 39
