1774584905754 0.5039868667917449 0
1774584906349 0.5026969981238274 1
1774584907094 0.5001172607879925 2
1774584907659 0.5012898686679175 3
1774584908218 0.5043386491557224 4
1774584908968 0.6367260787992496 5
1774584909546 0.6973499061913696 6
1774584910317 0.7204502814258912 7
1774584910915 0.763250469043152 8
1774584911705 0.750703564727955 9
1774584912446 0.7508208255159474 10
1774584913037 0.827626641651032 11
1774584913637 0.8356003752345216 12
1774584914405 0.8588180112570356 13
1774584915011 0.8728893058161351 14
1774584915594 0.8823874296435272 15
1774584916344 0.898921200750469 16
1774584916912 0.9063086303939962 17
1774584917505 0.9151031894934334 18
1774584918260 0.9228424015009381 19
1774584918875 0.9280018761726079 20
1774584919482 0.9319887429643527 21
1774584920252 0.9375 22
1774584920975 0.9404315196998124 23
1774584921725 0.9465290806754222 24
1774584922349 0.949343339587242 25
1774584922968 0.9480534709193246 26
1774584923740 0.9519230769230769 27
1774584924425 0.9550891181988743 28
