1774584905749 0.8593689253585199 0
1774584906344 0.6936618955229281 1
1774584907089 0.693161315586956 2
1774584907654 0.682471813672479 3
1774584908213 0.670415643903149 4
1774584908958 0.6442259751386088 5
1774584909541 0.6238195441006272 6
1774584910308 0.6022338059784995 7
1774584910906 0.5647819180873277 8
1774584911700 0.5652438756672571 9
1774584912441 0.5419643892020714 10
1774584913027 0.49614042759388965 11
1774584913630 0.4563738135638425 12
1774584914399 0.42473875889187684 13
1774584915005 0.4021577048368794 14
1774584915588 0.3765610939007092 15
1774584916338 0.34956898647893436 16
1774584916906 0.33388215102129537 17
1774584917499 0.3104169600788245 18
1774584918248 0.2944087289399546 19
1774584918869 0.28110002565562836 20
1774584919470 0.26540984031630727 21
1774584920245 0.2524338842109265 22
1774584920968 0.24260953784436268 23
1774584921713 0.22992576208615617 24
1774584922341 0.2179274764506052 25
1774584922961 0.21247938535338717 26
1774584923733 0.201912775020662 27
1774584924418 0.19486783042298472 28
