1774134437851 2.8 0
1774134447859 44.9 1
1774134457879 44.9 2
1774134467887 44.9 3
1774134477894 44.9 4
1774134487901 44.9 5
1774134497911 44.9 6
1774134507919 44.9 7
1774134517926 44.9 8
1774134527933 44.9 9
1774134537953 44.9 10
1774134547963 44.9 11
1774134557969 44.9 12
1774134567976 44.9 13
1774134577983 44.9 14
1774134587991 44.9 15
1774134597999 44.9 16
1774134608007 44.9 17
1774134618014 44.9 18
1774134628022 44.9 19
1774134638034 44.9 20
1774134648042 44.9 21
1774134658056 44.9 22
1774134668064 44.9 23
1774134678078 44.9 24
1774134688087 44.9 25
1774134698097 44.9 26
1774134708104 44.9 27
1774134718117 44.9 28
1774134728141 44.9 29
1774134738152 44.9 30
1774134748169 44.9 31
1774134758184 44.9 32
1774134768192 44.9 33
1774134778201 44.9 34
1774134788209 44.9 35
1774134798235 44.9 36
1774134808243 44.9 37
1774134818260 44.9 38
1774134828270 44.9 39
1774134838290 44.9 40
1774134848298 44.9 41
1774134858306 44.9 42
1774134868329 44.9 43
1774134878338 44.9 44
1774134888349 44.9 45
1774134898363 44.9 46
1774134908375 44.9 47
1774134918383 44.9 48
1774134928414 44.9 49
1774134938421 44.9 50
1774134948428 44.9 51
1774134958437 44.9 52
1774134968447 44.9 53
1774134978462 44.9 54
1774134988473 44.9 55
1774134998488 44.9 56
1774135008496 44.9 57
1774135018506 44.9 58
1774135028522 44.9 59
1774135038539 44.9 60
1774135048554 44.9 61
1774135058563 44.9 62
1774135068571 44.9 63
1774135078582 44.9 64
1774135088592 44.9 65
1774135098600 44.9 66
1774135108608 44.9 67
1774135118616 44.9 68
1774135128629 44.9 69
1774135138637 44.9 70
1774135148646 44.9 71
1774135158657 44.9 72
1774135168666 44.9 73
1774135178676 44.9 74
1774135188691 44.9 75
