1774134437851 31.9 0
1774134447859 34.9 1
1774134457879 36.3 2
1774134467887 35.3 3
1774134477894 35.3 4
1774134487901 35.5 5
1774134497911 35.5 6
1774134507919 35.5 7
1774134517926 35.7 8
1774134527933 35.5 9
1774134537953 35.8 10
1774134547963 35.6 11
1774134557969 35.7 12
1774134567976 35.7 13
1774134577983 35.9 14
1774134587991 36.2 15
1774134597999 35.7 16
1774134608007 35.8 17
1774134618014 35.8 18
1774134628022 35.8 19
1774134638034 36.0 20
1774134648042 36.1 21
1774134658056 35.7 22
1774134668064 35.8 23
1774134678078 35.8 24
1774134688087 37.4 25
1774134698097 35.8 26
1774134708104 35.8 27
1774134718117 35.8 28
1774134728141 35.9 29
1774134738152 35.9 30
1774134748169 35.7 31
1774134758184 35.4 32
1774134768192 35.3 33
1774134778201 35.4 34
1774134788209 35.4 35
1774134798235 35.5 36
1774134808243 35.5 37
1774134818260 36.4 38
1774134828270 35.2 39
1774134838290 35.3 40
1774134848298 35.5 41
1774134858306 35.5 42
1774134868329 35.5 43
1774134878338 35.4 44
1774134888349 35.5 45
1774134898363 35.4 46
1774134908375 35.5 47
1774134918383 35.8 48
1774134928414 35.5 49
1774134938421 35.4 50
1774134948428 35.7 51
1774134958437 35.5 52
1774134968447 35.6 53
1774134978462 35.6 54
1774134988473 35.6 55
1774134998488 35.6 56
1774135008496 35.5 57
1774135018506 35.6 58
1774135028522 35.7 59
1774135038539 36.2 60
1774135048554 37.1 61
1774135058563 35.6 62
1774135068571 35.7 63
1774135078582 35.3 64
1774135088592 35.4 65
1774135098600 35.4 66
1774135108608 35.6 67
1774135118616 35.3 68
1774135128629 35.3 69
1774135138637 35.2 70
1774135148646 35.4 71
1774135158657 35.4 72
1774135168666 35.6 73
1774135178676 36.0 74
1774135188691 35.7 75
