1774134437851 5314.1 0
1774134447859 5816.3 1
1774134457879 6057.8 2
1774134467887 5895.1 3
1774134477894 5893.5 4
1774134487901 5923.3 5
1774134497911 5925.0 6
1774134507919 5923.9 7
1774134517926 5950.3 8
1774134527933 5929.8 9
1774134537953 5970.6 10
1774134547963 5944.1 11
1774134557969 5954.3 12
1774134567976 5950.1 13
1774134577983 5986.7 14
1774134587991 6031.0 15
1774134597999 5948.8 16
1774134608007 5965.0 17
1774134618014 5966.3 18
1774134628022 5964.8 19
1774134638034 6013.3 20
1774134648042 6014.1 21
1774134658056 5957.0 22
1774134668064 5966.6 23
1774134678078 5971.2 24
1774134688087 6244.0 25
1774134698097 5969.1 26
1774134708104 5969.4 27
1774134718117 5971.1 28
1774134728141 5987.6 29
1774134738152 5990.8 30
1774134748169 5950.0 31
1774134758184 5900.1 32
1774134768192 5893.0 33
1774134778201 5897.3 34
1774134788209 5911.5 35
1774134798235 5923.6 36
1774134808243 5918.9 37
1774134818260 6078.2 38
1774134828270 5877.3 39
1774134838290 5894.4 40
1774134848298 5915.5 41
1774134858306 5920.7 42
1774134868329 5927.4 43
1774134878338 5910.0 44
1774134888349 5913.6 45
1774134898363 5900.8 46
1774134908375 5926.7 47
1774134918383 5964.6 48
1774134928414 5924.8 49
1774134938421 5901.6 50
1774134948428 5952.2 51
1774134958437 5922.5 52
1774134968447 5935.8 53
1774134978462 5940.2 54
1774134988473 5942.0 55
1774134998488 5931.6 56
1774135008496 5924.3 57
1774135018506 5937.8 58
1774135028522 5948.4 59
1774135038539 6030.8 60
1774135048554 6184.3 61
1774135058563 5936.5 62
1774135068571 5947.6 63
1774135078582 5880.9 64
1774135088592 5902.4 65
1774135098600 5911.7 66
1774135108608 5946.6 67
1774135118616 5895.3 68
1774135128629 5891.6 69
1774135138637 5878.4 70
1774135148646 5908.0 71
1774135158657 5909.9 72
1774135168666 5930.7 73
1774135178676 6007.2 74
1774135188691 5953.0 75
