1767461850270 0.845339298248291 0
1767461858246 0.46940743923187256 1
1767461866288 0.4456343352794647 2
1767461874302 0.4288923740386963 3
1767461882355 0.4168678820133209 4
1767461890326 0.4056607484817505 5
1767461898536 0.3953136205673218 6
1767461906075 0.38592928647994995 7
1767461913735 0.37872400879859924 8
1767461921326 0.3696404695510864 9
1767461928850 0.3627427816390991 10
1767461936437 0.3559877276420593 11
1767461944579 0.3484015166759491 12
1767461952453 0.3428986370563507 13
1767461960096 0.3359832763671875 14
1767461968123 0.3297193646430969 15
