1774354072183 0.4878048780487805 0
1774354072401 0.5159474671669794 1
1774354072604 0.4924953095684803 2
1774354072822 0.50187617260788 3
1774354073042 0.50187617260788 4
1774354073272 0.49906191369606 5
1774354073477 0.5028142589118199 6
1774354073680 0.50187617260788 7
1774354073900 0.5121951219512195 8
1774354074118 0.5722326454033771 9
1774354074350 0.5609756097560976 10
1774354074591 0.6088180112570356 11
1774354075153 0.7814258911819888 12
1774354075381 0.8133208255159474 13
1774354075606 0.8123827392120075 14
1774354075815 0.7185741088180112 15
1774354076036 0.8667917448405253 16
1774354076239 0.850844277673546 17
1774354076451 0.8639774859287055 18
1774354076681 0.8921200750469043 19
1774354076907 0.9315196998123827 20
1774354077131 0.8977485928705441 21
1774354077368 0.8968105065666041 22
1774354077594 0.926829268292683 23
1774354077813 0.9418386491557224 24
1774354078046 0.9409005628517824 25
1774354078573 0.9352720450281425 26
1774354078802 0.9530956848030019 27
1774354079023 0.9549718574108818 28
