1774205253010 22.1 0
1774205263018 62.6 1
1774205273031 65.6 2
1774205283045 57.7 3
1774205293052 44.9 4
1774205303060 77.6 5
1774205313068 72.7 6
1774205323079 60.1 7
1774205333086 84.9 8
1774205343098 71.5 9
1774205353107 60.3 10
1774205363114 59.8 11
1774205373124 64.1 12
1774205383140 58.2 13
1774205393151 76.8 14
1774205403159 76.3 15
1774205413170 86.7 16
1774205423178 79.9 17
1774205433188 65.3 18
1774205443196 65.9 19
1774205453207 66.0 20
1774205463229 72.8 21
1774205473239 58.9 22
1774205483255 73.9 23
1774205493262 73.7 24
1774205503273 62.1 25
1774205513280 41.5 26
1774205523291 49.9 27
1774205533298 76.0 28
1774205543306 60.2 29
1774205553313 68.2 30
1774205563323 61.9 31
1774205573332 48.0 32
1774205583356 88.5 33
1774205593364 85.6 34
1774205603371 61.6 35
1774205613381 79.2 36
1774205623391 104.9 37
1774205633399 72.3 38
1774205643407 54.4 39
1774205653416 52.9 40
1774205663427 69.2 41
1774205673442 59.4 42
1774205683455 54.2 43
1774205693463 73.7 44
1774205703479 78.4 45
1774205713493 61.8 46
1774205723501 59.1 47
1774205733509 95.3 48
1774205743520 65.6 49
1774205753529 62.0 50
1774205763541 66.2 51
1774205773549 59.1 52
1774205783557 68.4 53
1774205793564 47.2 54
1774205803572 59.4 55
1774205813580 62.0 56
1774205823595 63.6 57
