1774205253010 2.8 0
1774205263018 21.8 1
1774205273031 21.8 2
1774205283045 21.8 3
1774205293052 21.8 4
1774205303060 21.8 5
1774205313068 25.8 6
1774205323079 25.8 7
1774205333086 25.8 8
1774205343098 25.8 9
1774205353107 25.8 10
1774205363114 25.8 11
1774205373124 25.8 12
1774205383140 25.8 13
1774205393151 25.8 14
1774205403159 25.8 15
1774205413170 25.8 16
1774205423178 25.8 17
1774205433188 25.8 18
1774205443196 29.9 19
1774205453207 29.9 20
1774205463229 29.9 21
1774205473239 29.9 22
1774205483255 29.9 23
1774205493262 29.9 24
1774205503273 29.9 25
1774205513280 29.9 26
1774205523291 29.9 27
1774205533298 29.9 28
1774205543306 29.9 29
1774205553313 29.9 30
1774205563323 29.9 31
1774205573332 29.9 32
1774205583356 29.9 33
1774205593364 29.9 34
1774205603371 29.9 35
1774205613381 29.9 36
1774205623391 29.9 37
1774205633399 29.9 38
1774205643407 29.9 39
1774205653416 29.9 40
1774205663427 29.9 41
1774205673442 29.9 42
1774205683455 29.9 43
1774205693463 29.9 44
1774205703479 29.9 45
1774205713493 29.9 46
1774205723501 29.9 47
1774205733509 29.9 48
1774205743520 29.9 49
1774205753529 29.9 50
1774205763541 29.9 51
1774205773549 29.9 52
1774205783557 29.9 53
1774205793564 29.9 54
1774205803572 29.9 55
1774205813580 29.9 56
1774205823595 29.9 57
