1774364407180 0.6024859287054409 0
1774364407825 0.7081378986866792 1
1774364408397 0.750703564727955 2
1774364409061 0.7439024390243902 3
1774364409705 0.763484990619137 4
1774364410282 0.7660647279549718 5
1774364411133 0.7687617260787992 6
1774364411848 0.7696998123827392 7
1774364412569 0.7770872420262664 8
1774364413179 0.7851782363977486 9
1774364413807 0.7852954971857411 10
1774364414521 0.7937382739212008 11
1774364415116 0.7980769230769231 12
1774364415767 0.8007739212007504 13
1774364416368 0.8042917448405253 14
1774364416988 0.8049953095684803 15
1774364417620 0.8185975609756098 16
1774364418219 0.8120309568480301 17
1774364418857 0.8202392120075047 18
1774364419469 0.8258677298311444 19
1774364420133 0.8332551594746717 20
1774364420724 0.8282129455909943 21
1774364421406 0.8397045028142589 22
1774364422094 0.8394699812382739 23
1774364422679 0.8397045028142589 24
1774364423267 0.8466228893058161 25
1774364423861 0.8484990619136961 26
1774364424450 0.8547138836772983 27
1774364425033 0.8592870544090057 28
1774364425675 0.851078799249531 29
1774364426275 0.862453095684803 30
1774364426855 0.862218574108818 31
1774364427443 0.8718339587242027 32
1774364428060 0.8754690431519699 33
1774364428659 0.8726547842401501 34
1774364429363 0.8793386491557224 35
1774364429952 0.8792213883677298 36
1774364430559 0.8810975609756098 37
1774364431144 0.8861397748592871 38
1774364431810 0.8842636022514071 39
1774364432441 0.8920028142589118 40
1774364433034 0.8898921200750469 41
1774364433633 0.8929409005628518 42
1774364434288 0.8973968105065666 43
1774364434935 0.8984521575984991 44
1774364435536 0.8954033771106942 45
1774364436119 0.8997420262664165 46
1774364436714 0.9009146341463414 47
1774364437293 0.8959896810506567 48
1774364437963 0.8985694183864915 49
