1768606201044 0.0 0
1768606211058 15.8 1
1768606221078 12.5 2
1768606231091 13.9 3
1768606241097 17.8 4
1768606251108 12.0 5
1768606261116 11.3 6
1768606271130 20.5 7
1768606281137 12.4 8
1768606291170 11.5 9
1768606301184 20.0 10
1768606311191 12.0 11
1768606321198 11.6 12
1768606331212 20.3 13
1768606341219 12.1 14
1768606351228 11.4 15
1768606361235 15.3 16
1768606371243 16.9 17
1768606381251 11.4 18
1768606391259 14.9 19
1768606401268 16.7 20
1768606411283 11.6 21
1768606421299 15.1 22
1768606431308 17.6 23
1768606441337 12.0 24
1768606451345 14.9 25
1768606461353 15.3 26
1768606471374 13.6 27
1768606481382 14.9 28
1768606491393 12.5 29
1768606501401 16.4 30
1768606511410 14.6 31
1768606521425 12.9 32
1768606531442 16.0 33
1768606541454 14.7 34
1768606551462 13.3 35
1768606561470 16.4 36
1768606571477 14.3 37
1768606581486 13.2 38
1768606591495 12.7 39
1768606601505 19.0 40
