1768606201044 338.8 0
1768606211058 3941.7 1
1768606221078 3941.7 2
1768606231091 3941.7 3
1768606241097 3941.7 4
1768606251108 3941.7 5
1768606261116 3941.7 6
1768606271130 3941.7 7
1768606281137 3941.7 8
1768606291170 3941.7 9
1768606301184 3941.7 10
1768606311191 3941.7 11
1768606321198 3941.7 12
1768606331212 3941.7 13
1768606341219 3941.7 14
1768606351228 3941.7 15
1768606361235 3941.7 16
1768606371243 3941.7 17
1768606381251 3941.7 18
1768606391259 3941.7 19
1768606401268 3941.7 20
1768606411283 3941.7 21
1768606421299 3941.7 22
1768606431308 3941.7 23
1768606441337 3941.7 24
1768606451345 3941.7 25
1768606461353 3941.7 26
1768606471374 3941.7 27
1768606481382 3941.7 28
1768606491393 3941.7 29
1768606501401 3941.7 30
1768606511410 3941.7 31
1768606521425 3941.7 32
1768606531442 3941.7 33
1768606541454 3941.7 34
1768606551462 3941.7 35
1768606561470 3941.7 36
1768606571477 3941.7 37
1768606581486 3941.7 38
1768606591495 3941.7 39
1768606601505 3941.7 40
