1768606201044 0.0 0
1768606211058 2.1664989999999307 1
1768606221078 2.9743029999999635 2
1768606231091 3.4358179999999265 3
1768606241097 5.601072999999815 4
1768606251108 6.443879999999808 5
1768606261116 6.912419000000227 6
1768606271130 9.035327000000507 7
1768606281137 9.846190999999635 8
1768606291170 10.30617600000005 9
1768606301184 12.447986000000128 10
1768606311191 13.277033000000301 11
1768606321198 13.737498999999843 12
1768606331212 15.933834999999817 13
1768606341219 16.759320000000116 14
1768606351228 17.251072000000022 15
1768606361235 19.349984999999833 16
1768606371243 20.227386999999908 17
1768606381251 20.715806000000157 18
1768606391259 22.815937999999733 19
1768606401268 23.6819059999998 20
1768606411283 24.14245000000028 21
1768606421299 26.150690000000395 22
1768606431308 27.11344199999985 23
1768606441337 27.57394000000022 24
1768606451345 29.610507000000325 25
1768606461353 30.575372000000243 26
1768606471374 31.08967500000017 27
1768606481382 33.034066000000166 28
1768606491393 34.02768600000036 29
1768606501401 34.50668500000029 30
1768606511410 36.4442939999999 31
1768606521425 37.45997999999963 32
1768606531442 37.930107000000135 33
1768606541454 39.729239000000234 34
1768606551462 40.82971300000008 35
1768606561470 41.299841000000015 36
1768606571477 43.134525000000394 37
1768606581486 44.235593000000335 38
1768606591495 44.72714199999973 39
1768606601505 46.54654500000015 40
