1774574803157 0.0622149242838898 0
1774574804188 0.11129355956942164 1
1774574805349 0.16018974639664293 2
1774574806402 0.2180259076810801 3
1774574807474 0.2475825579273855 4
1774574808859 0.3003101623791279 5
1774574809886 0.3727422003284072 6
1774574811110 0.4260171501550812 7
1774574812157 0.465061120233534 8
1774574813275 0.5161466885604816 9
1774574814513 0.5763546798029556 10
1774574815577 0.6049990877577085 11
1774574816789 0.6372924648786717 12
1774574818013 0.6838168217478562 13
1774574819107 0.7082649151614668 14
1774574820184 0.7354497354497355 15
1774574821416 0.7670133187374567 16
1774574822493 0.7909140667761357 17
1774574823715 0.8179164386060938 18
1774574824976 0.8263090676883781 19
1774574826052 0.8622514139755519 20
1774574827281 0.8693669038496624 21
1774574828336 0.8865170589308521 22
1774574829394 0.8974639664294837 23
1774574830623 0.9175332968436417 24
1774574831844 0.9226418536763364 25
1774574832907 0.9310344827586207 26
1774574834157 0.9425287356321839 27
1774574835230 0.9483670862981208 28
1774574836282 0.9523809523809523 29
1774574837516 0.9547527823389892 30
1774574838630 0.9635103083378945 31
1774574839888 0.9675241744207261 32
1774574841092 0.9682539682539683 33
1774574842158 0.972997628170042 34
1774574843215 0.9762817004196315 35
1774574844431 0.9792008757525998 36
1774574845495 0.9790184272942893 37
1774574846577 0.9815727057106367 38
1774574847957 0.9784710819193578 39
1774574849075 0.983032293377121 40
1774574850153 0.9861339171683999 41
1774574851397 0.9870461594599526 42
1774574852461 0.986863711001642 43
1774574853530 0.9864988140850209 44
1774574854751 0.9852216748768473 45
1774574855985 0.9874110563765737 46
1774574857055 0.9890530925013684 47
1774574858318 0.9894179894179894 48
1774574859401 0.9919722678343368 49
1774574860495 0.9912424740010947 50
1774574861728 0.9894179894179894 51
1774574862946 0.9916073709177158 52
1774574864045 0.9916073709177158 53
1774574865300 0.9928845101258894 54
1774574866397 0.993796752417442 55
