1774204578478 0.2633739225612259 0
1774204587013 0.49712682993569574 1
1774204595521 0.5786017239020386 2
1774204603962 0.6327130934464359 3
1774204612463 0.6747161034341224 4
1774204621040 0.7074155151183472 5
1774204629680 0.729169517033794 6
1774204638195 0.7533862361472158 7
1774204646638 0.7747297851963333 8
1774204655327 0.7893692707620742 9
1774204664117 0.8044876180051991 10
1774204672495 0.807018744014229 11
1774204681072 0.83670816801204 12
1774204689582 0.8423176905185388 13
1774204698132 0.8522369681214941 14
1774204706729 0.8362977151457107 15
1774204715038 0.8720071145163497 16
1774204723520 0.883910247639896 17
1774204731970 0.8981392803393077 18
1774204740480 0.9113421808728964 19
1774204748813 0.913599671637707 20
1774204757343 0.921056232042687 21
1774204765727 0.9306334655903681 22
1774204774177 0.9283075660145027 23
1774204782459 0.9350116294978793 24
1774204790938 0.9377479819400739 25
1774204799336 0.9365166233410863 26
1774204807738 0.9392529757832809 27
1774204816131 0.9456149952113833 28
1774204824667 0.9542345054042961 29
1774204833112 0.9581338076344234 30
1774204841603 0.9636749213298673 31
1774204850017 0.9681214940484334 32
1774204858570 0.9737310165549323 33
1774204867123 0.9649746887399097 34
1774204875728 0.9556026816253933 35
1774204884033 0.9640169653851416 36
