1774595743330 0.8053079843521118 0
1774595743460 0.5142257213592529 1
1774595743584 0.4921448230743408 2
1774595743706 0.47508707642555237 3
1774595743829 0.4621115028858185 4
1774595743957 0.45252230763435364 5
1774595744084 0.4416728913784027 6
1774595744208 0.4351053237915039 7
1774595744332 0.42789629101753235 8
1774595744459 0.42070165276527405 9
1774595744584 0.4146566092967987 10
1774595744705 0.41145506501197815 11
1774595744826 0.40490633249282837 12
1774595744947 0.39958304166793823 13
1774595745068 0.3965710997581482 14
1774595745190 0.39131468534469604 15
1774595745313 0.3882240951061249 16
1774595745436 0.3818841874599457 17
1774595745559 0.37971967458724976 18
1774595745684 0.3755519986152649 19
1774595745809 0.37258365750312805 20
1774595745934 0.3694223463535309 21
1774595746059 0.3653826117515564 22
1774595746185 0.36359041929244995 23
1774595746312 0.3604413866996765 24
