1773966426651 41.8 0
1773966436660 90.7 1
1773966446672 106.3 2
1773966456679 87.3 3
1773966466685 129.8 4
1773966476700 141.9 5
1773966486718 159.7 6
1773966496726 90.9 7
1773966506738 170.4 8
1773966516749 94.2 9
1773966526764 153.7 10
1773966536776 109.0 11
1773966546783 97.1 12
1773966556796 83.1 13
1773966566803 86.1 14
1773966576810 118.9 15
1773966586817 114.9 16
1773966596831 107.5 17
1773966606839 85.3 18
1773966616848 85.1 19
1773966626860 143.2 20
1773966636869 104.6 21
1773966646877 155.6 22
1773966656886 104.9 23
1773966666894 138.7 24
1773966676902 91.4 25
1773966686914 157.0 26
1773966696925 120.0 27
1773966706933 111.5 28
1773966716943 124.3 29
1773966726952 120.7 30
1773966736969 114.8 31
1773966746976 115.0 32
1773966756983 132.2 33
1773966766992 168.1 34
1773966777005 121.7 35
1773966787014 89.7 36
1773966797037 163.6 37
1773966807047 102.3 38
1773966817056 101.2 39
1773966827071 147.1 40
