1774180756273 280.72426676750183 0
1774180782968 195.13877725601196 1
1774180809785 156.19193947315216 2
1774180836646 129.49314665794373 3
1774180863575 109.37609130144119 4
1774180890569 95.66911000013351 5
1774180917463 75.56078082323074 6
1774180944255 65.00548234581947 7
1774180971112 57.85558533668518 8
1774180997886 49.68569475412369 9
1774181024825 41.828640922904015 10
1774181051563 35.194031804800034 11
1774181078503 31.91348971426487 12
1774181105121 26.66998280584812 13
1774181131992 27.900353081524372 14
1774181158792 21.9488016217947 15
1774181185802 18.44924796372652 16
1774181212684 16.568697404116392 17
1774181239512 17.316115576773882 18
1774181266410 20.48891842365265 19
1774181293433 18.015083070844412 20
1774181320567 14.675564121454954 21
1774181347482 16.125839736312628 22
1774181374641 13.443220604211092 23
1774181401455 12.26321549154818 24
1774181428394 8.566582268103957 25
1774181455572 8.662578759714961 26
1774181482729 11.84296441450715 27
1774181509456 12.805943524464965 28
1774181536319 10.711470279842615 29
1774181563170 11.776273043826222 30
1774181590278 11.194484431296587 31
1774181617258 10.812257538549602 32
1774181644200 7.289139784872532 33
1774181671182 9.93746773712337 34
1774181698217 10.904039442539215 35
1774181725330 6.757492046803236 36
1774181752168 5.992866565473378 37
1774181779426 7.959086374845356 38
1774181806134 6.145369546487927 39
1774181833166 7.067456802353263 40
1774181860098 9.961280845105648 41
1774181886902 9.325464338064194 42
1774181914065 8.229902884922922 43
1774181940796 6.485072039999068 44
1774181967779 7.196160797029734 45
