1768613278034 0.20344780407716515 0
1768613291197 0.4074428786427692 1
1768613304429 0.5116979066903817 2
1768613317444 0.5811328499110685 3
1768613330606 0.6166370228485429 4
1768613343750 0.6464632644684636 5
1768613356911 0.6665754549185935 6
1768613370111 0.6970857846490628 7
1768613383289 0.7241072650157341 8
1768613396523 0.7338213161855247 9
1768613409667 0.7539335066356547 10
1768613422881 0.7672048159802982 11
1768613436041 0.7872485976193734 12
1768613449113 0.7926528936927076 13
1768613462339 0.8016144479408948 14
1768613475454 0.7983992338213162 15
1768613488629 0.8113284991106855 16
1768613501673 0.8232316322342318 17
1768613514917 0.8339718155698453 18
1768613528101 0.8454644958270625 19
1768613541322 0.8536051443425913 20
1768613554465 0.8598987549596389 21
1768613567716 0.8752907374469832 22
1768613580905 0.8839786564509509 23
1768613594233 0.887467505814749 24
1768613607460 0.8848679709946641 25
1768613620509 0.8925297578328089 26
1768613633614 0.8945136133534 27
1768613646790 0.8870570529484197 28
1768613659926 0.9114789984950061 29
1768613673034 0.9213298672869066 30
1768613686208 0.9159255712135723 31
1768613699357 0.9237925844848817 32
1768613712451 0.9263921193049665 33
1768613725651 0.9330961827883432 34
1768613738886 0.9326173211109591 35
1768613752201 0.9294705158024353 36
1768613765434 0.9333698180325626 37
1768613778672 0.9482829388425229 38
1768613791814 0.9444520454234505 39
1768613804982 0.9403475167601587 40
