1773956711053 0.05171706115747708 0
1773956712387 0.666780681351758 1
1773956713728 0.7066630181967437 2
1773956715039 0.7245861266931181 3
1773956716380 0.7446299083321932 4
1773956717723 0.7585853057873854 5
1773956719040 0.7618689287180189 6
1773956720368 0.7571487207552333 7
1773956721725 0.7651525516486524 8
1773956723049 0.7735668354084007 9
1773956724373 0.773361608975236 10
1773956725702 0.774866602818443 11
1773956727026 0.7737720618415652 12
1773956728356 0.7797236284033383 13
1773956729686 0.7822547544123684 14
1773956731017 0.789437679573129 15
1773956732349 0.7907374469831714 16
1773956733678 0.79142153509372 17
1773956735039 0.8006567245861267 18
1773956736400 0.8022301272403886 19
1773956737760 0.8106444110001368 20
1773956739122 0.8079764673689971 21
1773956740486 0.8133123546312765 22
1773956741850 0.8168012039950746 23
1773956743216 0.8178957449719524 24
1773956744584 0.8170064304282392 25
1773956745951 0.826173211109591 26
1773956747317 0.8280202490080723 27
1773956748684 0.8321247776713641 28
1773956750052 0.8358188534683267 29
1773956751422 0.8400601997537283 30
1773956752794 0.8419072376522097 31
1773956754165 0.8471063072923792 32
1773956755539 0.8471747161034341 33
1773956756915 0.8521685593104392 34
1773956758291 0.8522369681214941 35
1773956759666 0.858256943494322 36
1773956761041 0.8609932959365166 37
1773956762418 0.8602407990149131 38
1773956763791 0.8651662334108633 39
1773956765169 0.8666028184430155 40
1773956766544 0.8652346422219181 41
1773956767923 0.8724175673826788 42
1773956769300 0.8777534546449582 43
1773956770677 0.8791216308660555 44
1773956772023 0.8800793542208236 45
1773956773400 0.8846627445614995 46
1773956774780 0.8890409084690108 47
1773956776157 0.8938295252428513 48
1773956777537 0.8928033930770283 49
1773956778884 0.8966342864961007 50
1773956780231 0.9021754001915446 51
1773956781585 0.9001231358598988 52
1773956782939 0.902517444246819 53
1773956784291 0.9082637843754275 54
1773956785644 0.910042413462854 55
1773956787000 0.9114105896839513 56
1773956788354 0.9167464769462307 57
1773956789739 0.9202353263100287 58
1773956791125 0.9187303324668217 59
1773956792477 0.9220823642085101 60
1773956793831 0.9261868928718019 61
1773956795189 0.926665754549186 62
1773956796545 0.9289916541250514 63
1773956797902 0.9324805034888494 64
1773956799262 0.9349432206868244 65
1773956800618 0.9361061704747572 66
1773956801975 0.9369954850184704 67
1773956803336 0.9406211520043781 68
1773956804693 0.9428786427691886 69
1773956806049 0.9464359009440416 70
1773956807405 0.946709536188261 71
1773956808760 0.9470515802435354 72
1773956810116 0.9508824736626077 73
