1774131378523 0.5014107688690336 0
1774131378862 0.5137549964730779 1
1774131379376 0.5282153773806725 2
1774131379754 0.5490242181989184 3
1774131380092 0.5624265224547378 4
1774131380598 0.5887608746766988 5
1774131380955 0.6021631789325183 6
1774131381468 0.6203856101575359 7
1774131381798 0.6521279097107924 8
1774131382140 0.6661180343287092 9
1774131382917 0.6817540559604984 10
1774131383285 0.6962144368680931 11
1774131383629 0.7027980249235833 12
1774131384143 0.728544556783447 13
1774131384487 0.7381848107218434 14
1774131384862 0.7446508347049142 15
1774131385396 0.7613449329884787 16
1774131385747 0.7753350576063955 17
1774131386115 0.7773336468375265 18
1774131386669 0.7930872325417353 19
1774131387046 0.7967317187867388 20
1774131387420 0.801551845755937 21
1774131387984 0.8083705619562662 22
1774131388500 0.8129555607806255 23
1774131388904 0.8148365859393369 24
1774131389451 0.8176581236774042 25
1774131389829 0.8265929931812838 26
1774131390198 0.8302374794262873 27
1774131390742 0.8362332471196803 28
1774131391121 0.8254173524570891 29
1774131391487 0.8384669644956502 30
1774131392047 0.8456383729132377 31
1774131392413 0.8455208088408183 32
1774131392807 0.8436397836821068 33
1774131393370 0.8497531154479191 34
1774131393734 0.8518692687514695 35
1774131394118 0.8513990124617917 36
1774131394825 0.8562191394309899 37
1774131395221 0.8550434987067952 38
1774131395607 0.8604514460380908 39
