1768650305488 0.8283411860466003 0
1768650305601 0.46951809525489807 1
1768650305720 0.4346509277820587 2
1768650305838 0.4111453592777252 3
1768650305958 0.38968729972839355 4
1768650306071 0.37547093629837036 5
1768650306180 0.3631903827190399 6
1768650306292 0.35040220618247986 7
1768650306401 0.33855965733528137 8
1768650306514 0.32992151379585266 9
1768650306633 0.32129353284835815 10
1768650306749 0.31184840202331543 11
1768650306866 0.30399036407470703 12
1768650306982 0.2974509298801422 13
1768650307098 0.2915875315666199 14
1768650307215 0.28531593084335327 15
1768650307334 0.2798554599285126 16
1768650307452 0.2733347415924072 17
1768650307574 0.2674599587917328 18
