1774800335336 0.0 0
1774800345344 12.8 1
1774800355352 12.0 2
1774800365359 15.1 3
1774800375368 12.8 4
1774800385376 11.7 5
1774800395388 11.8 6
1774800405396 16.5 7
1774800415406 11.4 8
1774800425414 12.4 9
1774800435428 16.0 10
1774800445436 11.9 11
1774800455450 12.5 12
1774800465456 14.7 13
1774800475476 12.4 14
1774800485487 12.9 15
1774800495500 13.7 16
1774800505512 13.2 17
1774800515518 12.5 18
1774800525525 10.5 19
1774800535533 17.5 20
1774800545545 13.1 21
1774800555560 10.4 22
1774800565568 17.3 23
1774800575576 13.0 24
1774800585584 10.5 25
1774800595594 17.4 26
1774800605604 12.9 27
1774800615614 10.1 28
1774800625628 15.4 29
1774800635636 14.3 30
1774800645647 9.9 31
1774800655655 12.5 32
1774800665663 17.5 33
1774800675670 10.3 34
1774800685678 12.7 35
1774800695688 17.8 36
1774800705698 10.1 37
1774800715708 12.7 38
1774800725719 17.4 39
1774800735726 10.3 40
1774800745735 12.6 41
1774800755744 14.8 42
1774800765761 13.2 43
1774800775769 12.6 44
1774800785780 13.0 45
1774800795791 14.8 46
1774800805804 12.7 47
1774800815818 12.9 48
1774800825836 14.6 49
1774800835844 12.7 50
1774800845853 12.8 51
1774800855861 14.8 52
1774800865869 12.8 53
1774800875885 12.8 54
1774800885895 11.4 55
1774800895904 16.1 56
1774800905913 12.9 57
1774800915924 10.1 58
1774800925936 17.1 59
1774800935951 13.0 60
1774800945962 10.3 61
1774800955972 17.2 62
1774800965987 12.7 63
1774800975995 10.4 64
1774800986003 17.0 65
1774800996013 13.0 66
1774801006032 11.0 67
1774801016042 12.3 68
1774801026051 16.9 69
1774801036070 10.8 70
1774801046081 10.8 71
1774801056090 17.7 72
1774801066102 11.3 73
1774801076110 10.3 74
1774801086119 17.4 75
1774801096128 12.6 76
1774801106139 10.8 77
1774801116152 16.4 78
1774801126160 13.3 79
1774801136171 10.7 80
1774801146187 13.0 81
1774801156201 17.4 82
1774801166209 10.7 83
1774801176224 12.3 84
1774801186234 17.5 85
1774801196256 10.3 86
1774801206264 12.4 87
1774801216275 17.2 88
1774801226284 10.1 89
1774801236302 14.2 90
1774801246317 15.9 91
1774801256326 12.2 92
1774801266337 12.7 93
1774801276350 12.8 94
1774801286364 15.3 95
1774801296378 12.9 96
1774801306393 13.0 97
1774801316406 15.0 98
1774801326418 12.8 99
1774801336426 12.9 100
1774801346439 14.7 101
1774801356447 12.8 102
1774801366462 12.6 103
1774801376479 12.7 104
1774801386490 14.3 105
1774801396500 12.5 106
1774801406510 10.3 107
1774801416520 17.1 108
1774801426529 12.8 109
1774801436544 10.5 110
1774801446560 17.1 111
1774801456577 13.1 112
1774801466587 11.2 113
1774801476598 17.8 114
1774801486612 13.0 115
1774801496625 10.0 116
1774801506642 14.3 117
1774801516664 15.8 118
1774801526674 10.3 119
1774801536684 13.2 120
1774801546695 17.8 121
