1774800335336 1.6 0
1774800345344 10.9 1
1774800355352 10.9 2
1774800365359 10.9 3
1774800375368 10.9 4
1774800385376 10.9 5
1774800395388 10.9 6
1774800405396 10.9 7
1774800415406 10.9 8
1774800425414 10.9 9
1774800435428 12.2 10
1774800445436 12.2 11
1774800455450 12.2 12
1774800465456 12.2 13
1774800475476 12.2 14
1774800485487 12.2 15
1774800495500 12.2 16
1774800505512 12.2 17
1774800515518 12.2 18
1774800525525 13.5 19
1774800535533 13.5 20
1774800545545 13.5 21
1774800555560 13.5 22
1774800565568 13.5 23
1774800575576 13.5 24
1774800585584 13.5 25
1774800595594 13.5 26
1774800605604 13.5 27
1774800615614 13.5 28
1774800625628 13.5 29
1774800635636 13.5 30
1774800645647 13.5 31
1774800655655 13.5 32
1774800665663 13.5 33
1774800675670 13.5 34
1774800685678 13.5 35
1774800695688 13.5 36
1774800705698 13.5 37
1774800715708 13.5 38
1774800725719 13.5 39
1774800735726 13.5 40
1774800745735 13.5 41
1774800755744 13.5 42
1774800765761 13.5 43
1774800775769 13.5 44
1774800785780 13.5 45
1774800795791 13.5 46
1774800805804 13.5 47
1774800815818 13.5 48
1774800825836 13.5 49
1774800835844 13.5 50
1774800845853 13.5 51
1774800855861 13.5 52
1774800865869 13.5 53
1774800875885 13.5 54
1774800885895 13.5 55
1774800895904 13.5 56
1774800905913 13.5 57
1774800915924 13.5 58
1774800925936 13.5 59
1774800935951 13.5 60
1774800945962 13.5 61
1774800955972 13.5 62
1774800965987 13.5 63
1774800975995 13.5 64
1774800986003 13.5 65
1774800996013 13.5 66
1774801006032 13.5 67
1774801016042 13.5 68
1774801026051 13.5 69
1774801036070 13.5 70
1774801046081 13.5 71
1774801056090 13.5 72
1774801066102 13.5 73
1774801076110 13.5 74
1774801086119 13.5 75
1774801096128 13.5 76
1774801106139 13.5 77
1774801116152 13.5 78
1774801126160 13.5 79
1774801136171 13.5 80
1774801146187 13.5 81
1774801156201 13.5 82
1774801166209 13.5 83
1774801176224 13.5 84
1774801186234 13.5 85
1774801196256 13.5 86
1774801206264 13.5 87
1774801216275 13.5 88
1774801226284 13.5 89
1774801236302 13.5 90
1774801246317 13.5 91
1774801256326 13.5 92
1774801266337 13.5 93
1774801276350 13.5 94
1774801286364 13.5 95
1774801296378 13.5 96
1774801306393 13.5 97
1774801316406 13.5 98
1774801326418 13.5 99
1774801336426 13.5 100
1774801346439 13.5 101
1774801356447 13.5 102
1774801366462 13.5 103
1774801376479 13.5 104
1774801386490 13.5 105
1774801396500 13.5 106
1774801406510 13.5 107
1774801416520 13.5 108
1774801426529 13.5 109
1774801436544 13.5 110
1774801446560 13.5 111
1774801456577 13.5 112
1774801466587 13.5 113
1774801476598 13.5 114
1774801486612 13.5 115
1774801496625 13.5 116
1774801506642 13.5 117
1774801516664 13.5 118
1774801526674 13.5 119
1774801536684 13.5 120
1774801546695 13.5 121
