1774800335336 140.4 0
1774800345344 939.5 1
1774800355352 939.5 2
1774800365359 939.5 3
1774800375368 939.5 4
1774800385376 939.5 5
1774800395388 939.5 6
1774800405396 939.5 7
1774800415406 939.5 8
1774800425414 939.5 9
1774800435428 1050.6 10
1774800445436 1050.6 11
1774800455450 1050.6 12
1774800465456 1050.6 13
1774800475476 1050.6 14
1774800485487 1050.6 15
1774800495500 1050.6 16
1774800505512 1050.6 17
1774800515518 1050.6 18
1774800525525 1163.9 19
1774800535533 1163.9 20
1774800545545 1163.9 21
1774800555560 1163.9 22
1774800565568 1163.9 23
1774800575576 1163.9 24
1774800585584 1163.9 25
1774800595594 1163.9 26
1774800605604 1163.9 27
1774800615614 1163.9 28
1774800625628 1163.9 29
1774800635636 1163.9 30
1774800645647 1163.9 31
1774800655655 1163.9 32
1774800665663 1163.9 33
1774800675670 1163.9 34
1774800685678 1163.9 35
1774800695688 1163.9 36
1774800705698 1163.9 37
1774800715708 1163.9 38
1774800725719 1163.9 39
1774800735726 1163.9 40
1774800745735 1163.9 41
1774800755744 1163.9 42
1774800765761 1163.9 43
1774800775769 1163.9 44
1774800785780 1163.9 45
1774800795791 1163.9 46
1774800805804 1163.9 47
1774800815818 1163.9 48
1774800825836 1163.9 49
1774800835844 1163.9 50
1774800845853 1163.9 51
1774800855861 1163.9 52
1774800865869 1163.9 53
1774800875885 1163.9 54
1774800885895 1163.9 55
1774800895904 1163.9 56
1774800905913 1163.9 57
1774800915924 1163.9 58
1774800925936 1163.9 59
1774800935951 1163.9 60
1774800945962 1163.9 61
1774800955972 1163.9 62
1774800965987 1163.9 63
1774800975995 1163.9 64
1774800986003 1163.9 65
1774800996013 1163.9 66
1774801006032 1163.9 67
1774801016042 1163.9 68
1774801026051 1163.9 69
1774801036070 1163.9 70
1774801046081 1163.9 71
1774801056090 1163.9 72
1774801066102 1163.9 73
1774801076110 1163.9 74
1774801086119 1163.9 75
1774801096128 1163.9 76
1774801106139 1163.9 77
1774801116152 1163.9 78
1774801126160 1163.9 79
1774801136171 1163.9 80
1774801146187 1163.9 81
1774801156201 1163.9 82
1774801166209 1163.9 83
1774801176224 1163.9 84
1774801186234 1163.9 85
1774801196256 1163.9 86
1774801206264 1163.9 87
1774801216275 1163.9 88
1774801226284 1163.9 89
1774801236302 1163.9 90
1774801246317 1163.9 91
1774801256326 1163.9 92
1774801266337 1163.9 93
1774801276350 1163.9 94
1774801286364 1163.9 95
1774801296378 1163.9 96
1774801306393 1163.9 97
1774801316406 1163.9 98
1774801326418 1163.9 99
1774801336426 1163.9 100
1774801346439 1163.9 101
1774801356447 1163.9 102
1774801366462 1163.9 103
1774801376479 1163.9 104
1774801386490 1163.9 105
1774801396500 1163.9 106
1774801406510 1163.9 107
1774801416520 1163.9 108
1774801426529 1163.9 109
1774801436544 1163.9 110
1774801446560 1163.9 111
1774801456577 1163.9 112
1774801466587 1163.9 113
1774801476598 1163.9 114
1774801486612 1163.9 115
1774801496625 1163.9 116
1774801506642 1163.9 117
1774801516664 1163.9 118
1774801526674 1163.9 119
1774801536684 1163.9 120
1774801546695 1163.9 121
