1774788545942 3.2346177101135254 0
1774788546924 1.809844970703125 1
1774788547918 1.6619585752487183 2
1774788548908 1.5575611591339111 3
1774788549901 1.4766062498092651 4
1774788550892 1.4234975576400757 5
1774788551885 1.3819888830184937 6
1774788552877 1.336664080619812 7
1774788553873 1.2846388816833496 8
1774788554849 1.2463772296905518 9
1774788555823 1.210432529449463 10
1774788556796 1.170652985572815 11
1774788557802 1.1431782245635986 12
1774788558809 1.120104193687439 13
1774788559783 1.0929409265518188 14
1774788560758 1.0665453672409058 15
1774788561734 1.040468454360962 16
1774788562714 1.014926791191101 17
1774788563695 0.9879245758056641 18
1774788564705 0.9649989008903503 19
1774788565716 0.9447806477546692 20
1774788566727 0.9259502291679382 21
1774788567738 0.9009741544723511 22
1774788568749 0.8830969333648682 23
1774788569766 0.8609023690223694 24
1774788570780 0.8413152098655701 25
1774788571797 0.8238568902015686 26
1774788572814 0.8040857911109924 27
1774788573828 0.7841505408287048 28
1774788574850 0.7659091949462891 29
1774788575870 0.7473955154418945 30
1774788576888 0.7336971163749695 31
1774788577908 0.7164936065673828 32
1774788578930 0.6967309713363647 33
1774788579949 0.6816518902778625 34
1774788580968 0.6708237528800964 35
1774788581987 0.6490182280540466 36
1774788583006 0.6376034617424011 37
1774788584028 0.6173453330993652 38
1774788585050 0.6046258211135864 39
1774788586072 0.5886512994766235 40
1774788587095 0.5748893618583679 41
1774788588117 0.5586322546005249 42
1774788589143 0.5431145429611206 43
1774788590166 0.529975175857544 44
1774788591190 0.5164746642112732 45
1774788592216 0.5013177394866943 46
1774788593246 0.4889514744281769 47
1774788594285 0.4723975360393524 48
1774788595311 0.46190547943115234 49
1774788596337 0.4455201327800751 50
1774788597334 0.4387657344341278 51
1774788598328 0.42347651720046997 52
1774788599324 0.4106646776199341 53
1774788600321 0.3976685702800751 54
1774788601319 0.3852398693561554 55
1774788602352 0.37520983815193176 56
1774788603354 0.3618357479572296 57
1774788604352 0.35267168283462524 58
1774788605355 0.3466940224170685 59
1774788606360 0.32716596126556396 60
1774788607365 0.32722702622413635 61
1774788608364 0.3106158375740051 62
1774788609372 0.3042506277561188 63
1774788610375 0.2914234399795532 64
1774788611378 0.28353360295295715 65
1774788612380 0.27526846528053284 66
1774788613382 0.26845312118530273 67
1774788614385 0.2632206678390503 68
1774788615391 0.2534608840942383 69
1774788616398 0.24325405061244965 70
