1768621261650 0.0 0
1768621271667 0.9533920000012586 1
1768621281677 2.583972000000358 2
1768621291685 3.399198000000979 3
1768621301694 4.325521000000663 4
1768621311703 5.942461000000549 5
1768621321713 6.763542000000598 6
1768621331738 7.676332000000912 7
1768621341758 9.287263000000166 8
1768621351789 10.099238000000696 9
1768621361799 11.028126000001066 10
1768621371809 12.610826000000088 11
1768621381818 13.477081000000908 12
1768621391828 14.448318000000654 13
1768621401836 16.073562000001402 14
1768621411878 16.93510200000128 15
1768621421885 17.850868999999875 16
1768621431894 19.518332000001465 17
