1774593739791 44.283482909202576 0
1774593740579 38.46202689409256 1
1774593741323 36.656726121902466 2
1774593742041 35.89545598626137 3
1774593742756 35.57818070054054 4
1774593743475 34.58246091008186 5
1774593744192 34.2785530090332 6
1774593744912 33.93332463502884 7
1774593745703 33.72733482718468 8
1774593746443 32.8600007891655 9
1774593747177 32.390859097242355 10
1774593747930 32.42363902926445 11
1774593748653 31.93507418036461 12
1774593749387 31.439475506544113 13
1774593750116 31.006421327590942 14
1774593750857 30.567041724920273 15
1774593751580 29.935724169015884 16
1774593752295 29.845913022756577 17
1774593753083 29.162089467048645 18
1774593753834 28.430573344230652 19
1774593754564 28.628542482852936 20
1774593755310 27.79768943786621 21
1774593756032 27.426973283290863 22
1774593756762 27.152505844831467 23
1774593757496 26.42711627483368 24
1774593758312 26.040756225585938 25
1774593759127 25.789848625659943 26
1774593759866 25.00896242260933 27
1774593760595 24.92730948328972 28
1774593761330 24.06980885565281 29
1774593762063 23.97279393672943 30
1774593762792 23.458751320838928 31
1774593763517 22.47383365035057 32
1774593764247 23.944116950035095 33
1774593764987 22.629599913954735 34
1774593765718 22.12281547486782 35
1774593766453 21.513932675123215 36
1774593767205 21.31444963812828 37
1774593767934 20.82066862285137 38
1774593768683 21.401309937238693 39
1774593769429 20.873297035694122 40
1774593770196 20.142603173851967 41
1774593771007 19.214987218379974 42
1774593771806 19.451259449124336 43
1774593772545 18.73564499616623 44
1774593773321 18.857280641794205 45
