1767881516741 0.4879009566685425 0
1767881517253 0.895329206527856 1
1767881517767 0.9144625773776027 2
1767881518284 0.927405740011255 3
1767881518807 0.9352841868317389 4
1767881519341 0.9465391108610017 5
1767881519860 0.9482273494653911 6
1767881520540 0.9532920652785594 7
1767881521074 0.960045019696117 8
1767881521603 0.9645469893078221 9
1767881522132 0.9682048396173326 10
1767881522665 0.9701744513224536 11
1767881523202 0.9707371975239167 12
1767881523738 0.973832301631964 13
1767881524267 0.9774901519414744 14
1767881524813 0.977771525042206 15
1767881525352 0.9814293753517164 16
1767881526043 0.983680360157569 17
1767881526589 0.9842431063590321 18
1767881527154 0.9864940911648846 19
1767881527698 0.9870568373663478 20
1767881528238 0.9907146876758582 21
1767881528783 0.9904333145751266 22
1767881529336 0.9929656724817107 23
1767881529879 0.9938097917839055 24
1767881530424 0.994091164884637 25
1767881530971 0.9954980303882949 26
1767881531532 0.9954980303882949 27
