1774216236826 0.6901011051022807 0
1774216237171 0.7518222431225018 1
1774216237482 0.7733364683752645 2
1774216237800 0.7868563367035034 3
1774216238235 0.8022572301904538 4
1774216238576 0.8168351751704679 5
1774216238911 0.842699271102751 6
1774216239322 0.8633905478485775 7
1774216239635 0.89160592522925 8
1774216239944 0.9072419468610393 9
1774216240254 0.9339289913002586 10
1774216240650 0.9468610392664002 11
1774216240995 0.9567364213496355 12
1774216241312 0.966376675288032 13
1774216241687 0.9709616741123912 14
1774216241997 0.979426287326593 15
1774216242309 0.9771925699506231 16
