1774543314649 0.05451884376143432 0
1774543315373 0.7177094767654592 1
1774543316077 0.752286864251738 2
1774543316781 0.7735089645078668 3
1774543317484 0.7886937431394072 4
1774543318187 0.7930845225027442 5
1774543318892 0.8020490303695572 6
1774543319596 0.8079034028540066 7
1774543320301 0.8110135382363702 8
1774543321009 0.8207098426637395 9
1774543321718 0.8263812660080497 10
1774543322452 0.8298572996706916 11
1774543323194 0.8338821807537504 12
1774543323940 0.8424807903402854 13
1774543324663 0.8463227222832053 14
1774543325384 0.8470545188437615 15
1774543326106 0.8527259421880717 16
1774543326828 0.8543724844493231 17
1774543327550 0.8580314672521039 18
1774543328273 0.8593121112330772 19
1774543328998 0.8626051957555799 20
1774543329748 0.8701061105012806 21
1774543330500 0.8721185510428101 22
1774543331256 0.8787047200878156 23
1774543332009 0.8841931942919868 24
1774543332764 0.8871203805342115 25
1774543333519 0.8874862788144896 26
1774543334275 0.8973655323819978 27
1774543335033 0.8999268203439443 28
1774543335792 0.9046834979875594 29
1774543336555 0.9010245151847787 30
1774543337314 0.9050493962678375 31
1774543338075 0.9167581412367362 32
1774543338835 0.9196853274789608 33
1774543339600 0.9227954628613245 34
1774543340367 0.9264544456641054 35
1774543341140 0.9297475301866082 36
1774543341906 0.933772411269667 37
1774543342676 0.9359678009513356 38
1774543343445 0.9410903768752287 39
1774543344211 0.9427369191364801 40
1774543344976 0.9447493596780095 41
1774543345742 0.9482253933406513 42
1774543346510 0.9526161727039882 43
1774543347275 0.955543358946213 44
1774543348041 0.9548115623856568 45
1774543348807 0.9597511891694109 46
1774543349574 0.9641419685327479 47
1774543350342 0.9623124771313575 48
1774543351112 0.9652396633735821 49
1774543351880 0.9710940358580314 50
1774543352620 0.973838272960117 51
1774543353390 0.9721917306988657 52
1774543354163 0.9773143066227589 53
1774543354934 0.9793267471642884 54
1774543355705 0.9795096963044274 55
1774543356449 0.9813391877058177 56
1774543357195 0.9798755945847054 57
1774543357941 0.9842663739480424 58
1774543358690 0.9855470179290158 59
1774543359435 0.9857299670691547 60
1774543360181 0.986827661909989 61
1774543360930 0.98664471276985 62
1774543361679 0.9875594584705452 63
1774543362426 0.9904866447127698 64
1774543363203 0.9895718990120747 65
1774543363956 0.9903036955726308 66
1774543364709 0.9937797292352726 67
1774543365460 0.9921331869740212 68
1774543366209 0.9941456275155507 69
1774543366964 0.9950603732162459 70
1774543367718 0.995426271496524 71
1774543368478 0.9941456275155507 72
1774543369236 0.995609220636663 73
1774543369993 0.995609220636663 74
1774543370750 0.995609220636663 75
1774543371506 0.9968898646176363 76
1774543372263 0.9961580680570802 77
1774543373026 0.9952433223563849 78
1774543373805 0.9970728137577753 79
