1774134455558 0.22184977425092353 0
1774134481601 0.4320700506225202 1
1774134507985 0.5161444794089479 2
1774134534260 0.5496647968258311 3
1774134560456 0.5980298262416199 4
1774134586665 0.6283349295389246 5
1774134612871 0.6453003146805308 6
1774134638966 0.6754001915446709 7
1774134665180 0.6930496647968258 8
1774134691508 0.719592283486113 9
1774134717658 0.7323163223423177 10
1774134743929 0.7544807771240936 11
1774134770267 0.7692570803119442 12
1774134796482 0.7801340812696675 13
1774134822786 0.7959365166233411 14
1774134849097 0.8121494048433439 15
1774134875312 0.8237104939116158 16
1774134901821 0.8122178136543987 17
1774134928018 0.8388972499657956 18
1774134954599 0.8378027089889177 19
1774134980617 0.8544944588863046 20
1774135006876 0.8609932959365166 21
1774135033201 0.8774798194007388 22
1774135059511 0.8932822547544124 23
1774135085732 0.8945820221644548 24
1774135112086 0.9077849226980436 25
1774135138403 0.9092215077301956 26
1774135164886 0.9153098919140785 27
1774135191278 0.9277602955260638 28
