1774364443925 0.6340290806754222 0
1774364444834 0.7359287054409006 1
1774364445702 0.7462476547842402 2
1774364446603 0.7582082551594747 3
1774364447484 0.763250469043152 4
1774364448421 0.7713414634146342 5
1774364449304 0.7824812382739212 6
1774364450210 0.788578799249531 7
1774364451126 0.7776735459662288 8
1774364452037 0.7936210131332082 9
1774364452963 0.7967870544090057 10
1774364453837 0.7996013133208255 11
1774364454791 0.8126172607879925 12
1774364455725 0.8139071294559099 13
1774364456632 0.814141651031895 14
1774364457509 0.8236397748592871 15
1774364458374 0.8212945590994372 16
1774364459270 0.8269230769230769 17
1774364460142 0.8339587242026266 18
1774364461103 0.8415806754221389 19
1774364461970 0.8449812382739212 20
1774364462839 0.8461538461538461 21
1774364463744 0.8541275797373359 22
1774364464610 0.8623358348968105 23
1774364465525 0.8662054409005628 24
1774364466388 0.8652673545966229 25
1774364467256 0.8767589118198874 26
1774364468199 0.8791041275797373 27
1774364469077 0.8808630393996247 28
1774364469971 0.8852016885553471 29
1774364470847 0.8829737335834896 30
1774364471850 0.8976313320825516 31
1774364472727 0.8938789868667918 32
1774364473595 0.899624765478424 33
1774364474466 0.9012664165103189 34
1774364475349 0.900093808630394 35
1774364476244 0.9074812382739212 36
1774364477200 0.911468105065666 37
1774364478062 0.9109990619136961 38
