1774364443922 42.21210473775864 0
1774364444831 35.2514970600605 1
1774364445698 34.02424567937851 2
1774364446597 32.87368491292 3
1774364447480 32.39431390166283 4
1774364448414 31.43509465456009 5
1774364449299 30.21791359782219 6
1774364450205 30.37166979908943 7
1774364451118 30.127966225147247 8
1774364452032 28.862655371427536 9
1774364452958 28.670907884836197 10
1774364453832 28.248218834400177 11
1774364454783 27.441266506910324 12
1774364455716 26.77465260028839 13
1774364456627 27.181452602148056 14
1774364457504 25.743720054626465 15
1774364458369 26.04926261305809 16
1774364459265 25.195085555315018 17
1774364460135 24.467376068234444 18
1774364461093 23.63034960627556 19
1774364461965 22.914111509919167 20
1774364462834 22.715738520026207 21
1774364463740 22.022948294878006 22
1774364464605 20.971467658877373 23
1774364465515 20.4672624617815 24
1774364466383 20.58282433450222 25
1774364467250 19.85123009979725 26
1774364468192 18.81496000289917 27
1774364469072 18.35560181736946 28
1774364469966 17.856751888990402 29
1774364470840 18.165382862091064 30
1774364471841 16.599443897604942 31
1774364472722 16.467441633343697 32
1774364473590 16.2105203717947 33
1774364474461 15.585969895124435 34
1774364475344 16.155469611287117 35
1774364476236 14.915287092328072 36
1774364477191 13.995573349297047 37
1774364478057 14.246519565582275 38
