1768607249854 246.55143523216248 0
1768607272909 182.21110033988953 1
1768607296313 154.01788139343262 2
1768607319555 136.38052761554718 3
1768607342853 126.72374439239502 4
1768607366046 118.99125617742538 5
1768607389328 112.19510900974274 6
1768607412470 106.44511753320694 7
1768607435729 99.6020827293396 8
1768607458922 93.21846133470535 9
1768607482349 87.79637962579727 10
1768607505145 85.74586617946625 11
1768607528449 77.73443448543549 12
1768607551777 75.19160062074661 13
1768607575025 69.21194142103195 14
1768607598131 67.15980499982834 15
1768607621165 59.98293474316597 16
1768607644324 57.0825876891613 17
1768607667500 53.28259429335594 18
1768607690523 50.472880989313126 19
1768607713611 49.67352336645126 20
1768607736879 46.911899983882904 21
1768607760122 45.14604887366295 22
1768607783249 39.420322582125664 23
1768607806627 35.18732286989689 24
1768607830021 36.53763175010681 25
1768607853416 32.73039850592613 26
1768607876564 28.988153740763664 27
1768607899822 27.833409920334816 28
1768607923049 26.189974524080753 29
1768607946392 22.40887725353241 30
1768607969699 22.274210438132286 31
1768607992898 20.90966772288084 32
1768608016184 17.757568456232548 33
1768608039441 19.81973112002015 34
