1768619313643 0.04539239814055236 0
1768619314681 0.7047443259502324 1
1768619315735 0.7353021602406344 2
1768619316748 0.7599124965818977 3
1768619317765 0.7722176647525294 4
1768619318778 0.7743368881596937 5
1768619319835 0.7768662838392125 6
1768619320890 0.7832923161060978 7
1768619321917 0.7901968826907301 8
1768619322951 0.7994941208640962 9
1768619323982 0.8024336888159693 10
1768619325013 0.8052365326770577 11
1768619326078 0.8063986874487284 12
1768619327145 0.8092015313098168 13
1768619328180 0.8148755810773858 14
1768619329213 0.8215066994804484 15
1768619330250 0.8249931637954607 16
1768619331287 0.8313508340169538 17
1768619332359 0.8347005742411813 18
1768619333432 0.8328547990155866 19
1768619334506 0.837571780147662 20
1768619335575 0.8394859174186492 21
1768619336646 0.8424938474159147 22
1768619337716 0.8465955701394585 23
1768619338791 0.8505605687722176 24
1768619339871 0.851312551271534 25
1768619340946 0.8545255674049768 26
1768619342019 0.8572600492206727 27
1768619343093 0.8596527208094066 28
1768619344168 0.8619770303527482 29
1768619345243 0.8647115121684441 30
1768619346320 0.8722313371616078 31
1768619347400 0.8747607328411267 32
1768619348476 0.8769483182936834 33
1768619349551 0.8790675417008477 34
1768619350629 0.8837845228329232 35
1768619351708 0.8864506426032267 36
1768619352789 0.889937106918239 37
1768619353869 0.8941071916871752 38
1768619354957 0.896294777139732 39
1768619356049 0.8989608969100356 40
1768619357135 0.9027891714520099 41
1768619358221 0.9042931364506426 42
1768619359316 0.9049767569045666 43
1768619360397 0.9101039103089964 44
1768619361481 0.9123598578069456 45
1768619362567 0.9136587366694011 46
1768619363651 0.9174870112113754 47
1768619364738 0.921178561662565 48
1768619365823 0.9224090784796282 49
1768619366873 0.92616899097621 50
1768619367922 0.9273311457478808 51
1768619369011 0.927194421657096 52
1768619370102 0.9336204539239814 53
1768619371154 0.9349876948318294 54
1768619372242 0.9379956248290949 55
1768619373297 0.9400464861908668 56
1768619374358 0.9433962264150944 57
1768619375414 0.9462674323215751 58
1768619376474 0.9475663111840307 59
1768619377530 0.9470877768662839 60
1768619378590 0.9512578616352201 61
1768619379648 0.9524200164068909 62
1768619380713 0.9549494120864096 63
1768619381771 0.9570002734481816 64
1768619382832 0.9594613070823079 65
1768619383901 0.9609652720809406 66
1768619384963 0.9593245829915231 67
1768619386025 0.9634946677604594 68
1768619387091 0.9643150123051681 69
