1774809896839 0.8381859064102173 0
1774809897031 0.4468439817428589 1
1774809897214 0.40716353058815 2
1774809897397 0.3831954002380371 3
1774809897585 0.3666600286960602 4
1774809897775 0.35342156887054443 5
1774809897980 0.3427067995071411 6
1774809898186 0.33203941583633423 7
1774809898392 0.32341256737709045 8
1774809898598 0.3146359324455261 9
1774809898801 0.3064191937446594 10
1774809899003 0.2975047826766968 11
1774809899195 0.2891601026058197 12
1774809899400 0.2824168801307678 13
1774809899608 0.2730534076690674 14
1774809899793 0.2659693956375122 15
1774809899977 0.2580271065235138 16
1774809900162 0.24974578619003296 17
1774809900346 0.24108047783374786 18
1774809900532 0.23286418616771698 19
1774809900719 0.2263634204864502 20
1774809900905 0.21751219034194946 21
1774809901091 0.21001315116882324 22
1774809901279 0.20235952734947205 23
1774809901467 0.19494490325450897 24
1774809901656 0.18746107816696167 25
1774809901845 0.18087315559387207 26
1774809902036 0.17349044978618622 27
1774809902227 0.16735994815826416 28
