1774272033840 216.1 0
1774272043855 1543.6 1
1774272053864 1543.6 2
1774272063874 1543.6 3
1774272073882 1543.6 4
1774272083889 1543.6 5
1774272093897 1543.6 6
1774272103904 1543.6 7
1774272113910 1543.6 8
1774272123920 1543.6 9
1774272133934 1543.6 10
1774272143947 1543.6 11
1774272153954 1543.6 12
1774272163961 1543.6 13
1774272173972 1543.6 14
1774272183982 1543.6 15
1774272193992 1543.6 16
1774272204013 1543.6 17
1774272214026 1543.6 18
1774272224041 1543.6 19
1774272234051 1543.6 20
1774272244059 1543.6 21
1774272254067 1719.8 22
1774272264080 1719.8 23
1774272274093 1719.8 24
1774272284106 1719.8 25
1774272294125 1719.8 26
1774272304137 1719.8 27
1774272314145 1719.8 28
1774272324153 1719.8 29
1774272334163 1719.8 30
1774272344172 1719.8 31
1774272354181 1719.8 32
1774272364189 1719.8 33
1774272374197 1719.8 34
1774272384207 1719.8 35
1774272394232 1719.8 36
1774272404244 1719.8 37
1774272414255 1719.8 38
1774272424278 1719.8 39
1774272434300 1719.8 40
1774272444312 1719.8 41
1774272454320 1719.8 42
1774272464329 1719.8 43
1774272474340 1719.8 44
1774272484350 1719.8 45
1774272494366 1719.8 46
1774272504380 1719.8 47
1774272514403 1719.8 48
1774272524412 1719.8 49
1774272534427 1719.8 50
1774272544441 1719.8 51
1774272554452 1719.8 52
1774272564467 1719.8 53
1774272574482 1719.8 54
1774272584496 1719.8 55
1774272594507 1719.8 56
1774272604516 1719.8 57
1774272614525 1719.8 58
1774272624541 1719.8 59
1774272634553 1719.8 60
1774272644566 1719.8 61
1774272654575 1719.8 62
1774272664586 1719.8 63
1774272674600 1719.8 64
1774272684610 1719.8 65
1774272694623 1719.8 66
1774272704632 1719.8 67
1774272714642 1719.8 68
1774272724651 1719.8 69
1774272734659 1719.8 70
1774272744669 1719.8 71
1774272754678 1719.8 72
1774272764686 1719.8 73
1774272774696 1719.8 74
1774272784706 1719.8 75
1774272794717 1719.8 76
1774272804739 1719.8 77
1774272814748 1719.8 78
1774272824757 1719.8 79
1774272834767 1719.8 80
1774272844777 1719.8 81
1774272854788 1719.8 82
1774272864798 1719.8 83
1774272874809 1719.8 84
1774272884825 1719.8 85
