1774272033840 2.5 0
1774272043855 18.0 1
1774272053864 18.0 2
1774272063874 18.0 3
1774272073882 18.0 4
1774272083889 18.0 5
1774272093897 18.0 6
1774272103904 18.0 7
1774272113910 18.0 8
1774272123920 18.0 9
1774272133934 18.0 10
1774272143947 18.0 11
1774272153954 18.0 12
1774272163961 18.0 13
1774272173972 18.0 14
1774272183982 18.0 15
1774272193992 18.0 16
1774272204013 18.0 17
1774272214026 18.0 18
1774272224041 18.0 19
1774272234051 18.0 20
1774272244059 18.0 21
1774272254067 20.0 22
1774272264080 20.0 23
1774272274093 20.0 24
1774272284106 20.0 25
1774272294125 20.0 26
1774272304137 20.0 27
1774272314145 20.0 28
1774272324153 20.0 29
1774272334163 20.0 30
1774272344172 20.0 31
1774272354181 20.0 32
1774272364189 20.0 33
1774272374197 20.0 34
1774272384207 20.0 35
1774272394232 20.0 36
1774272404244 20.0 37
1774272414255 20.0 38
1774272424278 20.0 39
1774272434300 20.0 40
1774272444312 20.0 41
1774272454320 20.0 42
1774272464329 20.0 43
1774272474340 20.0 44
1774272484350 20.0 45
1774272494366 20.0 46
1774272504380 20.0 47
1774272514403 20.0 48
1774272524412 20.0 49
1774272534427 20.0 50
1774272544441 20.0 51
1774272554452 20.0 52
1774272564467 20.0 53
1774272574482 20.0 54
1774272584496 20.0 55
1774272594507 20.0 56
1774272604516 20.0 57
1774272614525 20.0 58
1774272624541 20.0 59
1774272634553 20.0 60
1774272644566 20.0 61
1774272654575 20.0 62
1774272664586 20.0 63
1774272674600 20.0 64
1774272684610 20.0 65
1774272694623 20.0 66
1774272704632 20.0 67
1774272714642 20.0 68
1774272724651 20.0 69
1774272734659 20.0 70
1774272744669 20.0 71
1774272754678 20.0 72
1774272764686 20.0 73
1774272774696 20.0 74
1774272784706 20.0 75
1774272794717 20.0 76
1774272804739 20.0 77
1774272814748 20.0 78
1774272824757 20.0 79
1774272834767 20.0 80
1774272844777 20.0 81
1774272854788 20.0 82
1774272864798 20.0 83
1774272874809 20.0 84
1774272884825 20.0 85
