1774272033840 22.2 0
1774272043855 49.5 1
1774272053864 58.3 2
1774272063874 40.1 3
1774272073882 52.9 4
1774272083889 50.7 5
1774272093897 47.7 6
1774272103904 51.1 7
1774272113910 51.7 8
1774272123920 52.3 9
1774272133934 51.5 10
1774272143947 49.4 11
1774272153954 50.6 12
1774272163961 51.0 13
1774272173972 50.9 14
1774272183982 52.6 15
1774272193992 48.8 16
1774272204013 59.1 17
1774272214026 52.5 18
1774272224041 53.7 19
1774272234051 42.8 20
1774272244059 50.4 21
1774272254067 53.2 22
1774272264080 57.0 23
1774272274093 79.4 24
1774272284106 54.6 25
1774272294125 51.6 26
1774272304137 59.6 27
1774272314145 52.4 28
1774272324153 53.4 29
1774272334163 52.8 30
1774272344172 49.4 31
1774272354181 61.5 32
1774272364189 51.0 33
1774272374197 55.4 34
1774272384207 45.7 35
1774272394232 53.4 36
1774272404244 55.1 37
1774272414255 53.9 38
1774272424278 68.1 39
1774272434300 57.8 40
1774272444312 61.0 41
1774272454320 50.0 42
1774272464329 50.3 43
1774272474340 69.8 44
1774272484350 72.6 45
1774272494366 50.8 46
1774272504380 52.4 47
1774272514403 58.2 48
1774272524412 40.9 49
1774272534427 53.5 50
1774272544441 50.9 51
1774272554452 55.0 52
1774272564467 56.7 53
1774272574482 46.3 54
1774272584496 55.0 55
1774272594507 47.6 56
1774272604516 70.1 57
1774272614525 77.7 58
1774272624541 50.3 59
1774272634553 51.6 60
1774272644566 58.9 61
1774272654575 50.0 62
1774272664586 46.7 63
1774272674600 45.2 64
1774272684610 46.7 65
1774272694623 53.2 66
1774272704632 50.2 67
1774272714642 53.0 68
1774272724651 43.2 69
1774272734659 53.7 70
1774272744669 49.9 71
1774272754678 51.2 72
1774272764686 51.0 73
1774272774696 67.0 74
1774272784706 45.7 75
1774272794717 53.2 76
1774272804739 59.2 77
1774272814748 53.2 78
1774272824757 54.2 79
1774272834767 56.1 80
1774272844777 51.5 81
1774272854788 69.0 82
1774272864798 51.4 83
1774272874809 52.6 84
1774272884825 51.7 85
