1774219548089 0.700281425891182 0
1774219548698 0.7685272045028143 1
1774219549263 0.7917448405253283 2
1774219549824 0.8085131332082551 3
1774219550393 0.8256332082551595 4
1774219550963 0.8490853658536586 5
1774219551519 0.8698405253283302 6
1774219552072 0.9006801125703565 7
1774219552632 0.9244840525328331 8
1774219553248 0.950750469043152 9
1774219553830 0.9590759849906192 10
1774219554395 0.9678705440900562 11
1774219555009 0.9700984990619137 12
1774219555566 0.974202626641651 13
1774219556125 0.9844043151969981 14
1774219556682 0.9807692307692307 15
1774219557293 0.9846388367729831 16
1774219557922 0.9844043151969981 17
1774219558520 0.9901500938086304 18
1774219559079 0.9901500938086304 19
