1774219548085 38.144464790821075 0
1774219548691 31.7809277176857 1
1774219549256 29.56742125749588 2
1774219549819 27.89083170890808 3
1774219550389 26.040253788232803 4
1774219550959 22.879344567656517 5
1774219551515 20.083295673131943 6
1774219552067 15.737718865275383 7
1774219552627 12.6252551227808 8
1774219553241 8.762978494167328 9
1774219553826 6.965349338948727 10
1774219554388 5.535808376967907 11
1774219555005 4.911396070383489 12
1774219555561 4.186448320746422 13
1774219556121 2.899093672633171 14
1774219556676 3.466587796807289 15
1774219557283 2.7007791064679623 16
1774219557912 2.7110802177339792 17
1774219558513 2.0930473138578236 18
1774219559074 1.8889327752403915 19
